#time	ekin		epot		etot		chain_length
0	11.210660	0.000000	11.210660	22.000000
0.1	7.802518	3.408173	11.210691	22.306749
0.2	2.012894	9.197849	11.210744	22.555806
0.3	1.270280	9.940469	11.210748	22.705977
0.4	6.224158	4.986542	11.210700	22.743830
0.5	10.084323	1.126342	11.210664	22.686220
0.6	7.803311	3.407377	11.210688	22.573506
0.7	2.706643	8.504095	11.210738	22.455907
0.8	1.795465	9.415281	11.210746	22.377653
0.9	6.247400	4.963302	11.210702	22.364124
1	9.940700	1.269967	11.210666	22.415998
1.1	7.821175	3.389512	11.210687	22.511899
1.2	2.690780	8.519955	11.210735	22.618133
1.3	1.339447	9.871299	11.210746	22.701727
1.4	5.420808	5.789899	11.210707	22.742097
1.5	9.394299	1.816371	11.210670	22.737334
1.6	8.092839	3.117846	11.210685	22.703219
1.7	3.530506	7.680223	11.210729	22.665726
1.8	1.899464	9.311278	11.210743	22.650059
1.9	5.134579	6.076130	11.210709	22.670415
2	8.547482	2.663194	11.210676	22.724229
2.1	7.460006	3.750682	11.210688	22.792929
2.2	3.544021	7.666706	11.210727	22.848805
2.3	2.310402	8.900337	11.210739	22.865369
2.4	5.468250	5.742458	11.210708	22.827387
2.5	8.699231	2.511447	11.210678	22.736930
2.6	7.687366	3.523322	11.210689	22.613283
2.7	3.943540	7.267184	11.210725	22.486791
2.8	2.541700	8.669036	11.210736	22.388824
2.9	5.155055	6.055655	11.210709	22.341429
3	8.025748	3.184935	11.210683	22.350186
3.1	7.379904	3.830788	11.210692	22.402645
3.2	4.532355	6.678368	11.210723	22.472689
3.3	3.705595	7.505135	11.210730	22.529103
3.4	5.945024	5.265681	11.210705	22.545311
3.5	7.797370	3.413315	11.210685	22.506946
3.6	6.443159	4.767540	11.210699	22.414882
3.7	3.816131	7.394595	11.210727	22.283073
3.8	3.817004	7.393724	11.210728	22.132373
3.9	6.646644	4.564057	11.210700	21.982889
4	8.409256	2.801427	11.210682	21.847719
4.1	6.622045	4.588656	11.210700	21.730246
4.2	3.795042	7.415687	11.210729	21.625678
4.3	3.900744	7.309983	11.210727	21.525876
4.4	6.674886	4.535811	11.210697	21.425296
4.5	7.918185	3.292497	11.210682	21.325514
4.6	5.540180	5.670525	11.210705	21.236425
4.7	2.787522	8.423213	11.210735	21.173502
4.8	3.828189	7.382539	11.210728	21.152092
4.9	7.680765	3.529927	11.210691	21.180821
5	9.167202	2.043472	11.210674	21.256646
5.1	5.961707	5.248996	11.210703	21.363497
5.2	2.069012	9.141727	11.210739	21.475277
5.3	2.625955	8.584779	11.210734	21.562432
5.4	6.887980	4.322713	11.210693	21.600116
5.5	9.090053	2.120619	11.210672	21.575375
5.6	6.254682	4.956018	11.210700	21.491129
5.7	2.332302	8.878438	11.210739	21.365692
5.8	2.839579	8.371156	11.210735	21.228035
5.9	7.193571	4.017122	11.210692	21.110214
6	9.341839	1.868831	11.210669	21.039210
6.1	6.061028	5.149671	11.210699	21.030461
6.2	1.615472	9.595271	11.210743	21.084742
6.3	2.163701	9.047039	11.210741	21.188979
6.4	7.300880	3.909813	11.210693	21.320472
6.5	10.325702	0.884962	11.210664	21.453089
6.6	7.156872	4.053821	11.210693	21.563685
6.7	1.944226	9.266516	11.210743	21.637123
6.8	1.635341	9.575405	11.210746	21.668840
6.9	6.652583	4.558115	11.210698	21.664698
7	10.262516	0.948147	11.210663	21.638492
7.1	7.610975	3.599713	11.210689	21.608021
7.2	2.299631	8.911109	11.210740	21.590764
7.3	1.577889	9.632859	11.210748	21.600149
7.4	6.554215	4.656487	11.210701	21.643110
7.5	10.620419	0.590243	11.210662	21.719307
7.6	8.277759	2.932925	11.210684	21.822015
7.7	2.537594	8.673143	11.210737	21.940363
7.8	0.951044	10.259708	11.210752	22.062374
7.9	5.581894	5.628815	11.210709	22.178052
8	10.326407	0.884258	11.210665	22.281740
8.1	9.072432	2.138247	11.210679	22.373090
8.2	3.705299	7.505431	11.210730	22.456295
8.3	1.356044	9.854705	11.210749	22.537717
8.4	4.818085	6.392628	11.210713	22.622541
8.5	9.053387	2.157285	11.210672	22.711525
8.6	8.244630	2.966050	11.210681	22.799022
8.7	3.638671	7.572056	11.210727	22.873210
8.8	1.645922	9.564824	11.210746	22.918831
8.9	5.029554	6.181159	11.210714	22.921912
9	9.227068	1.983606	11.210674	22.875129
9.1	8.622333	2.588347	11.210680	22.782041
9.2	4.077509	7.133213	11.210723	22.658533
9.3	1.590160	9.620584	11.210744	22.530533
9.4	4.164387	7.046330	11.210717	22.428182
9.5	8.012885	3.197795	11.210680	22.377901
9.6	7.980743	3.229940	11.210683	22.394622
9.7	4.500407	6.710313	11.210720	22.476675
9.8	2.652177	8.558561	11.210738	22.605139
9.9	4.975586	6.235128	11.210713	22.748202
10	8.086807	3.123875	11.210682	22.869462
10.1	7.571253	3.639434	11.210687	22.937786
10.2	4.138630	7.072091	11.210721	22.935740
10.3	2.536287	8.674450	11.210736	22.863984
10.4	4.935292	6.275420	11.210713	22.740245
10.5	8.044780	3.165904	11.210684	22.593259
10.6	7.789849	3.420840	11.210689	22.453685
10.7	4.859278	6.351441	11.210719	22.344996
10.8	3.469298	7.741434	11.210731	22.277287
10.9	5.344110	5.866600	11.210710	22.245911
11	7.482517	3.728170	11.210687	22.235122
11.1	6.692572	4.518124	11.210696	22.225159
11.2	4.244931	6.965793	11.210723	22.200038
11.3	3.960296	7.250432	11.210729	22.153124
11.4	6.532735	4.677968	11.210703	22.088496
11.5	8.338086	2.872596	11.210682	22.017738
11.6	6.587268	4.623430	11.210698	21.953590
11.7	3.507384	7.703345	11.210729	21.903125
11.8	3.408607	7.802124	11.210731	21.863359
11.9	6.570436	4.640264	11.210700	21.821286
12	8.630823	2.579856	11.210679	21.758620
12.1	6.606638	4.604060	11.210698	21.659651
12.2	3.213747	7.996985	11.210732	21.519237
12.3	3.236087	7.974646	11.210733	21.347717
12.4	6.773111	4.437586	11.210698	21.170443
12.5	8.851336	2.359339	11.210675	21.021574
12.6	6.259728	4.950969	11.210698	20.933851
12.7	2.258154	8.952583	11.210737	20.927742
12.8	2.380740	8.829999	11.210739	21.003781
12.9	6.794225	4.416472	11.210698	21.140984
13	9.754756	1.455913	11.210669	21.302271
13.1	7.239637	3.971055	11.210692	21.445315
13.2	2.502838	8.707898	11.210737	21.535351
13.3	1.820710	9.390033	11.210743	21.555618
13.4	6.004212	5.206489	11.210701	21.511876
13.5	9.239712	1.970957	11.210669	21.429414
13.6	7.007585	4.203105	11.210691	21.343565
13.7	2.362916	8.847822	11.210737	21.287060
13.8	1.875050	9.335695	11.210745	21.278665
13.9	6.576804	4.633897	11.210701	21.317142
14	10.289432	0.921232	11.210664	21.382697
14.1	7.854082	3.356604	11.210685	21.445373
14.2	2.252921	8.957816	11.210738	21.477366
14.3	0.844101	10.366651	11.210751	21.464734
14.4	5.565927	5.644781	11.210708	21.414113
14.5	10.260764	0.949900	11.210664	21.351803
14.6	8.831085	2.379594	11.210679	21.315264
14.7	3.351593	7.859139	11.210732	21.339852
14.8	1.242030	9.968722	11.210752	21.445406
14.9	5.292031	5.918681	11.210712	21.627525
15	9.950785	1.259882	11.210667	21.856848
15.1	8.851613	2.359064	11.210677	22.086936
15.2	3.413313	7.797416	11.210729	22.268382
15.3	0.943139	10.267614	11.210753	22.364549
15.4	4.825874	6.384843	11.210717	22.363691
15.5	9.993814	1.216855	11.210669	22.283319
15.6	9.698071	1.512602	11.210673	22.165265
15.7	4.431782	6.778940	11.210722	22.062944
15.8	1.116760	10.093991	11.210751	22.024943
15.9	3.843752	7.366970	11.210722	22.080217
16	8.649550	2.561127	11.210677	22.229617
16.1	9.105004	2.105671	11.210675	22.446293
16.2	4.908196	6.302520	11.210717	22.684583
16.3	1.950758	9.259987	11.210745	22.894245
16.4	4.124792	7.085929	11.210721	23.035263
16.5	8.179187	3.031493	11.210681	23.088506
16.6	8.419634	2.791044	11.210679	23.059112
16.7	4.545368	6.665349	11.210717	22.972053
16.8	1.910773	9.299969	11.210742	22.861947
16.9	4.099097	7.111623	11.210721	22.761004
17	8.108601	3.102081	11.210683	22.689302
17.1	8.585656	2.625024	11.210680	22.650514
17.2	5.080270	6.130444	11.210714	22.634033
17.3	2.418503	8.792235	11.210738	22.622131
17.4	3.971513	7.239207	11.210720	22.599052
17.5	7.234936	3.975751	11.210687	22.558423
17.6	7.603586	3.607099	11.210685	22.506218
17.7	4.807807	6.402908	11.210715	22.458295
17.8	3.061545	8.149190	11.210734	22.433629
17.9	4.974306	6.236409	11.210715	22.445943
18	7.902931	3.307755	11.210686	22.497024
18.1	7.760733	3.449955	11.210688	22.574298
18.2	4.772930	6.437787	11.210717	22.653651
18.3	3.081645	8.129088	11.210733	22.706566
18.4	4.889248	6.321465	11.210713	22.709045
18.5	7.472950	3.737738	11.210687	22.649232
18.6	7.203622	4.007070	11.210692	22.531105
18.7	4.736581	6.474139	11.210720	22.373057
18.8	3.949313	7.261417	11.210730	22.201977
18.9	6.191333	5.019373	11.210706	22.044960
19	8.175680	3.035003	11.210683	21.921488
19.1	6.689056	4.521639	11.210695	21.838646
19.2	3.456109	7.754618	11.210728	21.790729
19.3	3.017479	8.193256	11.210735	21.763032
19.4	6.318370	4.892334	11.210704	21.738173
19.5	9.053018	2.157659	11.210677	21.702530
19.6	7.429044	3.781648	11.210692	21.650542
19.7	3.529891	7.680838	11.210729	21.585503
19.8	2.648711	8.562027	11.210738	21.516897
19.9	5.997902	5.212803	11.210705	21.455548
20	8.872649	2.338026	11.210674	21.408602
20.1	7.069943	4.140747	11.210690	21.376334
20.2	2.860192	8.350541	11.210732	21.351965
20.3	2.092581	9.118162	11.210742	21.324526
20.4	6.121468	5.089237	11.210705	21.283653
20.5	9.645767	1.564902	11.210669	21.224494
20.6	7.741732	3.468954	11.210685	21.150870
20.7	2.697894	8.512839	11.210733	21.075463
20.8	1.182050	10.028698	11.210748	21.016845
20.9	5.299326	5.911383	11.210709	20.994222
21	9.619595	1.591073	11.210668	21.021541
21.1	8.390218	2.820463	11.210680	21.102762
21.2	3.308669	7.902060	11.210730	21.229755
21.3	1.274424	9.936325	11.210749	21.383432
21.4	5.040477	6.170236	11.210712	21.537789
21.5	9.423391	1.787278	11.210669	21.665760
21.6	8.323210	2.887468	11.210678	21.745330
21.7	3.110669	8.100060	11.210729	21.764444
21.8	0.926077	10.284676	11.210753	21.723597
21.9	5.030145	6.180571	11.210716	21.635665
22	10.222424	0.988243	11.210667	21.523146
22.1	9.652571	1.558101	11.210672	21.413533
22.2	3.985069	7.225655	11.210724	21.333822
22.3	0.596200	10.614555	11.210755	21.305252
22.4	3.815561	7.395163	11.210723	21.339292
22.5	9.249071	1.961602	11.210673	21.435607
22.6	9.731663	1.479007	11.210670	21.582411
22.7	4.863532	6.347186	11.210718	21.759161
22.8	1.375341	9.835411	11.210751	21.941098
22.9	3.982154	7.228571	11.210726	22.104701
23	9.103230	2.107446	11.210676	22.232835
23.1	9.793059	1.417610	11.210670	22.318335
23.2	5.091031	6.119683	11.210714	22.365059
23.3	1.215975	9.994775	11.210749	22.386035
23.4	3.182049	8.028681	11.210730	22.399111
23.5	8.223873	2.986810	11.210682	22.421297
23.6	9.708265	1.502406	11.210671	22.463450
23.7	5.990780	5.219929	11.210708	22.526978
23.8	2.286455	8.924288	11.210742	22.603673
23.9	3.379836	7.830892	11.210728	22.678828
24	7.308964	3.901724	11.210688	22.736705
24.1	8.421592	2.789085	11.210677	22.766515
24.2	5.250768	5.959942	11.210710	22.766821
24.3	2.344534	8.866205	11.210739	22.746674
24.4	3.803348	7.407377	11.210725	22.722841
24.5	7.633677	3.577011	11.210687	22.713875
24.6	8.606203	2.604476	11.210679	22.732943
24.7	5.460406	5.750303	11.210709	22.781971
24.8	2.498296	8.712441	11.210737	22.849343
24.9	3.581214	7.629510	11.210724	22.912319
25	6.967419	4.243272	11.210691	22.943732
25.1	7.975207	3.235476	11.210683	22.920960
25.2	5.498855	5.711855	11.210710	22.834237
25.3	3.285955	7.924777	11.210732	22.691391
25.4	4.457128	6.753591	11.210719	22.517149
25.5	7.158867	4.051823	11.210690	22.346911
25.6	7.390068	3.820619	11.210688	22.216769
25.7	4.808903	6.401812	11.210715	22.152882
25.8	3.213288	7.997444	11.210733	22.163638
25.9	5.062468	6.148247	11.210715	22.237180
26	7.893503	3.317184	11.210687	22.345120
26.1	7.773210	3.437478	11.210688	22.451205
26.2	4.896392	6.314326	11.210717	22.522041
26.3	3.339118	7.871615	11.210733	22.536352
26.4	5.255535	5.955177	11.210712	22.489774
26.5	7.771138	3.439547	11.210685	22.393841
26.6	7.097095	4.113596	11.210691	22.269851
26.7	4.092559	7.118165	11.210723	22.140108
26.8	3.236427	7.974308	11.210735	22.019890
26.9	6.206771	5.003937	11.210708	21.913096
27	9.130104	2.080574	11.210677	21.813080
27.1	7.727909	3.482778	11.210687	21.708110
27.2	3.453635	7.757092	11.210727	21.589099
27.3	1.899499	9.311244	11.210743	21.456320
27.4	5.257634	5.953078	11.210712	21.322150
27.5	9.113061	2.097614	11.210674	21.208421
27.6	8.258947	2.951735	11.210682	21.139032
27.7	3.823017	7.387709	11.210726	21.130455
27.8	1.870519	9.340226	11.210745	21.183759
27.9	5.140416	6.070298	11.210713	21.281466
28	9.148663	2.062009	11.210673	21.390925
28.1	8.193358	3.017322	11.210679	21.473588
28.2	3.256574	7.954153	11.210726	21.497289
28.3	0.929088	10.281662	11.210750	21.447380
28.4	4.549405	6.661312	11.210717	21.332724
28.5	9.505895	1.704776	11.210671	21.184143
28.6	9.259334	1.951339	11.210673	21.045491
28.7	4.128532	7.082190	11.210722	20.960084
28.8	0.943049	10.267703	11.210752	20.956917
28.9	3.895214	7.315509	11.210722	21.041315
29	8.892962	2.317712	11.210674	21.193241
29.1	9.100067	2.110605	11.210672	21.373890
29.2	4.227538	6.983182	11.210719	21.538387
29.3	0.977485	10.233267	11.210752	21.650302
29.4	3.958787	7.251938	11.210725	21.693031
29.5	9.340454	1.870220	11.210674	21.674217
29.6	9.903054	1.307614	11.210667	21.621768
29.7	4.764908	6.445807	11.210715	21.573000
29.8	0.676461	10.534293	11.210754	21.560794
29.9	3.073547	8.137185	11.210732	21.601703
30	8.851266	2.359413	11.210679	21.690244
30.1	10.508313	0.702351	11.210665	21.801371
30.2	6.066576	5.144132	11.210707	21.900252
30.3	1.526774	9.683975	11.210749	21.955838
30.4	2.748502	8.462233	11.210735	21.953354
30.5	7.763858	3.446828	11.210686	21.901170
30.6	9.702487	1.508182	11.210669	21.829486
30.7	6.117238	5.093467	11.210705	21.781068
30.8	2.085590	9.125154	11.210744	21.797114
30.9	3.140587	8.070147	11.210734	21.902985
31	7.806363	3.404325	11.210688	22.098695
31.1	9.753971	1.456699	11.210670	22.357397
31.2	6.399895	4.810807	11.210702	22.632469
31.3	2.234252	8.976488	11.210740	22.870909
31.4	2.611244	8.599489	11.210734	23.028680
31.5	6.656038	4.554656	11.210694	23.083106
31.6	8.787882	2.422794	11.210676	23.038467
31.7	6.412915	4.797787	11.210702	22.923283
31.8	3.165747	8.044987	11.210734	22.780520
31.9	3.569719	7.641009	11.210728	22.654168
32	6.793022	4.417672	11.210694	22.576648
32.1	8.066675	3.144005	11.210680	22.560918
32.2	5.495296	5.715410	11.210706	22.599386
32.3	2.661656	8.549078	11.210734	22.669317
32.4	3.539770	7.670956	11.210726	22.742308
32.5	6.964617	4.246076	11.210693	22.794240
32.6	8.328105	2.882576	11.210681	22.812314
32.7	5.974379	5.236327	11.210706	22.797077
32.8	3.331398	7.879333	11.210731	22.759336
32.9	3.968083	7.242640	11.210723	22.713697
33	6.666670	4.544023	11.210693	22.671550
33.1	7.380377	3.830310	11.210686	22.636297
33.2	5.121229	6.089482	11.210711	22.602555
33.3	3.338493	7.872238	11.210732	22.559419
33.4	4.867549	6.343168	11.210718	22.496271
33.5	7.727079	3.483609	11.210688	22.408675
33.6	7.853118	3.357569	11.210686	22.301909
33.7	4.947808	6.262908	11.210715	22.190636
33.8	3.062421	8.148314	11.210735	22.094711
33.9	4.918141	6.292575	11.210716	22.032582
34	7.950168	3.260518	11.210685	22.014657
34.1	7.824353	3.386333	11.210686	22.039033
34.2	4.629864	6.580854	11.210718	22.091141
34.3	2.937186	8.273551	11.210738	22.147478
34.4	5.376315	5.834400	11.210714	22.182207
34.5	8.679241	2.531439	11.210680	22.174433
34.6	8.017108	3.193575	11.210683	22.113828
34.7	3.880400	7.330322	11.210722	22.002909
34.8	1.811537	9.399208	11.210745	21.855451
34.9	4.927997	6.282720	11.210717	21.691822
35	9.364537	1.846138	11.210675	21.532952
35.1	9.188875	2.021800	11.210675	21.394957
35.2	4.430153	6.780566	11.210719	21.286039
35.3	1.261257	9.949492	11.210748	21.206340
35.4	3.801770	7.408953	11.210723	21.150408
35.5	8.522985	2.687692	11.210677	21.111047
35.6	8.965109	2.245564	11.210673	21.082991
35.7	4.520820	6.689897	11.210717	21.065097
35.8	1.334851	9.875898	11.210749	21.060377
35.9	3.942727	7.267998	11.210725	21.074050
36	8.949145	2.261531	11.210676	21.110497
36.1	9.476092	1.734577	11.210669	21.170316
36.2	4.523574	6.687140	11.210715	21.248590
36.3	0.537216	10.673537	11.210753	21.335000
36.4	2.869346	8.341385	11.210732	21.415782
36.5	8.545362	2.665317	11.210679	21.476968
36.6	10.149394	1.061271	11.210665	21.507966
36.7	5.702493	5.508215	11.210708	21.504516
36.8	1.268837	9.941913	11.210750	21.470247
36.9	2.773830	8.436905	11.210735	21.416461
37	8.054685	3.155998	11.210683	21.360166
37.1	9.847528	1.363137	11.210665	21.320760
37.2	5.651521	5.559185	11.210706	21.315999
37.3	1.141099	10.069651	11.210750	21.358027
37.4	2.526903	8.683835	11.210738	21.450255
37.5	8.171579	3.039107	11.210686	21.585813
37.6	10.735714	0.474949	11.210663	21.748072
37.7	6.935053	4.275646	11.210699	21.913393
37.8	1.825405	9.385340	11.210745	22.055810
37.9	1.995299	9.215443	11.210741	22.152808
38	6.909271	4.301423	11.210694	22.190956
38.1	9.901620	1.309047	11.210667	22.169921
38.2	7.201890	4.008806	11.210696	22.103619
38.3	2.755430	8.455309	11.210739	22.017818
38.4	2.605886	8.604852	11.210738	21.944451
38.5	6.735336	4.475361	11.210697	21.913868
38.6	9.359117	1.851555	11.210672	21.947018
38.7	6.942290	4.268407	11.210696	22.049765
38.8	2.874523	8.336213	11.210735	22.211109
38.9	2.647878	8.562858	11.210736	22.406013
39	6.395920	4.814779	11.210699	22.602175
39.1	8.942744	2.267932	11.210676	22.768823
39.2	6.980905	4.229792	11.210696	22.884883
39.3	3.389559	7.821172	11.210731	22.944003
39.4	3.000115	8.210617	11.210732	22.954848
39.5	5.962969	5.247731	11.210700	22.936640
39.6	7.857455	3.353226	11.210681	22.911471
39.7	6.067190	5.143511	11.210701	22.896066
39.8	3.349566	7.861164	11.210730	22.895882
39.9	3.746563	7.464164	11.210727	22.903632
40	6.788794	4.421902	11.210696	22.902812
40.1	8.175308	3.035373	11.210681	22.874976
40.2	5.873328	5.337376	11.210704	22.808121
40.3	2.993735	8.216997	11.210732	22.703045
40.4	3.434180	7.776546	11.210726	22.575175
40.5	6.473052	4.737644	11.210696	22.450894
40.6	7.892825	3.317858	11.210684	22.359394
40.7	5.951164	5.259542	11.210706	22.322754
40.8	3.721071	7.489659	11.210730	22.347687
40.9	4.546595	6.664126	11.210721	22.422007
41	7.167447	4.043244	11.210692	22.517274
41.1	7.539667	3.671018	11.210685	22.597001
41.2	4.801776	6.408937	11.210713	22.627810
41.3	2.784243	8.426493	11.210736	22.589859
41.4	4.666833	6.543887	11.210720	22.483006
41.5	8.238509	2.972177	11.210686	22.326628
41.6	8.677184	2.533497	11.210680	22.153140
41.7	5.259783	5.950931	11.210713	21.997463
41.8	2.602535	8.608204	11.210740	21.886035
41.9	4.393294	6.817428	11.210722	21.829118
42	8.158732	3.051951	11.210684	21.818913
42.1	8.520937	2.689741	11.210678	21.833929
42.2	4.713536	6.497179	11.210715	21.847790
42.3	1.925454	9.285290	11.210744	21.839130
42.4	4.278789	6.931935	11.210724	21.798895
42.5	8.919047	2.291632	11.210680	21.732422
42.6	9.568915	1.641756	11.210671	21.655660
42.7	5.048067	6.162646	11.210712	21.587184
42.8	1.159761	10.050988	11.210749	21.539241
42.9	3.065759	8.144972	11.210731	21.511517
43	8.274702	2.935980	11.210682	21.490273
43.1	9.841981	1.368686	11.210667	21.453495
43.2	5.667093	5.543614	11.210707	21.380295
43.3	1.366035	9.844713	11.210748	21.261073
43.4	2.721245	8.489489	11.210735	21.104412
43.5	7.838598	3.372086	11.210685	20.937688
43.6	9.674722	1.535944	11.210666	20.800558
43.7	5.608793	5.601912	11.210705	20.733077
43.8	1.099410	10.111339	11.210749	20.762311
43.9	2.367861	8.842878	11.210738	20.892068
44	7.923270	3.287417	11.210686	21.099535
44.1	10.430932	0.779730	11.210662	21.340381
44.2	6.512399	4.698299	11.210699	21.561029
44.3	1.311642	9.899105	11.210747	21.714276
44.4	1.652682	9.558061	11.210743	21.773229
44.5	6.963360	4.247333	11.210693	21.738971
44.6	10.132888	1.077776	11.210664	21.639416
44.7	7.082028	4.128666	11.210695	21.519750
44.8	2.144340	9.066403	11.210743	21.427665
44.9	2.098968	9.111775	11.210743	21.398321
45	7.005681	4.205014	11.210696	21.443999
45.1	10.192120	1.018545	11.210665	21.551748
45.2	7.301802	3.908889	11.210692	21.689581
45.3	2.148556	9.062184	11.210740	21.818818
45.4	1.572042	9.638704	11.210746	21.908161
45.5	6.329576	4.881126	11.210702	21.944562
45.6	10.219550	0.991117	11.210667	21.937191
45.7	8.394839	2.815848	11.210687	21.913277
45.8	3.591783	7.618949	11.210732	21.907484
45.9	2.140835	9.069907	11.210742	21.948708
46	5.487111	5.723595	11.210706	22.049030
46.1	8.660602	2.550074	11.210676	22.198731
46.2	7.351924	3.858767	11.210691	22.369111
46.3	3.669298	7.541430	11.210729	22.522096
46.4	2.900790	8.309946	11.210736	22.623257
46.5	6.102574	5.108130	11.210704	22.653732
46.6	8.783976	2.426702	11.210678	22.616958
46.7	7.244649	3.966044	11.210693	22.537943
46.8	3.617400	7.593328	11.210728	22.455388
46.9	2.765075	8.445659	11.210734	22.409354
47	5.572680	5.638024	11.210705	22.428587
47.1	7.950763	3.259919	11.210682	22.521638
47.2	6.686509	4.524187	11.210696	22.674486
47.3	3.812121	7.398606	11.210726	22.855181
47.4	3.506615	7.704114	11.210729	23.023676
47.5	6.115759	5.094942	11.210701	23.143484
47.6	7.765154	3.445529	11.210683	23.191395
47.7	5.985890	5.224811	11.210701	23.162411
47.8	3.281142	7.929587	11.210729	23.068835
47.9	3.567997	7.642730	11.210727	22.934443
48	6.570652	4.640046	11.210698	22.786191
48.1	8.150294	3.060388	11.210682	22.646455
48.2	6.138719	5.071984	11.210703	22.528258
48.3	3.414258	7.796472	11.210730	22.434603
48.4	3.824162	7.386564	11.210726	22.361446
48.5	6.706398	4.504297	11.210695	22.302534
48.6	7.827659	3.383024	11.210683	22.253887
48.7	5.490362	5.720345	11.210707	22.216064
48.8	3.112084	8.098650	11.210734	22.193424
48.9	4.422592	6.788132	11.210724	22.190923
49	7.946294	3.264394	11.210689	22.209983
49.1	8.752352	2.458325	11.210678	22.245348
49.2	5.357974	5.852735	11.210709	22.284436
49.3	2.152681	9.058060	11.210741	22.309700
49.4	3.601011	7.609718	11.210729	22.303353
49.5	7.978201	3.232486	11.210687	22.252851
49.6	9.448527	1.762146	11.210673	22.155227
49.7	5.974764	5.235942	11.210706	22.018733
49.8	2.265454	8.945289	11.210743	21.861141
49.9	3.457758	7.752973	11.210732	21.705205
50	7.981489	3.229197	11.210687	21.572691
50.1	9.501816	1.708853	11.210669	21.478826
50.2	5.579374	5.631331	11.210705	21.428785
50.3	1.278487	9.932260	11.210747	21.417138
50.4	2.526474	8.684264	11.210738	21.430208
50.5	7.994185	3.216503	11.210688	21.450413
50.6	10.592091	0.618572	11.210663	21.461173
50.7	6.840276	4.370421	11.210697	21.450964
50.8	1.590242	9.620504	11.210745	21.415505
50.9	1.631449	9.579295	11.210743	21.357768
51	6.666081	4.544613	11.210694	21.286155
51.1	9.780931	1.429733	11.210664	21.211657
51.2	6.798776	4.411918	11.210694	21.144916
51.3	1.893917	9.316826	11.210743	21.093998
51.4	1.880739	9.330004	11.210744	21.063273
51.5	6.908907	4.301789	11.210696	21.053455
51.6	10.190277	1.020386	11.210663	21.062537
51.7	7.173062	4.037628	11.210691	21.087194
51.8	1.768345	9.442397	11.210742	21.124234
51.9	1.176425	10.034323	11.210748	21.171726
52	6.245028	4.965672	11.210701	21.229551
52.1	10.325022	0.885641	11.210663	21.299237
52.2	8.141201	3.069485	11.210685	21.383043
52.3	2.753312	8.457424	11.210736	21.482455
52.4	1.343049	9.867699	11.210748	21.596398
52.5	5.613723	5.596984	11.210706	21.719712
52.6	9.692306	1.518362	11.210668	21.842498
52.7	8.163850	3.046834	11.210684	21.950884
52.8	3.280421	7.930311	11.210732	22.029455
52.9	1.740582	9.470164	11.210746	22.065068
53	5.610696	5.600013	11.210709	22.051206
53.1	9.674797	1.535874	11.210671	21.991585
53.2	8.572412	2.638271	11.210683	21.901648
53.3	3.908808	7.301918	11.210727	21.806944
53.4	1.872298	9.338446	11.210744	21.738235
53.5	4.889362	6.321351	11.210713	21.724213
53.6	8.659847	2.550831	11.210678	21.783652
53.7	8.249254	2.961432	11.210685	21.919309
53.8	4.644001	6.566721	11.210722	22.115663
53.9	2.980725	8.230012	11.210737	22.341602
54	5.309575	5.901135	11.210710	22.557747
54.1	8.000245	3.210437	11.210682	22.726588
54.2	7.092185	4.118506	11.210691	22.822564
54.3	3.865461	7.345263	11.210724	22.839035
54.4	2.911346	8.299388	11.210734	22.789905
54.5	5.620853	5.589854	11.210707	22.705228
54.6	8.276861	2.933821	11.210682	22.622042
54.7	7.294156	3.916536	11.210693	22.573231
54.8	4.150463	7.060261	11.210723	22.577892
54.9	3.164075	8.046656	11.210731	22.636275
55	5.408416	5.802290	11.210706	22.730843
55.1	7.374035	3.836650	11.210685	22.832993
55.2	6.138422	5.072277	11.210698	22.913074
55.3	3.586970	7.623757	11.210727	22.950250
55.4	3.657749	7.552979	11.210728	22.938819
55.5	6.563793	4.646906	11.210700	22.888888
55.6	8.305130	2.905551	11.210681	22.821317
55.7	6.297255	4.913444	11.210700	22.758879
55.8	3.170667	8.040064	11.210731	22.716964
55.9	3.227677	7.983053	11.210730	22.697316
56	6.405235	4.805463	11.210699	22.687182
56.1	8.279093	2.931587	11.210680	22.664309
56.2	6.258210	4.952491	11.210701	22.605989
56.3	3.305138	7.905595	11.210733	22.498877
56.4	3.804801	7.405928	11.210729	22.345854
56.5	7.248772	3.961922	11.210694	22.167235
56.6	8.723613	2.487063	11.210676	21.995596
56.7	5.810139	5.400565	11.210703	21.865779
56.8	2.304492	8.906247	11.210739	21.803463
56.9	3.238445	7.972289	11.210734	21.816267
57	7.782538	3.428153	11.210691	21.890576
57.1	9.972228	1.238441	11.210669	21.995305
57.2	6.687906	4.522792	11.210699	22.091402
57.3	2.118889	9.091853	11.210742	22.143888
57.4	2.343430	8.867310	11.210740	22.132308
57.5	7.101264	4.109430	11.210695	22.056073
57.6	9.978237	1.232430	11.210666	21.932968
57.7	7.010954	4.199741	11.210694	21.791575
57.8	2.152368	9.058373	11.210742	21.660482
57.9	2.036107	9.174637	11.210744	21.558294
58	6.950280	4.260416	11.210697	21.488073
58.1	10.276879	0.933784	11.210663	21.438142
58.2	7.351123	3.859566	11.210690	21.388807
58.3	1.865020	9.345721	11.210741	21.322264
58.4	1.063493	10.147256	11.210749	21.231761
58.5	6.059080	5.151622	11.210702	21.126307
58.6	10.284077	0.926586	11.210663	21.028856
58.7	8.228110	2.982574	11.210684	20.968380
58.8	2.753687	8.457049	11.210736	20.968599
58.9	1.173761	10.036988	11.210749	21.037558
59	5.411498	5.799209	11.210707	21.162131
59.1	9.510963	1.699704	11.210666	21.309909
59.2	7.797755	3.412928	11.210683	21.438309
59.3	2.601960	8.608775	11.210734	21.508143
59.4	1.097401	10.113350	11.210750	21.497086
59.5	5.558832	5.651877	11.210709	21.408352
59.6	10.216679	0.993987	11.210666	21.271336
59.7	8.945689	2.264989	11.210678	21.133640
59.8	3.425246	7.785483	11.210729	21.046848
59.9	0.852738	10.358013	11.210751	21.050556
60	4.386634	6.824083	11.210716	21.159882
60.1	9.144145	2.066527	11.210672	21.360521
60.2	8.919492	2.291186	11.210677	21.613000
60.3	4.397921	6.812801	11.210723	21.864687
60.4	1.917134	9.293612	11.210746	22.065617
60.5	4.767075	6.443642	11.210717	22.182993
60.6	8.909606	2.301071	11.210677	22.209753
60.7	8.680560	2.530120	11.210680	22.164691
60.8	4.471118	6.739602	11.210720	22.084473
60.9	2.010514	9.200229	11.210743	22.010567
61	4.515560	6.695158	11.210718	21.975648
61.1	8.503101	2.707580	11.210681	21.994048
61.2	8.723389	2.487292	11.210681	22.059187
61.3	5.198605	6.012111	11.210716	22.148448
61.4	2.838261	8.372477	11.210737	22.233331
61.5	4.552290	6.658426	11.210717	22.291042
61.6	7.514740	3.695946	11.210686	22.313297
61.7	7.459139	3.751549	11.210688	22.309306
61.8	4.676542	6.534177	11.210718	22.302067
61.9	3.348033	7.862700	11.210732	22.319468
62	5.433105	5.777606	11.210711	22.383511
62.1	7.889318	3.321366	11.210684	22.501515
62.2	7.078164	4.132527	11.210692	22.662383
62.3	3.999823	7.210899	11.210722	22.839151
62.4	2.912030	8.298703	11.210733	22.996896
62.5	5.314758	5.895951	11.210709	23.103240
62.6	7.833200	3.377484	11.210684	23.137940
62.7	6.989541	4.221152	11.210693	23.098500
62.8	4.097498	7.113225	11.210723	23.000174
62.9	3.341956	7.868774	11.210731	22.870680
63	5.771598	5.439107	11.210705	22.741604
63.1	7.768681	3.442001	11.210683	22.639440
63.2	6.248370	4.962327	11.210697	22.579052
63.3	3.226288	7.984440	11.210729	22.561307
63.4	3.129907	8.080825	11.210733	22.575127
63.5	6.471120	4.739581	11.210701	22.602709
63.6	8.851643	2.359035	11.210677	22.625795
63.7	6.965291	4.245405	11.210695	22.630810
63.8	3.325790	7.884941	11.210731	22.611384
63.9	2.942012	8.268723	11.210735	22.567922
64	6.344485	4.866216	11.210701	22.504981
64.1	8.707955	2.502720	11.210675	22.427954
64.2	6.545075	4.665621	11.210696	22.340560
64.3	2.776082	8.434653	11.210735	22.244128
64.4	2.896276	8.314462	11.210738	22.138774
64.5	7.242854	3.967844	11.210698	22.025693
64.6	10.113625	1.097043	11.210668	21.909353
64.7	7.364396	3.846295	11.210691	21.798389
64.8	2.298699	8.912040	11.210738	21.704556
64.9	1.561420	9.649326	11.210746	21.639895
65	6.246189	4.964514	11.210703	21.612995
65.1	10.232437	0.978228	11.210666	21.625643
65.2	8.256911	2.953774	11.210684	21.671082
65.3	2.992763	8.217972	11.210735	21.734565
65.4	1.510688	9.700060	11.210749	21.796188
65.5	5.755825	5.454882	11.210707	21.835241
65.6	9.881524	1.329142	11.210666	21.834884
65.7	8.139777	3.070905	11.210682	21.785917
65.8	2.728447	8.482286	11.210733	21.688728
65.9	0.929252	10.281500	11.210752	21.553041
66	5.293877	5.916834	11.210711	21.395717
66.1	10.104523	1.106142	11.210666	21.237252
66.2	8.959089	2.251587	11.210676	21.097846
66.3	3.334060	7.876668	11.210729	20.993872
66.4	0.617636	10.593117	11.210753	20.935331
66.5	4.258566	6.952151	11.210717	20.924658
66.6	9.254990	1.955680	11.210670	20.956909
66.7	8.964367	2.246307	11.210675	21.021238
66.8	3.983602	7.227121	11.210723	21.103346
66.9	1.179859	10.030892	11.210750	21.188497
67	4.328133	6.882586	11.210719	21.264538
67.1	9.068606	2.142067	11.210673	21.324323
67.2	8.908656	2.302019	11.210674	21.366936
67.3	4.035751	7.174970	11.210721	21.397322
67.4	1.034250	10.176500	11.210750	21.424303
67.5	3.997608	7.213115	11.210723	21.457429
67.6	9.076986	2.133690	11.210676	21.503535
67.7	9.698849	1.511824	11.210672	21.564125
67.8	5.276276	5.934438	11.210715	21.634556
67.9	1.754016	9.456730	11.210746	21.705501
68	3.537006	7.673720	11.210725	21.766406
68.1	7.826892	3.383792	11.210684	21.809885
68.2	8.764222	2.446455	11.210677	21.835483
68.3	5.398710	5.812002	11.210713	21.851259
68.4	2.659966	8.550774	11.210740	21.872240
68.5	4.371982	6.838741	11.210722	21.915838
68.6	8.100622	3.110063	11.210686	21.995474
68.7	8.716992	2.493688	11.210680	22.114505
68.8	5.465524	5.745188	11.210712	22.262747
68.9	2.795699	8.415037	11.210736	22.417242
69	4.109506	7.101215	11.210721	22.547623
69.1	7.257205	3.953484	11.210689	22.624847
69.2	7.829623	3.381062	11.210686	22.630722
69.3	5.337407	5.873307	11.210714	22.565121
69.4	3.610360	7.600371	11.210731	22.448232
69.5	5.129929	6.080785	11.210714	22.316620
69.6	7.501232	3.709455	11.210687	22.213858
69.7	7.021445	4.189246	11.210690	22.178326
69.8	4.132141	7.078578	11.210720	22.231868
69.9	2.900637	8.310096	11.210733	22.372912
70	5.221941	5.988770	11.210711	22.576377
70.1	8.000397	3.210287	11.210684	22.800549
70.2	7.407143	3.803546	11.210690	22.998872
70.3	4.269207	6.941514	11.210721	23.132990
70.4	2.946860	8.263873	11.210734	23.182935
70.5	5.202897	6.007812	11.210710	23.151305
70.6	7.706621	3.504062	11.210683	23.060308
70.7	6.775918	4.434774	11.210692	22.942889
70.8	3.704085	7.506640	11.210725	22.831152
70.9	3.035762	8.174972	11.210734	22.746082
71	6.053534	5.157171	11.210705	22.692044
71.1	8.688491	2.522187	11.210678	22.657719
71.2	7.076407	4.134284	11.210691	22.622816
71.3	3.158982	8.051747	11.210730	22.567848
71.4	2.310191	8.900549	11.210740	22.483149
71.5	5.942349	5.268357	11.210706	22.373691
71.6	9.304880	1.905793	11.210673	22.257837
71.7	7.824061	3.386626	11.210687	22.160473
71.8	3.466517	7.744213	11.210730	22.103090
71.9	2.228072	8.982672	11.210743	22.094603
72	5.915168	5.295539	11.210707	22.126484
72.1	9.473790	1.736880	11.210671	22.174271
72.2	7.801012	3.409673	11.210685	22.205168
72.3	2.911503	8.299230	11.210732	22.189192
72.4	1.494055	9.716694	11.210749	22.109938
72.5	5.851173	5.359537	11.210710	21.971051
72.6	10.479012	0.731654	11.210666	21.795939
72.7	9.211183	1.999494	11.210677	21.620650
72.8	3.524253	7.686476	11.210729	21.482272
72.9	0.749845	10.460908	11.210753	21.406830
73	4.390005	6.820713	11.210718	21.400899
73.1	9.463635	1.747034	11.210670	21.449859
73.2	9.184418	2.026255	11.210673	21.523354
73.3	4.043802	7.166921	11.210723	21.586001
73.4	1.087225	10.123528	11.210752	21.609492
73.5	4.362296	6.848425	11.210721	21.581803
73.6	9.428851	1.781820	11.210671	21.510254
73.7	9.345907	1.864764	11.210671	21.417449
73.8	4.058564	7.152156	11.210720	21.331718
73.9	0.521649	10.689105	11.210753	21.275690
74	3.397519	7.813207	11.210726	21.257329
74.1	8.849311	2.361364	11.210675	21.266857
74.2	9.724123	1.486545	11.210669	21.280835
74.3	5.077464	6.133250	11.210714	21.271962
74.4	1.260348	9.950401	11.210749	21.221028
74.5	3.274298	7.936430	11.210728	21.126502
74.6	8.149874	3.060806	11.210680	21.007971
74.7	9.165817	2.044854	11.210671	20.901798
74.8	5.005143	6.205569	11.210712	20.850095
74.9	1.434159	9.776589	11.210747	20.886602
75	3.394525	7.816204	11.210729	21.024281
75.1	8.334968	2.875715	11.210683	21.249007
75.2	9.723704	1.486966	11.210670	21.521784
75.3	5.823396	5.387312	11.210708	21.789066
75.4	1.874527	9.336217	11.210744	21.998019
75.5	2.965469	8.245262	11.210731	22.111884
75.6	7.379592	3.831097	11.210689	22.120516
75.7	9.221012	1.989662	11.210675	22.042778
75.8	6.401320	4.809385	11.210705	21.920122
75.9	3.102475	8.108261	11.210736	21.803559
76	3.748874	7.461853	11.210727	21.738300
76.1	7.061933	4.148759	11.210692	21.750966
76.2	8.209379	3.001303	11.210681	21.843238
76.3	5.675920	5.534788	11.210708	21.993591
76.4	3.206031	8.004703	11.210734	22.166043
76.5	4.363190	6.847532	11.210722	22.322637
76.6	7.532176	3.678514	11.210691	22.435363
76.7	8.296857	2.913827	11.210684	22.493697
76.8	5.657588	5.553122	11.210710	22.505646
76.9	3.309815	7.900917	11.210732	22.492523
77	4.339473	6.871246	11.210719	22.479780
77.1	6.949055	4.261636	11.210691	22.487377
77.2	7.205086	4.005602	11.210688	22.523102
77.3	4.763270	6.447445	11.210715	22.580933
77.4	3.344862	7.865870	11.210732	22.644671
77.5	5.281931	5.928782	11.210714	22.695142
77.6	7.973113	3.237571	11.210685	22.718136
77.7	7.450323	3.760365	11.210688	22.710150
77.8	4.111572	7.099147	11.210719	22.679933
77.9	2.411592	8.799144	11.210736	22.645421
78	4.719845	6.490869	11.210714	22.627327
78.1	7.907172	3.303511	11.210683	22.641728
78.2	7.603665	3.607021	11.210686	22.694237
78.3	4.315612	6.895109	11.210720	22.777692
78.4	2.783606	8.427131	11.210737	22.873983
78.5	5.307757	5.902955	11.210712	22.959214
78.6	8.356505	2.854175	11.210679	23.010392
78.7	7.413602	3.797085	11.210686	23.011441
78.8	3.474656	7.736069	11.210725	22.956794
78.9	1.987700	9.223042	11.210743	22.851758
79	5.363525	5.847187	11.210712	22.709959
79.1	9.346870	1.863804	11.210674	22.549077
79.2	8.570409	2.640272	11.210680	22.386415
79.3	3.949843	7.260881	11.210725	22.235659
79.4	1.683311	9.527436	11.210747	22.105490
79.5	4.904190	6.306526	11.210716	21.999971
79.6	9.279753	1.930921	11.210673	21.919998
79.7	8.773198	2.437478	11.210677	21.864854
79.8	3.934984	7.275740	11.210724	21.833116
79.9	1.358773	9.851978	11.210751	21.822606
80	4.776493	6.434226	11.210719	21.829645
80.1	9.792220	1.418451	11.210671	21.848195
80.2	9.602906	1.607765	11.210671	21.869589
80.3	4.203110	7.007611	11.210721	21.883265
80.4	0.618252	10.592503	11.210755	21.878527
80.5	3.632772	7.577955	11.210727	21.846876
80.6	9.354629	1.856045	11.210674	21.784237
80.7	10.310940	0.899725	11.210666	21.692374
80.8	5.334500	5.876212	11.210713	21.579028
80.9	1.035652	10.175100	11.210752	21.456700
81	2.930738	8.279993	11.210731	21.340380
81.1	8.159941	3.050739	11.210680	21.244744
81.2	9.509706	1.700961	11.210668	21.181418
81.3	5.199725	6.010986	11.210710	21.156827
81.4	1.207525	10.003224	11.210750	21.170945
81.5	3.083274	8.127459	11.210732	21.217105
81.6	8.398479	2.812203	11.210682	21.282885
81.7	10.017516	1.193150	11.210666	21.352017
81.8	5.706855	5.503851	11.210706	21.407143
81.9	1.109519	10.101229	11.210748	21.433116
82	2.168585	9.042152	11.210737	21.420352
82.1	7.279149	3.931539	11.210688	21.367527
82.2	9.632770	1.577898	11.210668	21.282876
82.3	6.381867	4.828834	11.210702	21.183443
82.4	2.229473	8.981269	11.210742	21.092088
82.5	2.838885	8.371850	11.210735	21.032633
82.6	7.208555	4.002136	11.210691	21.024193
82.7	9.261555	1.949116	11.210672	21.076183
82.8	6.214816	4.995886	11.210701	21.185516
82.9	2.259289	8.951451	11.210740	21.337055
83	2.745512	8.465223	11.210734	21.507454
83.1	6.988423	4.222272	11.210695	21.671462
83.2	9.387086	1.823589	11.210674	21.808868
83.3	7.040282	4.170417	11.210699	21.909897
83.4	3.399260	7.811473	11.210733	21.977258
83.5	3.278756	7.931975	11.210731	22.024031
83.6	6.381926	4.828772	11.210698	22.067999
83.7	8.129006	3.081675	11.210682	22.124309
83.8	6.225682	4.985021	11.210703	22.199041
83.9	3.669210	7.541520	11.210730	22.286109
84	4.240808	6.969916	11.210724	22.368833
84.1	7.100499	4.110195	11.210694	22.425933
84.2	8.096468	3.114216	11.210684	22.440006
84.3	5.752147	5.458561	11.210708	22.405524
84.4	3.357695	7.853037	11.210732	22.333310
84.5	4.254824	6.955898	11.210722	22.249482
84.6	7.084449	4.126243	11.210692	22.188716
84.7	7.758993	3.451693	11.210685	22.183675
84.8	5.321721	5.888990	11.210711	22.253957
84.9	3.315043	7.895690	11.210732	22.398346
85	4.670525	6.540193	11.210718	22.593230
85.1	7.408914	3.801774	11.210688	22.798151
85.2	7.390085	3.820601	11.210686	22.967045
85.3	4.329981	6.880735	11.210716	23.061786
85.4	2.471031	8.739706	11.210737	23.063710
85.5	4.693415	6.517302	11.210718	22.979359
85.6	8.244963	2.965720	11.210683	22.838473
85.7	8.297191	2.913490	11.210681	22.684827
85.8	4.634366	6.576351	11.210716	22.562816
85.9	2.141344	9.069396	11.210740	22.504157
86	4.166624	7.044096	11.210720	22.518948
86.1	7.845206	3.365477	11.210683	22.593886
86.2	8.003789	3.206892	11.210681	22.697954
86.3	4.407923	6.802795	11.210718	22.793417
86.4	2.241573	8.969170	11.210742	22.848211
86.5	4.905618	6.305100	11.210719	22.845477
86.6	9.021172	2.189506	11.210677	22.787150
86.7	8.812200	2.398476	11.210676	22.690710
86.8	4.144072	7.066647	11.210719	22.580677
86.9	1.104334	10.106416	11.210750	22.478293
87	3.939531	7.271194	11.210725	22.393353
87.1	9.135624	2.075052	11.210676	22.321281
87.2	9.893449	1.317220	11.210669	22.246432
87.3	5.229476	5.981238	11.210714	22.150253
87.4	1.409732	9.801018	11.210751	22.021014
87.5	3.579642	7.631088	11.210730	21.861183
87.6	8.778398	2.432280	11.210679	21.689361
87.7	9.862155	1.348512	11.210667	21.535686
87.8	5.181146	6.029565	11.210711	21.432116
87.9	0.946345	10.264407	11.210752	21.400975
88	2.954546	8.256189	11.210735	21.445947
88.1	8.728397	2.482284	11.210681	21.548970
88.2	10.699703	0.510960	11.210662	21.674461
88.3	6.258188	4.952516	11.210704	21.779691
88.4	1.220955	9.989795	11.210750	21.827916
88.5	2.081500	9.129240	11.210740	21.799816
88.6	7.436939	3.773749	11.210688	21.699285
88.7	10.024607	1.186057	11.210664	21.551585
88.8	6.500966	4.709734	11.210699	21.394494
88.9	1.782795	9.427950	11.210745	21.265537
89	2.251789	8.958951	11.210739	21.189749
89.1	7.142498	4.068194	11.210691	21.172207
89.2	9.711003	1.499663	11.210666	21.197827
89.3	6.439642	4.771056	11.210698	21.238360
89.4	1.754221	9.456521	11.210743	21.263918
89.5	1.976025	9.234716	11.210741	21.254785
89.6	6.813246	4.397449	11.210695	21.209177
89.7	9.850753	1.359915	11.210667	21.144118
89.8	7.198155	4.012539	11.210694	21.089074
89.9	2.551382	8.659356	11.210737	21.074667
90	2.027510	9.183229	11.210740	21.120553
90.1	5.995445	5.215255	11.210700	21.226949
90.2	8.897848	2.312825	11.210673	21.373000
90.3	6.972348	4.238347	11.210695	21.522802
90.4	3.198161	8.012572	11.210733	21.637161
90.5	2.939925	8.270810	11.210735	21.687118
90.6	6.548563	4.662137	11.210700	21.664562
90.7	9.048186	2.162490	11.210676	21.586206
90.8	7.067021	4.143675	11.210696	21.489388
90.9	3.350123	7.860608	11.210731	21.420956
91	2.837480	8.373253	11.210734	21.422774
91.1	5.964812	5.245891	11.210702	21.518539
91.2	8.369579	2.841102	11.210681	21.706139
91.3	7.065898	4.144800	11.210698	21.957909
91.4	4.336892	6.873834	11.210726	22.228596
91.5	4.153577	7.057149	11.210726	22.468354
91.6	6.490403	4.720296	11.210699	22.636610
91.7	7.597945	3.612740	11.210686	22.712533
91.8	5.620981	5.589725	11.210706	22.699134
91.9	3.376275	7.834456	11.210730	22.620216
92	4.285954	6.924770	11.210723	22.511656
92.1	7.321189	3.889504	11.210693	22.410197
92.2	8.285594	2.925088	11.210683	22.343423
92.3	5.738445	5.472263	11.210708	22.323860
92.4	3.144101	8.066632	11.210733	22.348517
92.5	4.061570	7.149154	11.210723	22.403288
92.6	7.084301	4.126390	11.210691	22.470065
92.7	7.764205	3.446477	11.210683	22.533807
92.8	4.952911	6.257800	11.210711	22.587103
92.9	2.597708	8.613029	11.210737	22.630996
93	4.248670	6.962052	11.210722	22.672256
93.1	7.870833	3.339853	11.210686	22.718598
93.2	8.420147	2.790531	11.210679	22.773914
93.3	4.874641	6.336071	11.210712	22.835416
93.4	1.926867	9.283874	11.210741	22.893696
93.5	3.685289	7.525437	11.210726	22.935549
93.6	7.905728	3.304957	11.210685	22.948414
93.7	8.872815	2.337860	11.210675	22.924729
93.8	5.226763	5.983948	11.210711	22.864666
93.9	1.977117	9.233627	11.210743	22.776344
94	3.700021	7.510706	11.210727	22.673576
94.1	8.124615	3.086068	11.210683	22.572004
94.2	9.077893	2.132779	11.210672	22.484963
94.3	5.007502	6.203209	11.210711	22.420339
94.4	1.392722	9.818026	11.210748	22.379239
94.5	3.436797	7.773935	11.210732	22.356603
94.6	8.799016	2.411666	11.210682	22.343282
94.7	10.428387	0.782278	11.210665	22.328727
94.8	5.985203	5.225502	11.210705	22.303449
94.9	1.178538	10.032211	11.210750	22.260667
95	2.300032	8.910707	11.210739	22.196974
95.1	7.824653	3.386034	11.210687	22.112234
95.2	10.404518	0.806145	11.210663	22.009044
95.3	6.686924	4.523776	11.210700	21.892144
95.4	1.791754	9.418993	11.210747	21.767913
95.5	2.393033	8.817708	11.210741	21.643921
95.6	7.696148	3.514542	11.210690	21.528397
95.7	10.479097	0.731565	11.210662	21.429458
95.8	6.824188	4.386508	11.210696	21.354120
95.9	1.445314	9.765432	11.210746	21.307237
96	1.433005	9.777741	11.210746	21.290662
96.1	6.811346	4.399350	11.210696	21.302840
96.2	10.543905	0.666758	11.210663	21.338969
96.3	7.895368	3.315321	11.210689	21.391626
96.4	2.572067	8.638671	11.210739	21.451640
96.5	1.561076	9.649670	11.210745	21.508983
96.6	5.805384	5.405318	11.210702	21.553561
96.7	9.232031	1.978637	11.210669	21.575959
96.8	7.170906	4.039784	11.210690	21.568351
96.9	2.605657	8.605079	11.210736	21.525742
97	1.916839	9.293904	11.210743	21.447535
97.1	6.126771	5.083931	11.210702	21.339075
97.2	9.572248	1.638421	11.210670	21.212537
97.3	7.640748	3.569940	11.210688	21.086428
97.4	2.951523	8.259209	11.210732	20.983205
97.5	1.707081	9.503662	11.210743	20.925051
97.6	5.363681	5.847026	11.210707	20.928581
97.7	8.901449	2.309226	11.210674	20.999853
97.8	7.764460	3.446228	11.210688	21.131352
97.9	3.853423	7.357305	11.210727	21.302269
98	2.607843	8.602895	11.210738	21.482581
98.1	5.517205	5.693503	11.210707	21.640226
98.2	8.358826	2.851854	11.210680	21.749555
98.3	7.256983	3.953709	11.210692	21.798583
98.4	3.959238	7.251488	11.210726	21.792660
98.5	3.171990	8.038743	11.210733	21.753155
98.6	5.952571	5.258134	11.210705	21.711235
98.7	8.398435	2.812246	11.210682	21.698458
98.8	7.223457	3.987238	11.210695	21.737056
98.9	4.247946	6.962779	11.210725	21.833039
99	3.628070	7.582659	11.210729	21.974446
99.1	5.964249	5.246454	11.210703	22.135454
99.2	7.653134	3.557551	11.210685	22.285050
99.3	6.228086	4.982616	11.210701	22.397426
99.4	3.927164	7.283564	11.210728	22.460516
99.5	4.367767	6.842957	11.210725	22.479715
99.6	7.144417	4.066279	11.210696	22.475368
99.7	8.213895	2.996787	11.210682	22.474831
99.8	5.686411	5.524294	11.210705	22.501829
99.9	2.780644	8.430090	11.210734	22.566912
100	3.515254	7.695474	11.210728	22.662528
100.1	7.014435	4.196258	11.210694	22.764695
100.2	8.525686	2.684993	11.210679	22.840977
100.3	5.968036	5.242669	11.210704	22.862155
100.4	2.916233	8.294503	11.210735	22.813604
100.5	3.676022	7.534705	11.210728	22.702268
100.6	7.178115	4.032576	11.210691	22.556554
100.7	8.322681	2.887996	11.210677	22.418808
100.8	5.144977	6.065729	11.210707	22.332618
100.9	1.848675	9.362066	11.210741	22.329031
101	3.196295	8.014436	11.210731	22.416254
101.1	7.775952	3.434737	11.210688	22.576341
101.2	9.584617	1.626053	11.210670	22.770042
101.3	6.106289	5.104414	11.210703	22.948310
101.4	1.911292	9.299451	11.210743	23.066686
101.5	2.617276	8.593460	11.210736	23.097905
101.6	7.239113	3.971577	11.210691	23.038686
101.7	9.430007	1.780662	11.210669	22.908719
101.8	6.130934	5.079767	11.210701	22.742536
101.9	1.879578	9.331166	11.210744	22.577332
102	2.715312	8.495427	11.210738	22.441064
102.1	7.816797	3.393893	11.210690	22.344883
102.2	10.358908	0.851756	11.210664	22.282226
102.3	6.695152	4.515545	11.210697	22.234432
102.4	1.501722	9.709024	11.210746	22.180383
102.5	1.718199	9.492547	11.210746	22.106263
102.6	7.236603	3.974091	11.210695	22.011658
102.7	10.887013	0.323647	11.210661	21.909679
102.8	7.902450	3.308239	11.210689	21.821157
102.9	2.256448	8.954293	11.210742	21.765260
103	1.365200	9.845549	11.210749	21.750312
103.1	6.230245	4.980456	11.210701	21.768550
103.2	10.207001	1.003662	11.210664	21.797151
103.3	7.980474	3.230212	11.210686	21.805466
103.4	2.648160	8.562578	11.210737	21.766041
103.5	1.450380	9.760368	11.210749	21.665457
103.6	5.998907	5.211798	11.210705	21.510904
103.7	10.164431	1.046234	11.210665	21.329824
103.8	8.356106	2.854576	11.210683	21.162372
103.9	2.969202	8.241531	11.210733	21.049008
104	1.067396	10.143352	11.210749	21.017356
104.1	4.937499	6.273212	11.210711	21.072835
104.2	9.236727	1.973944	11.210671	21.196341
104.3	8.340977	2.869705	11.210682	21.349889
104.4	3.787137	7.423590	11.210727	21.488383
104.5	1.883304	9.327440	11.210744	21.573593
104.6	5.038057	6.172654	11.210711	21.585649
104.7	8.671522	2.539153	11.210675	21.528274
104.8	7.680815	3.529869	11.210685	21.426124
104.9	3.424751	7.785975	11.210726	21.315360
105	1.756732	9.454010	11.210743	21.230869
105.1	5.004643	6.206069	11.210712	21.194631
105.2	8.895152	2.315525	11.210677	21.209233
105.3	8.424705	2.785979	11.210683	21.258637
105.4	4.498461	6.712260	11.210721	21.315720
105.5	2.418968	8.791771	11.210738	21.353692
105.6	4.621846	6.588868	11.210714	21.357208
105.7	7.685951	3.524733	11.210684	21.329103
105.8	7.394617	3.816072	11.210689	21.290316
105.9	4.529374	6.681347	11.210721	21.272970
106	3.446645	7.764087	11.210732	21.309007
106.1	5.768962	5.441747	11.210708	21.418337
106.2	8.173158	3.037525	11.210684	21.600641
106.3	7.224261	3.986432	11.210693	21.833684
106.4	4.258933	6.951791	11.210723	22.078827
106.5	3.431533	7.779198	11.210731	22.291962
106.6	5.808922	5.401784	11.210706	22.436348
106.7	7.930095	3.280590	11.210685	22.493244
106.8	6.810899	4.399798	11.210697	22.467028
106.9	4.199092	7.011634	11.210725	22.383361
107	3.993001	7.217727	11.210728	22.281200
107.1	6.531646	4.679054	11.210700	22.201341
107.2	8.002460	3.208223	11.210683	22.175122
107.3	5.952037	5.258665	11.210702	22.216630
107.4	3.054215	8.156517	11.210732	22.320431
107.5	3.539795	7.670935	11.210730	22.464987
107.6	7.099005	4.111691	11.210696	22.620182
107.7	8.954729	2.255947	11.210676	22.756277
107.8	6.362752	4.847947	11.210699	22.851516
107.9	2.612242	8.598494	11.210735	22.896336
108	2.726317	8.484417	11.210734	22.893500
108.1	6.546111	4.664586	11.210697	22.854812
108.2	8.801008	2.409666	11.210674	22.796061
108.3	6.317053	4.893645	11.210698	22.732095
108.4	2.512422	8.698315	11.210737	22.673550
108.5	2.794411	8.416325	11.210736	22.625876
108.6	6.998839	4.211856	11.210695	22.590391
108.7	9.367044	1.843626	11.210670	22.566398
108.8	6.385121	4.825575	11.210697	22.553207
108.9	1.837044	9.373697	11.210741	22.551161
109	1.912162	9.298580	11.210742	22.561352
109.1	6.768836	4.441861	11.210697	22.584334
109.2	10.085580	1.125085	11.210666	22.618537
109.3	7.476963	3.733728	11.210691	22.659190
109.4	2.481605	8.729134	11.210739	22.698282
109.5	1.871642	9.339103	11.210745	22.725681
109.6	6.472829	4.737871	11.210700	22.731056
109.7	9.957223	1.253442	11.210665	22.706024
109.8	7.409197	3.801492	11.210688	22.645892
109.9	2.136140	9.074600	11.210740	22.550584
110	1.371475	9.839275	11.210750	22.424633
110.1	6.494147	4.716557	11.210703	22.276387
110.2	10.958539	0.252123	11.210662	22.116749
110.3	8.889145	2.321535	11.210680	21.957714
110.4	2.918635	8.292100	11.210735	21.810928
110.5	0.752608	10.458145	11.210753	21.686335
110.6	5.012201	6.198512	11.210712	21.590963
110.7	9.891770	1.318896	11.210667	21.527951
110.8	8.998737	2.211940	11.210677	21.495977
110.9	3.793689	7.417039	11.210728	21.489354
111	1.402400	9.808350	11.210750	21.498946
111.1	4.943380	6.267335	11.210715	21.513892
111.2	9.453018	1.757653	11.210671	21.523831
111.3	8.740479	2.470199	11.210677	21.521088
111.4	3.751779	7.458946	11.210725	21.502164
111.5	1.187643	10.023106	11.210749	21.468062
111.6	4.424653	6.786065	11.210718	21.423305
111.7	9.068801	2.141873	11.210674	21.374012
111.8	8.983453	2.227223	11.210676	21.325732
111.9	4.465416	6.745304	11.210720	21.281909
112	1.600372	9.610373	11.210745	21.243587
112.1	3.960734	7.249985	11.210720	21.210474
112.2	8.010990	3.199690	11.210680	21.182868
112.3	8.207438	3.003242	11.210680	21.163485
112.4	4.543629	6.667089	11.210718	21.158116
112.5	2.283715	8.927025	11.210740	21.174457
112.6	4.563450	6.647268	11.210717	21.219149
112.7	8.168400	3.042282	11.210682	21.293952
112.8	8.118983	3.091699	11.210683	21.392568
112.9	4.524984	6.685734	11.210718	21.499680
113	2.301604	8.909134	11.210738	21.593252
113.1	4.371530	6.839188	11.210718	21.649976
113.2	7.820954	3.389731	11.210685	21.652568
113.3	8.105777	3.104909	11.210685	21.596623
113.4	5.236723	5.973992	11.210716	21.494546
113.5	3.429502	7.781230	11.210732	21.374700
113.6	5.035420	6.175293	11.210713	21.275376
113.7	7.413656	3.797031	11.210687	21.234870
113.8	6.966357	4.244335	11.210692	21.280476
113.9	4.379857	6.830864	11.210721	21.419819
114	3.578157	7.632574	11.210731	21.637468
114.1	5.974993	5.235715	11.210708	21.898257
114.2	8.321551	2.889133	11.210684	22.156625
114.3	7.289275	3.921418	11.210694	22.369258
114.4	4.269346	6.941378	11.210724	22.507157
114.5	3.474422	7.736309	11.210731	22.563274
114.6	5.942113	5.268592	11.210705	22.553259
114.7	7.988202	3.222480	11.210682	22.509086
114.8	6.459891	4.750805	11.210697	22.467690
114.9	3.403772	7.806957	11.210729	22.458447
115	3.349068	7.861665	11.210733	22.493735
115.1	6.791684	4.419016	11.210700	22.565735
115.2	9.114329	2.096346	11.210675	22.650518
115.3	6.831013	4.379681	11.210694	22.717869
115.4	2.656213	8.554521	11.210734	22.743311
115.5	2.120460	9.090279	11.210740	22.717976
115.6	6.045057	5.165646	11.210703	22.652722
115.7	9.213833	1.996839	11.210672	22.574907
115.8	7.345555	3.865135	11.210690	22.518854
115.9	2.983910	8.226823	11.210733	22.513338
116	2.116893	9.093849	11.210742	22.570539
116.1	5.958596	5.252107	11.210703	22.680478
116.2	9.162163	2.048508	11.210670	22.813087
116.3	7.117389	4.093300	11.210689	22.927406
116.4	2.446640	8.764095	11.210735	22.984872
116.5	1.634538	9.576208	11.210746	22.962198
116.6	6.140421	5.070284	11.210704	22.859420
116.7	10.126455	1.084211	11.210666	22.700313
116.8	8.175837	3.034846	11.210683	22.524997
116.9	2.714457	8.496277	11.210734	22.377215
117	0.961465	10.249287	11.210751	22.290593
117.1	5.295796	5.914914	11.210710	22.278452
117.2	9.987011	1.223655	11.210666	22.330507
117.3	8.824428	2.386250	11.210678	22.417313
117.4	3.461714	7.749016	11.210730	22.500696
117.5	1.205467	10.005286	11.210752	22.546357
117.6	5.158492	6.052222	11.210714	22.534264
117.7	9.993352	1.217315	11.210667	22.463384
117.8	9.104408	2.106267	11.210675	22.349458
117.9	3.543867	7.666860	11.210727	22.217081
118	0.696177	10.514577	11.210755	22.089361
118.1	4.431446	6.779274	11.210720	21.979200
118.2	9.930611	1.280059	11.210670	21.885489
118.3	10.083937	1.126733	11.210670	21.795525
118.4	4.856397	6.354322	11.210719	21.692556
118.5	1.154068	10.056684	11.210751	21.565310
118.6	3.560436	7.650290	11.210725	21.415606
118.7	8.438478	2.772200	11.210678	21.260792
118.8	9.111799	2.098874	11.210673	21.129700
118.9	4.877719	6.332997	11.210716	21.053284
119	1.706848	9.503898	11.210747	21.053175
119.1	3.963682	7.247042	11.210724	21.132364
119.2	8.537108	2.673572	11.210680	21.271617
119.3	9.204212	2.006462	11.210674	21.433299
119.4	5.073516	6.137197	11.210713	21.571710
119.5	1.646062	9.564682	11.210744	21.646697
119.6	3.294043	7.916683	11.210726	21.636063
119.7	7.520406	3.690280	11.210685	21.542585
119.8	8.614215	2.596462	11.210677	21.393241
119.9	5.414687	5.796024	11.210711	21.230823
120	2.582710	8.628029	11.210738	21.100679
120.1	3.969423	7.241299	11.210723	21.036941
120.2	7.417725	3.792962	11.210687	21.052707
120.3	8.003305	3.207377	11.210682	21.137282
120.4	4.945042	6.265671	11.210713	21.261130
120.5	2.571877	8.638859	11.210737	21.386628
120.6	4.212918	6.997802	11.210721	21.480837
120.7	7.635152	3.575536	11.210688	21.525939
120.8	8.254550	2.956134	11.210684	21.523958
120.9	5.456680	5.754033	11.210712	21.494462
121	3.235740	7.974993	11.210733	21.466361
121.1	4.495566	6.715152	11.210718	21.466915
121.2	7.142736	4.067954	11.210690	21.511878
121.3	7.323875	3.886815	11.210690	21.600192
121.4	4.990003	6.220714	11.210716	21.714893
121.5	3.824520	7.386211	11.210730	21.829732
121.6	5.749887	5.460823	11.210710	21.919014
121.7	8.006245	3.204440	11.210685	21.967135
121.8	7.100067	4.110626	11.210692	21.974504
121.9	4.008502	7.202221	11.210723	21.957862
122	3.053479	8.157255	11.210734	21.944973
122.1	5.803588	5.407120	11.210709	21.965520
122.2	8.622309	2.588371	11.210680	22.041286
122.3	7.580223	3.630467	11.210690	22.178795
122.4	4.023974	7.186751	11.210725	22.366675
122.5	2.871890	8.338847	11.210737	22.578432
122.6	5.758931	5.451777	11.210708	22.779573
122.7	8.576884	2.633793	11.210677	22.936755
122.8	7.101280	4.109410	11.210689	23.026191
122.9	3.065641	8.145088	11.210729	23.038986
123	2.067668	9.143074	11.210742	22.982209
123.1	5.855810	5.354898	11.210708	22.875845
123.2	9.592652	1.618019	11.210671	22.746966
123.3	8.188869	3.021814	11.210683	22.623010
123.4	3.300093	7.910635	11.210728	22.526051
123.5	1.317047	9.893700	11.210747	22.469307
123.6	4.805231	6.405481	11.210713	22.456278
123.7	8.968348	2.242324	11.210672	22.482110
123.8	8.108540	3.102140	11.210681	22.536290
123.9	3.426590	7.784138	11.210727	22.605643
124	1.469039	9.741710	11.210748	22.676900
124.1	5.165407	6.045306	11.210714	22.738455
124.2	9.641369	1.569300	11.210669	22.781339
124.3	8.700939	2.509737	11.210676	22.799643
124.4	3.338343	7.872384	11.210727	22.790635
124.5	0.645065	10.565688	11.210753	22.754702
124.6	4.356599	6.854120	11.210720	22.695102
124.7	9.720991	1.489679	11.210670	22.617434
124.8	9.731586	1.479084	11.210670	22.528786
124.9	4.468066	6.742655	11.210721	22.436645
125	0.993681	10.217073	11.210753	22.347788
125.1	3.899366	7.311358	11.210725	22.267401
125.2	9.183450	2.027224	11.210674	22.198635
125.3	9.683894	1.526775	11.210669	22.142604
125.4	4.732189	6.478528	11.210717	22.098682
125.5	1.037038	10.173715	11.210753	22.064835
125.6	3.643535	7.567194	11.210729	22.037788
125.7	9.152743	2.057934	11.210677	22.012990
125.8	10.278266	0.932400	11.210666	21.984567
125.9	5.555894	5.654816	11.210711	21.945600
126	1.203315	10.007435	11.210750	21.889025
126.1	2.786161	8.424572	11.210733	21.809227
126.2	7.956373	3.254311	11.210684	21.704041
126.3	9.838936	1.371733	11.210669	21.576519
126.4	6.236621	4.974085	11.210705	21.435708
126.5	2.253384	8.957358	11.210743	21.295823
126.6	3.132779	8.077952	11.210731	21.173679
126.7	7.271764	3.938924	11.210689	21.084873
126.8	8.744722	2.465952	11.210674	21.039777
126.9	5.545223	5.665483	11.210707	21.040613
127	2.192742	9.017998	11.210740	21.080706
127.1	3.368127	7.842602	11.210729	21.146338
127.2	7.503652	3.707037	11.210689	21.220737
127.3	9.033522	2.177154	11.210675	21.288948
127.4	5.996331	5.214374	11.210705	21.341920
127.5	2.534146	8.676591	11.210737	21.378331
127.6	3.099044	8.111684	11.210728	21.403467
127.7	6.520739	4.689955	11.210693	21.425535
127.8	7.951278	3.259404	11.210681	21.450851
127.9	5.668939	5.541768	11.210707	21.479856
128	3.231342	7.979390	11.210733	21.505740
128.1	4.240669	6.970054	11.210722	21.516546
128.2	7.268415	3.942276	11.210691	21.500274
128.3	7.997267	3.213417	11.210684	21.451223
128.4	5.376453	5.834258	11.210710	21.375081
128.5	3.065843	8.144890	11.210733	21.290459
128.6	4.237766	6.972954	11.210720	21.225636
128.7	7.162293	4.048399	11.210691	21.210983
128.8	7.766907	3.443780	11.210687	21.269204
128.9	5.432066	5.778647	11.210713	21.406619
129	3.757895	7.452836	11.210731	21.608703
129.1	5.267904	5.942810	11.210715	21.841925
129.2	7.693544	3.517143	11.210687	22.061923
129.3	7.247037	3.963653	11.210689	22.225883
129.4	4.254417	6.956302	11.210720	22.305374
129.5	2.968561	8.242175	11.210736	22.295474
129.6	5.557398	5.653314	11.210712	22.217027
129.7	8.730402	2.480278	11.210681	22.110983
129.8	8.061350	3.149335	11.210685	22.026338
129.9	4.232089	6.978633	11.210722	22.005383
130	2.371188	8.839552	11.210740	22.070920
130.1	5.066042	6.144672	11.210714	22.219562
130.2	8.629999	2.580679	11.210678	22.423279
130.3	8.032607	3.178075	11.210683	22.638623
130.4	3.920872	7.289851	11.210723	22.820555
130.5	1.948266	9.262478	11.210744	22.936251
130.6	5.033869	6.176846	11.210715	22.974350
130.7	9.110761	2.099913	11.210674	22.946704
130.8	8.466692	2.743986	11.210678	22.882305
130.9	3.636222	7.574501	11.210723	22.815741
131	0.977594	10.233156	11.210750	22.774401
131.1	4.189892	7.020829	11.210720	22.768995
131.2	9.165549	2.045125	11.210674	22.790682
131.3	9.339336	1.871336	11.210672	22.815709
131.4	4.498786	6.711933	11.210718	22.815713
131.5	1.128019	10.082731	11.210750	22.769829
131.6	3.684504	7.526221	11.210724	22.674091
131.7	8.561757	2.648919	11.210676	22.544572
131.8	8.990329	2.220342	11.210671	22.413013
131.9	4.309563	6.901154	11.210717	22.316366
132	0.985999	10.224753	11.210752	22.283900
132.1	3.854324	7.356404	11.210727	22.326455
132.2	9.393422	1.817253	11.210675	22.431666
132.3	10.263970	0.946696	11.210665	22.566940
132.4	5.148714	6.061998	11.210712	22.689231
132.5	0.654368	10.556385	11.210754	22.758305
132.6	2.612109	8.598626	11.210735	22.748988
132.7	8.370187	2.840494	11.210681	22.658291
132.8	10.375299	0.835365	11.210664	22.505144
132.9	6.210390	5.000315	11.210705	22.323065
133	1.661382	9.549367	11.210749	22.148533
133.1	2.832406	8.378331	11.210736	22.009219
133.2	8.003965	3.206721	11.210686	21.916172
133.3	10.103220	1.107446	11.210666	21.862431
133.4	6.284293	4.926409	11.210702	21.828220
133.5	1.674288	9.536458	11.210746	21.790411
133.6	2.395418	8.815321	11.210738	21.732524
133.7	7.408147	3.802544	11.210691	21.651418
133.8	10.071201	1.139466	11.210668	21.558181
133.9	7.069527	4.141170	11.210698	21.473006
134	2.614626	8.596113	11.210739	21.416129
134.1	2.523511	8.687226	11.210737	21.398448
134.2	6.468950	4.741746	11.210696	21.415579
134.3	8.801129	2.409545	11.210674	21.447878
134.4	6.434791	4.775908	11.210699	21.466695
134.5	2.874844	8.335891	11.210735	21.444802
134.6	3.120661	8.090071	11.210732	21.367265
134.7	6.747036	4.463659	11.210696	21.238722
134.8	8.656805	2.553872	11.210677	21.084191
134.9	6.211182	4.999519	11.210701	20.942742
135	2.784582	8.426152	11.210734	20.855869
135.1	2.997987	8.212743	11.210731	20.854310
135.2	6.408631	4.802066	11.210697	20.947689
135.3	8.318574	2.892106	11.210680	21.120484
135.4	6.330685	4.880017	11.210702	21.335760
135.5	3.461765	7.748966	11.210730	21.545534
135.6	3.694292	7.516434	11.210726	21.704487
135.7	6.423618	4.787078	11.210696	21.782669
135.8	7.553115	3.657570	11.210685	21.773262
135.9	5.467673	5.743035	11.210707	21.693158
136	3.317486	7.893246	11.210731	21.576476
136.1	4.428302	6.782420	11.210722	21.463420
136.2	7.451557	3.759135	11.210692	21.388212
136.3	8.204235	3.006449	11.210684	21.369973
136.4	5.608176	5.602533	11.210710	21.409174
136.5	3.270796	7.939936	11.210733	21.490324
136.6	4.401711	6.809009	11.210720	21.589487
136.7	7.255626	3.955064	11.210690	21.683681
136.8	7.634090	3.576596	11.210686	21.758873
136.9	4.965200	6.245514	11.210715	21.813956
137	3.254755	7.955981	11.210735	21.859679
137.1	5.352228	5.858489	11.210716	21.913272
137.2	8.592929	2.617753	11.210682	21.990958
137.3	8.251467	2.959215	11.210682	22.101090
137.4	4.282316	6.928402	11.210718	22.240284
137.5	1.831499	9.379245	11.210743	22.393768
137.6	4.368577	6.842143	11.210721	22.539655
137.7	8.719056	2.491624	11.210680	22.655583
137.8	9.092705	2.117971	11.210676	22.725474
137.9	4.927672	6.283043	11.210715	22.744276
138	1.816762	9.393984	11.210745	22.719320
138.1	3.981974	7.228750	11.210724	22.668078
138.2	8.429327	2.781353	11.210680	22.613218
138.3	8.913417	2.297256	11.210673	22.576531
138.4	4.516657	6.694058	11.210715	22.573508
138.5	1.116242	10.094507	11.210749	22.609904
138.6	3.495646	7.715082	11.210728	22.680966
138.7	8.696985	2.513694	11.210679	22.773164
138.8	9.796507	1.414160	11.210667	22.867703
138.9	5.214905	5.995805	11.210710	22.944795
139	0.978692	10.232058	11.210750	22.987673
139.1	2.708712	8.502022	11.210734	22.985653
139.2	8.048008	3.162674	11.210682	22.935810
139.3	9.802673	1.407993	11.210666	22.843213
139.4	5.643823	5.566884	11.210706	22.719831
139.5	1.272188	9.938561	11.210749	22.582356
139.6	2.708069	8.502667	11.210736	22.449307
139.7	8.094897	3.115787	11.210684	22.337831
139.8	10.141085	1.069578	11.210664	22.260716
139.9	5.974141	5.236562	11.210703	22.224174
140	1.112830	10.097919	11.210750	22.226873
140.1	2.136541	9.074201	11.210741	22.260477
140.2	7.861157	3.349531	11.210689	22.311606
140.3	10.866764	0.343898	11.210661	22.364767
140.4	7.325295	3.885400	11.210695	22.405493
140.5	1.984987	9.225758	11.210744	22.422870
140.6	1.754074	9.456669	11.210744	22.410835
140.7	6.596657	4.614040	11.210696	22.368041
140.8	9.860346	1.350321	11.210667	22.296585
140.9	7.333824	3.876869	11.210693	22.200287
141	2.733624	8.477114	11.210739	22.083332
141.1	2.426808	8.783933	11.210741	21.949842
141.2	6.781073	4.429626	11.210698	21.804498
141.3	9.826888	1.383782	11.210669	21.653762
141.4	7.436691	3.774001	11.210692	21.506851
141.5	2.806435	8.404301	11.210735	21.375627
141.6	1.988542	9.222198	11.210741	21.272896
141.7	5.787014	5.423690	11.210703	21.209323
141.8	8.964497	2.246178	11.210675	21.189855
141.9	7.493749	3.716943	11.210692	21.210985
142	3.783266	7.427463	11.210729	21.260155
142.1	2.991009	8.219725	11.210734	21.317982
142.2	5.872158	5.338545	11.210703	21.363048
142.3	8.036730	3.173950	11.210680	21.377971
142.4	6.314453	4.896244	11.210698	21.354828
142.5	3.163687	8.047042	11.210730	21.298013
142.6	3.092845	8.117887	11.210731	21.223301
142.7	6.296367	4.914333	11.210700	21.153165
142.8	8.419769	2.790911	11.210680	21.109684
142.9	6.645125	4.565573	11.210698	21.107382
143	3.519178	7.691551	11.210729	21.148472
143.1	3.282449	7.928280	11.210729	21.222274
143.2	5.991015	5.219686	11.210700	21.309170
143.3	7.652213	3.558471	11.210684	21.387797
143.4	5.999183	5.211520	11.210703	21.442961
143.5	3.639497	7.571232	11.210729	21.471346
143.6	4.180057	7.030667	11.210724	21.482775
143.7	6.954344	4.256351	11.210695	21.496328
143.8	7.937092	3.273592	11.210684	21.532526
143.9	5.573776	5.636931	11.210707	21.604351
144	3.164451	8.046282	11.210733	21.710494
144.1	4.256852	6.953872	11.210723	21.833642
144.2	7.500427	3.710265	11.210691	21.944909
144.3	8.378618	2.832063	11.210681	22.013318
144.4	5.577936	5.632774	11.210709	22.017309
144.5	3.007748	8.202988	11.210736	21.954225
144.6	4.390724	6.819999	11.210723	21.844177
144.7	7.877323	3.333364	11.210687	21.726414
144.8	8.423478	2.787200	11.210679	21.648810
144.9	4.911019	6.299693	11.210712	21.653545
145	2.060911	9.149832	11.210743	21.763496
145.1	4.098392	7.112334	11.210726	21.973908
145.2	8.684876	2.525807	11.210683	22.252282
145.3	9.710382	1.500289	11.210671	22.546841
145.4	5.529763	5.680946	11.210709	22.801075
145.5	1.454403	9.756343	11.210746	22.969838
145.6	2.801496	8.409237	11.210733	23.031888
145.7	7.709053	3.501633	11.210686	22.994920
145.8	9.547353	1.663315	11.210668	22.891602
145.9	5.858323	5.352382	11.210705	22.768107
146	1.735490	9.475256	11.210746	22.669051
146.1	2.920671	8.290064	11.210735	22.623879
146.2	7.894141	3.316545	11.210686	22.639100
146.3	9.795829	1.414837	11.210666	22.698650
146.4	5.749051	5.461652	11.210702	22.771852
146.5	0.963176	10.247572	11.210748	22.825820
146.6	1.878508	9.332233	11.210741	22.837731
146.7	7.464629	3.746060	11.210689	22.802635
146.8	10.456872	0.753790	11.210662	22.734158
146.9	7.001779	4.208916	11.210695	22.658136
147	1.788026	9.422719	11.210745	22.601771
147.1	1.742097	9.468647	11.210744	22.582452
147.2	6.758377	4.452318	11.210695	22.600500
147.3	9.932720	1.277944	11.210664	22.638512
147.4	6.944569	4.266125	11.210693	22.667610
147.5	1.900693	9.310049	11.210743	22.658262
147.6	1.765121	9.445625	11.210746	22.591731
147.7	6.921329	4.289368	11.210697	22.467894
147.8	10.603687	0.606976	11.210663	22.306526
147.9	7.944384	3.266304	11.210688	22.141459
148	2.458759	8.751980	11.210739	22.009602
148.1	1.321570	9.889178	11.210748	21.938653
148.2	5.864686	5.346018	11.210705	21.937793
148.3	9.993234	1.217433	11.210667	21.994584
148.4	8.425020	2.785665	11.210685	22.079098
148.5	3.563523	7.647208	11.210731	22.153767
148.6	1.963393	9.247352	11.210744	22.185451
148.7	5.476438	5.734270	11.210708	22.155548
148.8	9.054717	2.155956	11.210674	22.064743
148.9	7.847902	3.362785	11.210687	21.930989
149	3.704438	7.506290	11.210728	21.781767
149.1	2.382448	8.828292	11.210740	21.643646
149.2	5.607570	5.603138	11.210708	21.533076
149.3	8.891192	2.319485	11.210677	21.451735
149.4	7.821510	3.389178	11.210688	21.387991
149.5	3.986625	7.224100	11.210725	21.323714
149.6	2.545847	8.664890	11.210736	21.243669
149.7	5.112327	6.098382	11.210709	21.143760
149.8	7.816497	3.394185	11.210682	21.034836
149.9	6.931323	4.279370	11.210693	20.940401
150	3.993325	7.217400	11.210725	20.888866
150.1	3.379042	7.831689	11.210731	20.903023
150.2	5.997568	5.213136	11.210704	20.990539
150.3	8.048077	3.162605	11.210682	21.139016
150.4	6.478944	4.731753	11.210697	21.317633
150.5	3.350296	7.860432	11.210727	21.485134
150.6	2.958122	8.252609	11.210731	21.601733
150.7	5.824345	5.386357	11.210703	21.641097
150.8	8.018045	3.192638	11.210683	21.598522
150.9	6.697828	4.512870	11.210698	21.492626
151	4.012931	7.197795	11.210726	21.360004
151.1	3.898166	7.312560	11.210727	21.244551
151.2	6.398752	4.811947	11.210699	21.184835
151.3	7.652572	3.558112	11.210684	21.203427
151.4	5.574259	5.636446	11.210705	21.301335
151.5	3.070490	8.140243	11.210732	21.458980
151.6	4.010530	7.200196	11.210727	21.643032
151.7	7.534879	3.675814	11.210693	21.816687
151.8	8.919124	2.291554	11.210678	21.950036
151.9	6.104667	5.106037	11.210704	22.027465
152	2.805264	8.405473	11.210737	22.050139
152.1	3.563199	7.647530	11.210730	22.033384
152.2	7.390075	3.820616	11.210692	22.000321
152.3	8.940198	2.270477	11.210675	21.974151
152.4	5.890629	5.320075	11.210704	21.971614
152.5	2.372547	8.838194	11.210740	21.999467
152.6	3.431789	7.778944	11.210732	22.054631
152.7	7.915496	3.295193	11.210689	22.127406
152.8	9.723602	1.487067	11.210669	22.206233
152.9	6.078537	5.132164	11.210702	22.282208
153	1.597732	9.613013	11.210745	22.351859
153.1	2.312646	8.898094	11.210740	22.417500
153.2	7.470834	3.739857	11.210691	22.485336
153.3	10.305152	0.905512	11.210664	22.562217
153.4	7.007707	4.202988	11.210695	22.652271
153.5	1.903608	9.307135	11.210743	22.754502
153.6	1.722866	9.487878	11.210744	22.862051
153.7	6.567030	4.643667	11.210696	22.963217
153.8	9.772197	1.438468	11.210665	23.043873
153.9	6.935044	4.275649	11.210692	23.090574
154	1.921606	9.289135	11.210742	23.093610
154.1	1.661739	9.549006	11.210746	23.049360
154.2	6.704476	4.506222	11.210698	22.961498
154.3	10.342888	0.867775	11.210663	22.840849
154.4	7.597524	3.613163	11.210687	22.703889
154.5	1.982144	9.228596	11.210740	22.570087
154.6	0.883548	10.327202	11.210750	22.458466
154.7	5.715975	5.494730	11.210704	22.383960
154.8	10.068104	1.142560	11.210664	22.354275
154.9	8.303708	2.906975	11.210683	22.368004
155	3.031345	8.179389	11.210734	22.414579
155.1	1.458332	9.752416	11.210749	22.476283
155.2	5.649579	5.561129	11.210708	22.532050
155.3	9.834425	1.376242	11.210667	22.562210
155.4	8.284712	2.925970	11.210682	22.553025
155.5	3.049071	8.161661	11.210732	22.499767
155.6	1.162048	10.048702	11.210750	22.407462
155.7	5.204426	6.006286	11.210713	22.289076
155.8	9.926104	1.284566	11.210670	22.161667
155.9	9.307695	1.902983	11.210678	22.041728
156	4.437232	6.773492	11.210724	21.941126
156.1	1.767273	9.443472	11.210746	21.864883
156.2	4.429050	6.781667	11.210717	21.811351
156.3	8.383553	2.827125	11.210679	21.774474
156.4	8.254882	2.955800	11.210683	21.747081
156.5	4.573081	6.637640	11.210721	21.723829
156.6	2.668219	8.542520	11.210739	21.702586
156.7	5.140951	6.069763	11.210714	21.683740
156.8	8.417186	2.793495	11.210681	21.667865
156.9	7.895184	3.315502	11.210686	21.652907
157	4.311030	6.899691	11.210721	21.632412
157.1	2.567033	8.643704	11.210737	21.595969
157.2	4.896120	6.314592	11.210713	21.532196
157.3	7.926894	3.283789	11.210683	21.433468
157.4	7.526462	3.684227	11.210689	21.300703
157.5	4.475542	6.735178	11.210720	21.146166
157.6	3.132496	8.078237	11.210732	20.992743
157.7	5.208312	6.002397	11.210709	20.869265
157.8	7.492750	3.717935	11.210685	20.802916
157.9	6.592862	4.617833	11.210694	20.810984
158	3.822000	7.388724	11.210724	20.894734
158.1	3.288214	7.922517	11.210731	21.037729
158.2	5.954057	5.256648	11.210705	21.209551
158.3	8.162760	3.047922	11.210682	21.374096
158.4	6.777930	4.432766	11.210696	21.499961
158.5	3.669179	7.541547	11.210726	21.569554
158.6	3.139104	8.071627	11.210731	21.583848
158.7	5.866253	5.344451	11.210703	21.561083
158.8	7.941879	3.268803	11.210682	21.529722
158.9	6.436361	4.774337	11.210698	21.518046
159	3.631792	7.578938	11.210729	21.543973
159.1	3.809215	7.401515	11.210730	21.608730
159.2	7.014950	4.195748	11.210697	21.696729
159.3	8.724657	2.486020	11.210677	21.781794
159.4	6.175521	5.035179	11.210700	21.837619
159.5	2.565298	8.645438	11.210736	21.848707
159.6	2.936447	8.274288	11.210735	21.817714
159.7	7.133407	4.077289	11.210696	21.766288
159.8	9.672738	1.537933	11.210671	21.728730
159.9	7.086783	4.123913	11.210696	21.740394
160	2.808015	8.402723	11.210737	21.824723
160.1	2.664606	8.546133	11.210739	21.983527
160.2	6.884015	4.326682	11.210697	22.194135
160.3	9.595074	1.615595	11.210669	22.414841
160.4	6.797381	4.413313	11.210694	22.597185
160.5	2.041907	9.168833	11.210740	22.701201
160.6	1.853826	9.356919	11.210745	22.708609
160.7	6.836689	4.374010	11.210699	22.629454
160.8	10.557048	0.653615	11.210663	22.499805
160.9	8.007750	3.202936	11.210686	22.371083
161	2.394164	8.816574	11.210738	22.294366
161.1	0.995399	10.215350	11.210750	22.304750
161.2	5.500554	5.710152	11.210706	22.410780
161.3	9.777639	1.433026	11.210666	22.592319
161.4	8.120781	3.089902	11.210682	22.807361
161.5	2.893906	8.316827	11.210734	23.005367
161.6	1.267199	9.943551	11.210749	23.142598
161.7	5.466842	5.743867	11.210708	23.194420
161.8	9.741984	1.468682	11.210666	23.160741
161.9	8.172178	3.038502	11.210680	23.063214
162	2.751279	8.459453	11.210732	22.935691
162.1	0.778473	10.432279	11.210752	22.811645
162.2	5.035467	6.175246	11.210713	22.713127
162.3	9.991336	1.219331	11.210667	22.645027
162.4	9.158917	2.051758	11.210675	22.596334
162.5	3.717270	7.493456	11.210726	22.547440
162.6	0.864220	10.346532	11.210752	22.480376
162.7	4.208020	7.002699	11.210719	22.387861
162.8	9.112223	2.098450	11.210673	22.277629
162.9	9.083552	2.127123	11.210675	22.170359
163	4.440108	6.770613	11.210721	22.091994
163.1	1.653141	9.557607	11.210748	22.063362
163.2	4.496255	6.714465	11.210720	22.091075
163.3	9.057545	2.153131	11.210676	22.163230
163.4	9.179277	2.031399	11.210676	22.251700
163.5	4.753801	6.456917	11.210718	22.320409
163.6	1.703838	9.506908	11.210745	22.336784
163.7	3.941212	7.269511	11.210723	22.282393
163.8	8.302147	2.908535	11.210682	22.159060
163.9	9.069225	2.141453	11.210678	21.988301
164	5.621199	5.589515	11.210713	21.804286
164.1	2.871283	8.339455	11.210738	21.642798
164.2	4.317998	6.892722	11.210720	21.529991
164.3	7.467844	3.742842	11.210687	21.474797
164.4	7.678787	3.531899	11.210685	21.467437
164.5	4.724459	6.486257	11.210716	21.484334
164.6	2.923253	8.287482	11.210735	21.497456
164.7	4.917132	6.293583	11.210715	21.484640
164.8	7.967003	3.243682	11.210685	21.437185
164.9	7.859763	3.350924	11.210687	21.362131
165	4.792007	6.418710	11.210717	21.278570
165.1	2.982837	8.227896	11.210733	21.209580
165.2	4.709343	6.501371	11.210713	21.172859
165.3	7.233821	3.976866	11.210687	21.173606
165.4	6.856974	4.353717	11.210692	21.202283
165.5	4.225170	6.985550	11.210720	21.238116
165.6	3.332034	7.878697	11.210731	21.257072
165.7	5.683723	5.526985	11.210708	21.241421
165.8	8.007465	3.203218	11.210683	21.187416
165.9	6.864474	4.346219	11.210693	21.108260
166	3.660089	7.550636	11.210725	21.031142
166.1	2.839385	8.371349	11.210734	20.989208
166.2	5.653008	5.557699	11.210707	21.011034
166.3	8.278921	2.931760	11.210681	21.111047
166.4	7.104029	4.106664	11.210693	21.284004
166.5	3.840959	7.369767	11.210727	21.505335
166.6	3.190580	8.020154	11.210734	21.737238
166.7	6.174873	5.035830	11.210704	21.938629
166.8	8.537363	2.673315	11.210678	22.075915
166.9	6.693415	4.517280	11.210694	22.131436
167	3.011241	8.199491	11.210732	22.107266
167.1	2.796982	8.413757	11.210738	22.023577
167.2	6.838455	4.372246	11.210701	21.912409
167.3	9.893397	1.317273	11.210670	21.808948
167.4	7.634026	3.576663	11.210689	21.742896
167.5	2.760462	8.450273	11.210735	21.732240
167.6	1.685475	9.525271	11.210746	21.780752
167.7	5.931723	5.278983	11.210706	21.879337
167.8	9.890908	1.319760	11.210668	22.010303
167.9	8.251525	2.959158	11.210684	22.152919
168	3.213314	7.997418	11.210732	22.288638
168.1	1.616950	9.593798	11.210748	22.404687
168.2	5.681196	5.529513	11.210709	22.495486
168.3	9.872680	1.337987	11.210667	22.561997
168.4	8.317075	2.893605	11.210680	22.609654
168.5	2.847757	8.362975	11.210732	22.645710
168.6	0.723247	10.487506	11.210753	22.676781
168.7	4.914967	6.295747	11.210714	22.707134
168.8	10.010181	1.200486	11.210667	22.737962
168.9	9.344897	1.865777	11.210674	22.767623
169	3.863540	7.347185	11.210725	22.792664
169.1	0.814659	10.396094	11.210753	22.809301
169.2	4.042985	7.167734	11.210720	22.814984
169.3	8.936251	2.274420	11.210672	22.809645
169.4	8.772761	2.437912	11.210674	22.796224
169.5	3.831821	7.378902	11.210723	22.780217
169.6	0.960027	10.250725	11.210752	22.768203
169.7	4.238587	6.972134	11.210721	22.765601
169.8	9.408612	1.802060	11.210672	22.774268
169.9	9.576474	1.634196	11.210670	22.790733
170	4.473155	6.737563	11.210718	22.805827
170.1	0.806604	10.404147	11.210752	22.806177
170.2	3.308529	7.902198	11.210727	22.777458
170.3	8.539836	2.670842	11.210678	22.708666
170.4	9.643581	1.567090	11.210670	22.596196
170.5	5.474179	5.736533	11.210712	22.446347
170.6	1.862460	9.348286	11.210746	22.275219
170.7	3.592569	7.618158	11.210727	22.105693
170.8	8.090963	3.119721	11.210683	21.962111
170.9	9.180256	2.030418	11.210674	21.864098
171	5.508380	5.702331	11.210711	21.821364
171.1	2.190714	9.020028	11.210742	21.831122
171.2	3.711263	7.499464	11.210727	21.878999
171.3	7.932215	3.278472	11.210687	21.943183
171.4	9.204545	2.006131	11.210676	22.000509
171.5	6.034919	5.175789	11.210708	22.032517
171.6	2.833795	8.376942	11.210737	22.029555
171.7	3.696781	7.513944	11.210725	21.991710
171.8	6.996507	4.214185	11.210691	21.926494
171.9	8.023711	3.186972	11.210683	21.844391
172	5.620489	5.590221	11.210710	21.754157
172.1	3.507255	7.703477	11.210732	21.659762
172.2	4.753556	6.457162	11.210718	21.560220
172.3	7.416374	3.794315	11.210689	21.452297
172.4	7.450542	3.760145	11.210687	21.334876
172.5	4.596202	6.614514	11.210715	21.212943
172.6	2.816728	8.394006	11.210734	21.099178
172.7	4.679777	6.530939	11.210716	21.011962
172.8	7.674983	3.535704	11.210687	20.970050
172.9	7.705334	3.505353	11.210687	20.985556
173	4.826688	6.384028	11.210716	21.057880
173.1	3.120886	8.089847	11.210733	21.171125
173.2	4.884952	6.325761	11.210713	21.296573
173.3	7.383955	3.826731	11.210686	21.400024
173.4	6.811998	4.398693	11.210691	21.452000
173.5	3.856041	7.354681	11.210722	21.437533
173.6	2.866231	8.344503	11.210735	21.362116
173.7	5.639354	5.571356	11.210709	21.251447
173.8	8.605868	2.604812	11.210680	21.144580
173.9	7.632505	3.578183	11.210688	21.082372
174	3.893711	7.317013	11.210724	21.094816
174.1	2.470055	8.740684	11.210739	21.191440
174.2	5.353147	5.857563	11.210710	21.358048
174.3	8.546676	2.664002	11.210678	21.561052
174.4	7.524466	3.686221	11.210687	21.758104
174.5	3.643073	7.567654	11.210727	21.911512
174.6	2.464790	8.745951	11.210742	21.999973
174.7	6.013587	5.197122	11.210709	22.024619
174.8	9.646117	1.564555	11.210672	22.007330
174.9	8.197118	3.013565	11.210683	21.981923
175	3.232388	7.978341	11.210729	21.981339
175.1	1.305971	9.904778	11.210749	22.025363
175.2	5.199142	6.011572	11.210714	22.113287
175.3	9.938499	1.272170	11.210669	22.224189
175.4	9.255879	1.954796	11.210675	22.324836
175.5	4.007992	7.202733	11.210725	22.382453
175.6	1.145921	10.064830	11.210752	22.377849
175.7	4.430804	6.779916	11.210719	22.314119
175.8	9.345042	1.865630	11.210672	22.217632
175.9	9.154405	2.056268	11.210673	22.130665
176	4.031845	7.178877	11.210722	22.097965
176.1	0.897497	10.313256	11.210753	22.151696
176.2	4.091228	7.119495	11.210723	22.299889
176.3	9.431373	1.779300	11.210672	22.522403
176.4	9.743516	1.467152	11.210668	22.775898
176.5	4.488942	6.721775	11.210717	23.006309
176.6	0.540109	10.670645	11.210754	23.164774
176.7	3.032583	8.178147	11.210729	23.221848
176.8	8.564233	2.646445	11.210677	23.175450
176.9	9.823297	1.387370	11.210667	23.050128
177	5.348341	5.862370	11.210711	22.888182
177.1	1.313629	9.897121	11.210749	22.735814
177.2	3.086024	8.124706	11.210731	22.629038
177.3	8.049028	3.161653	11.210681	22.583932
177.4	9.309470	1.901199	11.210669	22.594136
177.5	5.116800	6.093910	11.210710	22.635901
177.6	1.208349	10.002399	11.210748	22.678381
177.7	3.003427	8.207306	11.210733	22.695211
177.8	8.281634	2.929050	11.210684	22.673191
177.9	10.179530	1.031137	11.210667	22.615211
178	6.340841	4.869863	11.210704	22.536797
178.1	1.903740	9.307004	11.210744	22.458042
178.2	2.519306	8.691429	11.210735	22.394341
178.3	6.972131	4.238560	11.210692	22.349621
178.4	9.178579	2.032094	11.210673	22.314723
178.5	6.492148	4.718554	11.210702	22.271504
178.6	2.977981	8.232756	11.210737	22.201006
178.7	3.545892	7.664839	11.210730	22.092469
178.8	7.268469	3.942224	11.210693	21.949596
178.9	8.923173	2.287504	11.210677	21.791470
179	6.288115	4.922589	11.210704	21.647533
179.1	3.039849	8.170885	11.210735	21.548199
179.2	3.511700	7.699028	11.210728	21.514368
179.3	6.805416	4.405279	11.210695	21.549562
179.4	8.305838	2.904844	11.210682	21.637551
179.5	6.175166	5.035540	11.210705	21.746432
179.6	3.676848	7.533883	11.210731	21.837911
179.7	4.321992	6.888730	11.210722	21.878696
179.8	6.911774	4.298919	11.210693	21.850256
179.9	7.445266	3.765420	11.210686	21.753753
180	4.996665	6.214046	11.210712	21.608660
180.1	3.093762	8.116971	11.210733	21.445742
180.2	4.631399	6.579320	11.210718	21.296947
180.3	7.607979	3.602709	11.210688	21.185703
180.4	7.840172	3.370513	11.210685	21.120833
180.5	4.888918	6.321796	11.210714	21.095906
180.6	2.780788	8.429946	11.210735	21.093908
180.7	4.395052	6.815666	11.210718	21.095245
180.8	7.390066	3.820621	11.210687	21.086063
180.9	7.487218	3.723468	11.210686	21.063827
181	4.560537	6.650179	11.210717	21.038275
181.1	2.889752	8.320984	11.210736	21.027488
181.2	5.070953	6.139762	11.210714	21.050643
181.3	8.143925	3.066757	11.210682	21.120091
181.4	7.602141	3.608543	11.210685	21.235639
181.5	3.866044	7.344677	11.210721	21.383068
181.6	2.037734	9.173007	11.210742	21.537458
181.7	4.928647	6.282069	11.210716	21.670245
181.8	8.924930	2.285748	11.210678	21.757711
181.9	8.685312	2.525368	11.210680	21.788192
182	4.481606	6.729114	11.210720	21.765757
182.1	2.018197	9.192548	11.210745	21.709279
182.2	4.692226	6.518493	11.210718	21.647278
182.3	8.812125	2.398551	11.210677	21.610151
182.4	8.541761	2.668917	11.210677	21.622094
182.5	4.021422	7.189299	11.210722	21.694962
182.6	1.456689	9.754060	11.210749	21.825580
182.7	4.727804	6.482917	11.210721	21.996990
182.8	9.829183	1.381490	11.210673	22.182996
182.9	9.956318	1.254351	11.210669	22.354598
183	4.663054	6.547663	11.210717	22.486597
183.1	0.709019	10.501735	11.210754	22.562828
183.2	3.199531	8.011199	11.210730	22.579012
183.3	8.775852	2.434825	11.210677	22.542870
183.4	10.055306	1.155360	11.210666	22.471789
183.5	5.459099	5.751611	11.210711	22.388771
183.6	1.259893	9.950858	11.210751	22.317595
183.7	3.098542	8.112190	11.210732	22.278187
183.8	8.394395	2.816286	11.210681	22.283015
183.9	9.867912	1.342754	11.210666	22.335141
184	5.402100	5.808608	11.210708	22.428216
184.1	0.927028	10.283722	11.210750	22.548379
184.2	2.446642	8.764095	11.210736	22.677631
184.3	7.970039	3.240646	11.210684	22.797917
184.4	10.194244	1.016421	11.210664	22.894942
184.5	6.269936	4.940766	11.210702	22.960782
184.6	1.508769	9.701977	11.210746	22.994601
184.7	2.161853	9.048885	11.210738	23.001321
184.8	7.103926	4.106764	11.210690	22.988711
184.9	9.554491	1.656176	11.210667	22.963876
185	6.310733	4.899967	11.210700	22.930369
185.1	1.949898	9.260845	11.210743	22.887010
185.2	2.476905	8.733833	11.210738	22.828893
185.3	7.188470	4.022222	11.210692	22.750301
185.4	9.731021	1.479648	11.210668	22.648469
185.5	6.733670	4.477027	11.210698	22.526735
185.6	2.263700	8.947039	11.210740	22.395674
185.7	2.244049	8.966690	11.210739	22.271481
185.8	6.569361	4.641337	11.210698	22.171802
185.9	9.491007	1.719665	11.210672	22.110252
186	7.432899	3.777796	11.210695	22.091454
186.1	3.526315	7.684418	11.210732	22.108443
186.2	3.011370	8.199364	11.210734	22.143623
186.3	6.147271	5.063429	11.210700	22.173275
186.4	8.271368	2.939312	11.210680	22.174368
186.5	6.502371	4.708329	11.210700	22.131536
186.6	3.599106	7.611624	11.210730	22.041891
186.7	3.832471	7.378257	11.210728	21.916002
186.8	6.926304	4.284394	11.210697	21.774608
186.9	8.547735	2.662946	11.210681	21.642112
187	6.450776	4.759927	11.210702	21.539045
187.1	3.546913	7.663817	11.210730	21.476068
187.2	3.710117	7.500609	11.210726	21.451536
187.3	6.381216	4.829481	11.210697	21.453394
187.4	7.561627	3.649059	11.210685	21.464579
187.5	5.624940	5.585767	11.210707	21.469815
187.6	3.591734	7.618996	11.210730	21.461184
187.7	4.652282	6.558439	11.210720	21.440313
187.8	7.408568	3.802122	11.210691	21.416343
187.9	7.751920	3.458764	11.210684	21.400504
188	4.814617	6.396095	11.210712	21.399547
188.1	2.475900	8.734836	11.210736	21.410827
188.2	4.053908	7.156813	11.210722	21.421347
188.3	7.537519	3.673169	11.210688	21.411608
188.4	8.201625	3.009056	11.210681	21.363215
188.5	5.155433	6.055279	11.210712	21.267575
188.6	2.670393	8.540344	11.210737	21.132309
188.7	4.255547	6.955174	11.210721	20.982539
188.8	7.664744	3.545942	11.210686	20.855872
188.9	7.947988	3.262693	11.210681	20.792124
189	4.475221	6.735495	11.210715	20.820872
189.1	2.075315	9.135427	11.210742	20.950958
189.2	4.409159	6.801563	11.210722	21.165724
189.3	8.639003	2.571677	11.210681	21.426017
189.4	9.024747	2.185928	11.210675	21.680466
189.5	4.822195	6.388520	11.210715	21.880042
189.6	1.597056	9.613691	11.210747	21.992305
189.7	3.811600	7.399126	11.210726	22.010727
189.8	8.625302	2.585379	11.210680	21.955954
189.9	9.549364	1.661307	11.210671	21.868533
190	5.253603	5.957109	11.210712	21.795476
190.1	1.546240	9.664509	11.210749	21.775089
190.2	3.588151	7.622579	11.210730	21.825104
190.3	8.762911	2.447769	11.210680	21.938026
190.4	10.020548	1.190118	11.210666	22.085113
190.5	5.411084	5.799625	11.210709	22.227465
190.6	0.936002	10.274750	11.210752	22.330251
190.7	2.651192	8.559545	11.210737	22.375077
190.8	8.491890	2.718793	11.210683	22.366177
190.9	10.866714	0.343947	11.210661	22.328326
191	6.684335	4.526366	11.210700	22.297298
191.1	1.435598	9.775150	11.210748	22.306343
191.2	1.866545	9.344197	11.210742	22.373518
191.3	7.064981	4.145709	11.210691	22.494438
191.4	9.864957	1.345708	11.210664	22.643070
191.5	6.563398	4.647300	11.210698	22.780357
191.6	1.818409	9.392336	11.210745	22.867700
191.7	2.213275	8.997466	11.210741	22.880606
191.8	7.289870	3.920822	11.210692	22.817730
191.9	10.175364	1.035300	11.210664	22.702158
192	6.881994	4.328700	11.210694	22.574423
192.1	1.683205	9.527537	11.210743	22.479605
192.2	1.372613	9.838131	11.210744	22.452871
192.3	6.223764	4.986935	11.210698	22.508266
192.4	9.774929	1.435738	11.210667	22.634410
192.5	7.542604	3.668086	11.210691	22.798349
192.6	2.841828	8.368908	11.210736	22.956058
192.7	2.056716	9.154026	11.210742	23.065898
192.8	6.013612	5.197089	11.210702	23.100542
192.9	9.116944	2.093728	11.210672	23.053570
193	7.136338	4.074354	11.210692	22.938971
193.1	2.890439	8.320295	11.210734	22.784278
193.2	2.242517	8.968223	11.210740	22.620205
193.3	6.103914	5.106789	11.210703	22.470660
193.4	9.335956	1.874718	11.210674	22.346581
193.5	7.797336	3.413355	11.210690	22.245438
193.6	3.786632	7.424096	11.210729	22.156001
193.7	2.661907	8.548829	11.210737	22.066073
193.8	5.578255	5.632451	11.210706	21.969825
193.9	8.275119	2.935562	11.210681	21.871756
194	7.197043	4.013652	11.210695	21.785641
194.1	4.239787	6.970939	11.210726	21.728927
194.2	3.738197	7.472533	11.210730	21.714795
194.3	6.266263	4.944439	11.210702	21.745106
194.4	8.011234	3.199449	11.210684	21.807121
194.5	6.372009	4.838692	11.210700	21.875588
194.6	3.685822	7.524907	11.210728	21.919726
194.7	3.832546	7.378181	11.210727	21.912867
194.8	6.648802	4.561896	11.210698	21.841443
194.9	8.140204	3.070479	11.210683	21.710145
195	6.178068	5.032635	11.210703	21.541359
195.1	3.545750	7.664980	11.210730	21.368936
195.2	3.961524	7.249201	11.210725	21.228263
195.3	6.724326	4.486369	11.210695	21.145843
195.4	7.670420	3.540263	11.210683	21.131752
195.5	5.189898	6.020810	11.210708	21.177311
195.6	2.732676	8.478059	11.210735	21.258559
195.7	4.035965	7.174759	11.210725	21.344216
195.8	7.660368	3.550322	11.210690	21.405408
195.9	8.685166	2.525512	11.210678	21.423992
196	5.493531	5.717176	11.210707	21.396951
196.1	2.229746	8.980992	11.210738	21.335735
196.2	3.261688	7.949040	11.210728	21.261169
196.3	7.135479	4.075211	11.210690	21.195924
196.4	8.487537	2.723140	11.210677	21.157220
196.5	5.469400	5.741308	11.210708	21.152125
196.6	2.418796	8.791944	11.210740	21.176785
196.7	3.872285	7.338443	11.210728	21.219490
196.8	8.073438	3.137247	11.210686	21.266188
196.9	9.137352	2.073320	11.210672	21.306382
197	5.200193	6.010515	11.210708	21.337300
197.1	1.348835	9.861912	11.210747	21.365026
197.2	2.952582	8.258153	11.210734	21.402307
197.3	8.233216	2.977470	11.210685	21.463916
197.4	10.342961	0.867704	11.210665	21.561162
197.5	6.473753	4.736949	11.210702	21.697336
197.6	1.758358	9.452389	11.210747	21.865473
197.7	2.491170	8.719569	11.210739	22.049075
197.8	7.647025	3.563664	11.210689	22.225517
197.9	10.193835	1.016829	11.210664	22.371168
198	6.578778	4.631920	11.210698	22.466872
198.1	1.621952	9.588794	11.210746	22.502426
198.2	2.098713	9.112031	11.210743	22.479075
198.3	7.558753	3.651939	11.210692	22.409512
198.4	10.789479	0.421182	11.210661	22.315475
198.5	7.418179	3.792513	11.210692	22.223469
198.6	1.800358	9.410386	11.210744	22.159486
198.7	1.261573	9.949175	11.210748	22.143751
198.8	6.383046	4.827653	11.210699	22.186531
198.9	10.313953	0.896710	11.210663	22.285881
199	7.949297	3.261390	11.210687	22.427868
199.1	2.624362	8.586375	11.210738	22.589393
199.2	1.455407	9.755340	11.210747	22.743113
199.3	5.766668	5.444036	11.210704	22.863485
199.4	9.497857	1.712811	11.210667	22.932545
199.5	7.548244	3.662443	11.210687	22.943970
199.6	2.644307	8.566427	11.210735	22.904321
199.7	1.523275	9.687471	11.210746	22.830997
199.8	5.767767	5.442939	11.210706	22.747384
199.9	9.721909	1.488760	11.210669	22.676477
200	8.161547	3.049137	11.210684	22.634773
