#time	ekin		epot		etot		chain_length
0	11.210660	11.250000	22.460660	23.500000
0.1	5.995909	16.488577	22.484486	23.733714
0.2	4.629804	17.854704	22.484508	23.776462
0.3	10.228953	12.255517	22.484470	23.626611
0.4	17.248396	5.236017	22.484413	23.326089
0.5	17.645827	4.838584	22.484411	22.949910
0.6	11.102771	11.381698	22.484468	22.586358
0.7	5.836015	16.648499	22.484514	22.313626
0.8	8.312091	14.172398	22.484489	22.179864
0.9	14.943791	7.540634	22.484425	22.192517
1	16.722287	5.762118	22.484406	22.319870
1.1	10.953636	11.530821	22.484457	22.503877
1.2	4.828428	17.656084	22.484512	22.679839
1.3	6.131792	16.352708	22.484500	22.796506
1.4	13.212576	9.271861	22.484437	22.830287
1.5	17.224368	5.260036	22.484405	22.789429
1.6	13.516645	8.967797	22.484442	22.707472
1.7	7.256618	15.227880	22.484497	22.628825
1.8	6.291554	16.192946	22.484500	22.591771
1.9	11.059548	11.424903	22.484451	22.614804
2	14.738256	7.746163	22.484419	22.690770
2.1	12.795415	9.689030	22.484445	22.790430
2.2	8.795333	13.689156	22.484489	22.873735
2.3	8.946612	13.537878	22.484490	22.904563
2.4	13.285514	9.198932	22.484445	22.863591
2.5	15.638640	6.845778	22.484418	22.754879
2.6	12.251764	10.232683	22.484447	22.604059
2.7	7.172932	15.311563	22.484494	22.448992
2.8	7.030487	15.454010	22.484497	22.326358
2.9	12.252408	10.232044	22.484452	22.258895
3	16.459579	6.024838	22.484417	22.247621
3.1	14.698139	7.786297	22.484436	22.271511
3.2	9.546432	12.938049	22.484481	22.294505
3.3	7.368503	15.115992	22.484494	22.277232
3.4	10.168151	12.316313	22.484464	22.189441
3.5	13.759435	8.724999	22.484434	22.019112
3.6	13.888776	8.595665	22.484442	21.775587
3.7	11.490703	10.993766	22.484469	21.486240
3.8	10.368747	12.115728	22.484475	21.188360
3.9	11.427949	11.056506	22.484454	20.919310
4	11.825490	10.658951	22.484441	20.708264
4.1	9.773183	12.711275	22.484458	20.571824
4.2	7.616498	14.867984	22.484482	20.514141
4.3	8.634394	13.850084	22.484478	20.530436
4.4	12.257909	10.226541	22.484450	20.611687
4.5	14.658019	7.826418	22.484437	20.748152
4.6	13.840866	8.643586	22.484452	20.930236
4.7	11.934501	10.549970	22.484471	21.146670
4.8	11.563339	10.921126	22.484465	21.381394
4.9	11.890112	10.594333	22.484446	21.611278
5	10.340386	12.144062	22.484449	21.806689
5.1	7.437223	15.047254	22.484477	21.935796
5.2	7.115004	15.369486	22.484491	21.971949
5.3	11.191767	11.292696	22.484463	21.901999
5.4	15.693666	6.790758	22.484424	21.732653
5.5	15.109076	7.375349	22.484425	21.492245
5.6	9.711087	12.773384	22.484471	21.226590
5.7	5.935682	16.548822	22.484504	20.989431
5.8	8.472246	14.012235	22.484481	20.829842
5.9	14.109590	8.374841	22.484431	20.780077
6	15.710620	6.773798	22.484418	20.847431
6.1	11.436818	11.047641	22.484459	21.012583
6.2	7.114836	15.369664	22.484500	21.235021
6.3	8.526130	13.958357	22.484487	21.464047
6.4	13.810165	8.674273	22.484438	21.652251
6.5	16.054866	6.429553	22.484418	21.767656
6.6	12.508296	9.976157	22.484453	21.801220
6.7	8.031846	14.452647	22.484494	21.767821
6.8	8.335369	14.149117	22.484486	21.700781
6.9	12.383088	10.101356	22.484443	21.641808
7	14.267519	8.216908	22.484427	21.629379
7.1	11.675430	10.809029	22.484459	21.688856
7.2	9.006947	13.477544	22.484492	21.826836
7.3	10.791319	11.693157	22.484476	22.030918
7.4	14.774300	7.710131	22.484431	22.274437
7.5	14.743336	7.741086	22.484422	22.524407
7.6	9.535342	12.949125	22.484467	22.750211
7.7	5.540845	16.943663	22.484508	22.930616
7.8	8.484830	13.999656	22.484487	23.057393
7.9	15.225849	7.258576	22.484425	23.134891
8	17.101814	5.382590	22.484404	23.176119
8.1	11.127214	11.357240	22.484453	23.196743
8.2	4.359468	18.125045	22.484513	23.208913
8.3	5.239902	17.244605	22.484507	23.216722
8.4	12.878116	9.606327	22.484443	23.214627
8.5	18.219198	4.265205	22.484403	23.189266
8.6	15.560925	6.923510	22.484435	23.124247
8.7	9.378159	13.106334	22.484493	23.006600
8.8	7.793121	14.691378	22.484499	22.833114
8.9	11.737277	10.747172	22.484449	22.614678
9	14.273391	8.211024	22.484415	22.377098
9.1	10.640436	11.844010	22.484446	22.157709
9.2	5.175178	17.309323	22.484501	21.998137
9.3	5.642278	16.842227	22.484505	21.934677
9.4	12.592792	9.891657	22.484449	21.988576
9.5	18.120294	4.364110	22.484404	22.158829
9.6	15.825332	6.659095	22.484427	22.419707
9.7	8.887933	13.596553	22.484487	22.724194
9.8	5.766709	16.717799	22.484507	23.013018
9.9	9.431457	13.053010	22.484467	23.227391
10	14.235655	8.248768	22.484423	23.322385
10.1	13.981088	8.503344	22.484433	23.277493
10.2	9.975630	12.508848	22.484478	23.101448
10.3	8.544466	13.940029	22.484494	22.829851
10.4	11.985985	10.498475	22.484460	22.516073
10.5	15.481102	7.003321	22.484423	22.217800
10.6	13.895003	8.589433	22.484435	21.982857
10.7	8.922818	13.561662	22.484480	21.838154
10.8	6.881858	15.602640	22.484498	21.784675
10.9	10.325599	12.158868	22.484466	21.799664
11	14.810947	7.673481	22.484428	21.845019
11.1	14.882793	7.601638	22.484432	21.879119
11.2	11.007832	11.476637	22.484469	21.868454
11.3	8.422728	14.061761	22.484489	21.795702
11.4	10.029871	12.454598	22.484469	21.662218
11.5	13.045542	9.438897	22.484439	21.484843
11.6	13.318531	9.165909	22.484440	21.288742
11.7	10.814093	11.670371	22.484465	21.099135
11.8	8.969107	13.515371	22.484477	20.934839
11.9	9.646918	12.837546	22.484464	20.805576
12	11.111828	11.372622	22.484450	20.713387
12.1	11.312915	11.171541	22.484455	20.656861
12.2	10.967201	11.517268	22.484468	20.635820
12.3	11.813510	10.670954	22.484464	20.654088
12.4	13.151675	9.332770	22.484446	20.718843
12.5	12.525756	9.958689	22.484445	20.836651
12.6	9.910706	12.573763	22.484469	21.007794
12.7	8.785624	13.698863	22.484487	21.221440
12.8	11.488123	10.996343	22.484466	21.454112
12.9	15.036707	7.447721	22.484428	21.672779
13	14.126516	8.357909	22.484425	21.842145
13.1	8.332846	14.151622	22.484468	21.934012
13.2	3.812177	18.672331	22.484508	21.935558
13.3	6.224433	16.260060	22.484493	21.853524
13.4	13.448729	9.035709	22.484439	21.712571
13.5	17.756191	4.728219	22.484411	21.548111
13.6	15.098372	7.386069	22.484441	21.395893
13.7	9.708916	12.775572	22.484488	21.281897
13.8	8.204668	14.279823	22.484491	21.216103
13.9	11.139947	11.344505	22.484452	21.192311
14	13.126119	9.358310	22.484429	21.194061
14.1	10.903705	11.580750	22.484454	21.204328
14.2	8.023330	14.461161	22.484491	21.215210
14.3	9.647629	12.836856	22.484485	21.233635
14.4	14.774452	7.709987	22.484439	21.280500
14.5	16.935812	5.548603	22.484415	21.383055
14.6	12.820595	9.663853	22.484448	21.563000
14.7	7.126826	15.357671	22.484497	21.824618
14.8	6.732238	15.752259	22.484498	22.147673
14.9	11.745971	10.738479	22.484450	22.488411
15	15.455479	7.028939	22.484418	22.789334
15.1	13.307360	9.177082	22.484443	22.995277
15.2	8.836293	13.648197	22.484490	23.070834
15.3	8.562787	13.921705	22.484492	23.013295
15.4	12.875147	9.609300	22.484447	22.856340
15.5	15.418637	7.065779	22.484416	22.662524
15.6	11.927004	10.557441	22.484445	22.506212
15.7	6.434463	16.050033	22.484496	22.451844
15.8	6.177934	16.306567	22.484501	22.534174
15.9	11.846942	10.637509	22.484451	22.746732
16	16.367371	6.117041	22.484411	23.042351
16.1	14.092215	8.392219	22.484434	23.345857
16.2	8.246600	14.237890	22.484490	23.575221
16.3	6.674480	15.810025	22.484505	23.664813
16.4	11.502318	10.982142	22.484460	23.583774
16.5	16.412151	6.072263	22.484415	23.344091
16.6	15.026323	7.458105	22.484428	22.996262
16.7	9.179776	13.304705	22.484480	22.614268
16.8	6.240332	16.244170	22.484502	22.274806
16.9	9.349714	13.134753	22.484467	22.037241
17	13.650695	8.833730	22.484425	21.930164
17.1	13.188108	9.296323	22.484432	21.948010
17.2	8.878545	13.605931	22.484476	22.057809
17.3	6.934539	15.549958	22.484497	22.212947
17.4	10.282848	12.201620	22.484467	22.368851
17.5	14.756244	7.728185	22.484429	22.495364
17.6	14.941145	7.543288	22.484433	22.582167
17.7	11.386693	11.097778	22.484471	22.636315
17.8	9.396846	13.087643	22.484488	22.673750
17.9	11.431035	11.053427	22.484462	22.708609
18	13.792200	8.692230	22.484430	22.744591
18.1	12.101132	10.383309	22.484440	22.771594
18.2	7.837477	14.647004	22.484482	22.768646
18.3	6.777314	15.707184	22.484499	22.711770
18.4	11.278165	11.206302	22.484466	22.583649
18.5	16.762142	5.722282	22.484424	22.381406
18.6	17.140908	5.343514	22.484422	22.119643
18.7	12.128590	10.355871	22.484461	21.827652
18.8	7.213851	15.270641	22.484492	21.541873
18.9	6.897294	15.587189	22.484483	21.296251
19	10.094413	12.390042	22.484455	21.113778
19.1	12.778213	9.706230	22.484443	21.001894
19.2	13.189407	9.295047	22.484454	20.952922
19.3	12.659920	9.824542	22.484462	20.948892
19.4	12.282372	10.202083	22.484455	20.968635
19.5	11.274681	11.209771	22.484452	20.994466
19.6	9.271814	13.212651	22.484465	21.016199
19.7	8.175114	14.309365	22.484479	21.031484
19.8	9.852708	12.631761	22.484469	21.042999
19.9	12.842334	9.642110	22.484443	21.054197
20	13.559171	8.925266	22.484437	21.065797
20.1	11.146622	11.337840	22.484462	21.074684
20.2	9.120191	13.364294	22.484486	21.075754
20.3	10.757335	11.727137	22.484473	21.065851
20.4	14.194166	8.290271	22.484437	21.047928
20.5	14.442073	8.042354	22.484428	21.033280
20.6	10.264026	12.220436	22.484462	21.040339
20.7	6.526493	15.958004	22.484497	21.089796
20.8	8.120456	14.364028	22.484484	21.197306
20.9	13.174273	9.310164	22.484437	21.366144
21	15.020152	7.464266	22.484417	21.582510
21.1	10.939551	11.544903	22.484454	21.815545
21.2	6.150580	16.333921	22.484501	22.022733
21.3	7.265548	15.218948	22.484496	22.159633
21.4	13.502180	8.982263	22.484443	22.191448
21.5	17.392140	5.092270	22.484411	22.103178
21.6	14.372867	8.111574	22.484441	21.905387
21.7	8.689098	13.795395	22.484493	21.633769
21.8	7.710726	14.773773	22.484498	21.342386
21.9	12.179263	10.305187	22.484450	21.092231
22	15.412658	7.071758	22.484416	20.937980
22.1	12.518712	9.965729	22.484442	20.916252
22.2	7.171863	15.312631	22.484494	21.038207
22.3	6.741124	15.743378	22.484502	21.288107
22.4	12.287563	10.196890	22.484453	21.627906
22.5	16.956890	5.527523	22.484412	22.006447
22.6	15.011812	7.472622	22.484433	22.370854
22.7	9.362835	13.121651	22.484486	22.677351
22.8	7.464113	15.020387	22.484500	22.899090
22.9	11.194044	11.290412	22.484456	23.029483
23	14.498354	7.986063	22.484418	23.080653
23.1	12.002892	10.481547	22.484439	23.077818
23.2	6.787078	15.697416	22.484494	23.051242
23.3	6.490665	15.993841	22.484506	23.027865
23.4	12.750307	9.734148	22.484455	23.024654
23.5	18.269434	4.214970	22.484404	23.045203
23.6	15.873128	6.611292	22.484420	23.080275
23.7	7.873956	14.610528	22.484484	23.111975
23.8	3.437133	19.047384	22.484517	23.120324
23.9	7.296939	15.187542	22.484481	23.090344
24	14.335051	8.149374	22.484425	23.017599
24.1	16.574844	5.909574	22.484418	22.910506
24.2	12.981607	9.502854	22.484461	22.788570
24.3	9.507668	12.976822	22.484491	22.676882
24.4	10.343746	12.140725	22.484470	22.598369
24.5	12.705673	9.778762	22.484435	22.566113
24.6	11.767124	10.717315	22.484439	22.578213
24.7	8.118039	14.366438	22.484477	22.617092
24.8	7.047918	15.436576	22.484494	22.653896
24.9	10.790440	11.694022	22.484462	22.657053
25	14.857712	7.626712	22.484424	22.602628
25.1	13.894160	8.590272	22.484432	22.483321
25.2	9.125313	13.359165	22.484478	22.313071
25.3	7.030531	15.453969	22.484501	22.125392
25.4	10.777603	11.706867	22.484469	21.965371
25.5	15.901522	6.582903	22.484424	21.877281
25.6	16.076614	6.407811	22.484424	21.891254
25.7	11.291776	11.192692	22.484468	22.012999
25.8	7.631364	14.853133	22.484497	22.219833
25.9	9.209955	13.274521	22.484476	22.464520
26	13.119620	9.364816	22.484436	22.686111
26.1	13.809843	8.674589	22.484431	22.824849
26.2	10.580060	11.904405	22.484465	22.836956
26.3	8.131224	14.353266	22.484490	22.705125
26.4	9.930686	12.553787	22.484473	22.441895
26.5	13.686973	8.797467	22.484440	22.085223
26.6	14.761694	7.722741	22.484435	21.687947
26.7	12.325251	10.159208	22.484460	21.304535
26.8	9.840378	12.644099	22.484478	20.979097
26.9	9.869635	12.614831	22.484466	20.737920
27	10.932421	11.552027	22.484448	20.588048
27.1	10.536784	11.947669	22.484453	20.521301
27.2	9.343470	13.141003	22.484473	20.521444
27.3	10.057495	12.426979	22.484474	20.571403
27.4	12.796280	9.688170	22.484450	20.657882
27.5	14.187870	8.296565	22.484434	20.772104
27.6	12.045683	10.438769	22.484452	20.907186
27.7	8.928675	13.555807	22.484482	21.054130
27.8	8.955812	13.528668	22.484481	21.198957
27.9	11.941874	10.542574	22.484448	21.322992
28	13.365103	9.119327	22.484431	21.406858
28.1	10.807606	11.676850	22.484456	21.436964
28.2	7.935833	14.548660	22.484493	21.411941
28.3	9.774144	12.710341	22.484485	21.346097
28.4	15.168458	7.315979	22.484436	21.267807
28.5	17.163980	5.320428	22.484408	21.212534
28.6	11.875452	10.608991	22.484443	21.212261
28.7	4.412615	18.071888	22.484504	21.284726
28.8	3.333314	19.151200	22.484514	21.426279
28.9	10.053638	12.430821	22.484460	21.611245
29	16.869369	5.615039	22.484408	21.798574
29.1	16.462707	6.021716	22.484422	21.944003
29.2	10.765945	11.718534	22.484480	22.013939
29.3	7.814414	14.670089	22.484503	21.996402
29.4	11.008676	11.475790	22.484465	21.905202
29.5	15.086539	7.397882	22.484421	21.775729
29.6	13.875787	8.608646	22.484433	21.653560
29.7	8.990822	13.493662	22.484484	21.579685
29.8	7.520536	14.963966	22.484502	21.577412
29.9	11.925234	10.559224	22.484459	21.645536
30	16.181178	6.303234	22.484412	21.760290
30.1	13.820866	8.663563	22.484428	21.885463
30.2	7.141926	15.342564	22.484490	21.987193
30.3	4.816259	17.668257	22.484516	22.048095
30.4	10.559015	11.925455	22.484470	22.075480
30.5	17.805355	4.679053	22.484408	22.100337
30.6	17.758388	4.726021	22.484409	22.166924
30.7	10.543245	11.941226	22.484471	22.316179
30.8	4.969357	17.515158	22.484515	22.568519
30.9	7.275901	15.208586	22.484487	22.912081
31	13.535424	8.949003	22.484427	23.300910
31.1	15.316329	7.168086	22.484414	23.664411
31.2	10.752302	11.732159	22.484462	23.925674
31.3	6.488115	15.996389	22.484504	24.023236
31.4	8.468884	14.015601	22.484486	23.929574
31.5	14.156358	8.328075	22.484434	23.660455
31.6	16.246883	6.237534	22.484417	23.272085
31.7	12.383646	10.100809	22.484455	22.846769
31.8	7.820535	14.663959	22.484494	22.471330
31.9	8.040332	14.444152	22.484484	22.214733
32	11.743021	10.741423	22.484444	22.111441
32.1	13.406674	9.077758	22.484431	22.155091
32.2	11.209115	11.275346	22.484461	22.303806
32.3	9.156266	13.328220	22.484487	22.494843
32.4	10.850270	11.634200	22.484470	22.663649
32.5	14.033604	8.450831	22.484434	22.761385
32.6	13.683152	8.801278	22.484430	22.765946
32.7	9.278005	13.206462	22.484467	22.683931
32.8	5.991545	16.492952	22.484497	22.544051
32.9	7.996937	14.487543	22.484480	22.385098
33	12.978908	9.505532	22.484440	22.242930
33.1	15.262973	7.221455	22.484428	22.140699
33.2	13.187309	9.297148	22.484457	22.084940
33.3	10.739790	11.744693	22.484483	22.067810
33.4	11.572427	10.912043	22.484470	22.073622
33.5	13.916494	8.567945	22.484439	22.086562
33.6	13.375112	9.109323	22.484435	22.096466
33.7	9.493516	12.990952	22.484468	22.100709
33.8	6.828887	15.655606	22.484493	22.101984
33.9	8.950619	13.533858	22.484477	22.103474
34	13.562151	8.922289	22.484439	22.103876
34.1	15.348013	7.136415	22.484428	22.094646
34.2	12.647076	9.837378	22.484454	22.060866
34.3	9.131359	13.353123	22.484482	21.985558
34.4	8.729987	13.754491	22.484478	21.855882
34.5	10.970209	11.514245	22.484454	21.668845
34.6	12.595307	9.889139	22.484445	21.434306
34.7	12.308644	10.175814	22.484458	21.174054
34.8	11.723596	10.760870	22.484466	20.917158
34.9	11.880042	10.604413	22.484455	20.693138
35	11.324588	11.159858	22.484446	20.525251
35.1	8.968232	13.516230	22.484462	20.426036
35.2	7.095945	15.388541	22.484486	20.396409
35.3	9.039613	13.444868	22.484481	20.428225
35.4	14.000050	8.484394	22.484444	20.509014
35.5	16.720902	5.763517	22.484419	20.626872
35.6	13.723053	8.761388	22.484442	20.773583
35.7	8.245481	14.239006	22.484487	20.944861
35.8	6.707183	15.777314	22.484498	21.137845
35.9	10.618542	11.865917	22.484459	21.347097
36	14.559888	7.924534	22.484422	21.561070
36.1	13.280880	9.203555	22.484436	21.760860
36.2	8.698691	13.785791	22.484482	21.922311
36.3	7.324154	15.160344	22.484498	22.021221
36.4	11.367239	11.117221	22.484460	22.040275
36.5	15.513222	6.971197	22.484419	21.975459
36.6	13.960737	8.523694	22.484431	21.839752
36.7	8.388933	14.095548	22.484482	21.662535
36.8	5.975694	16.508810	22.484504	21.484441
36.9	9.897161	12.587307	22.484468	21.348705
37	15.063874	7.420548	22.484422	21.291172
37.1	14.976315	7.508113	22.484428	21.331567
37.2	10.513681	11.970796	22.484478	21.468364
37.3	8.648439	13.836063	22.484502	21.678656
37.4	12.654135	9.830329	22.484463	21.923162
37.5	17.140555	5.343858	22.484413	22.155192
37.6	15.040673	7.443747	22.484420	22.331454
37.7	7.489841	14.994641	22.484482	22.422159
37.8	3.181534	19.302986	22.484520	22.418074
37.9	7.505458	14.979026	22.484485	22.332917
38	15.494070	6.990350	22.484420	22.200552
38.1	17.910527	4.573879	22.484406	22.067579
38.2	12.701932	9.782525	22.484457	21.982941
38.3	7.095875	15.388630	22.484505	21.986826
38.4	7.951419	14.533071	22.484490	22.101312
38.5	13.183663	9.300773	22.484436	22.324884
38.6	15.203088	7.281329	22.484417	22.632126
38.7	11.260322	11.224134	22.484456	22.978785
38.8	6.832147	15.652352	22.484499	23.311149
38.9	7.947215	14.537273	22.484488	23.577631
39	13.087788	9.396651	22.484439	23.739822
39.1	15.404228	7.080190	22.484418	23.780327
39.2	11.910568	10.573884	22.484451	23.705422
39.3	7.270533	15.213960	22.484494	23.541857
39.4	7.467988	15.016503	22.484491	23.328714
39.5	12.135290	10.349160	22.484450	23.106588
39.6	15.513924	6.970501	22.484425	22.907182
39.7	14.089885	8.394559	22.484445	22.746298
39.8	10.474652	12.009824	22.484476	22.622222
39.9	9.034739	13.449738	22.484477	22.519870
40	10.096897	12.387558	22.484455	22.419210
40.1	10.645036	11.839411	22.484447	22.305092
40.2	9.618457	12.866009	22.484466	22.175058
40.3	9.565791	12.918688	22.484479	22.042326
40.4	12.254026	10.230435	22.484461	21.932670
40.5	15.032610	7.451822	22.484432	21.875985
40.6	13.879520	8.604915	22.484435	21.895201
40.7	9.279139	13.205332	22.484471	21.996296
40.8	6.458486	16.026011	22.484497	22.162954
40.9	8.977187	13.507291	22.484477	22.358098
41	14.032212	8.452225	22.484437	22.532287
41.1	15.909843	6.574584	22.484427	22.636722
41.2	13.142999	9.341458	22.484457	22.636948
41.3	9.954400	12.530085	22.484485	22.522985
41.4	10.322237	12.162237	22.484475	22.312624
41.5	12.857501	9.626943	22.484444	22.046719
41.6	13.229712	9.254724	22.484436	21.777841
41.7	10.391724	12.092738	22.484462	21.555752
41.8	7.906594	14.577890	22.484484	21.414102
41.9	8.844329	13.640144	22.484472	21.362335
42	11.671295	10.813151	22.484447	21.384981
42.1	12.792886	9.691557	22.484444	21.448155
42.2	11.749261	10.735204	22.484465	21.510787
42.3	11.414204	11.070270	22.484474	21.536774
42.4	13.057924	9.426530	22.484454	21.504233
42.5	13.862272	8.622162	22.484433	21.409320
42.6	11.040037	11.444412	22.484448	21.264134
42.7	6.793732	15.690754	22.484486	21.090300
42.8	6.384964	16.099532	22.484495	20.911181
42.9	11.091985	11.392474	22.484459	20.745788
43	15.701030	6.783390	22.484420	20.606427
43.1	14.736894	7.747536	22.484430	20.500342
43.2	9.623767	12.860710	22.484477	20.433776
43.3	7.020175	15.464325	22.484500	20.415850
43.4	10.136892	12.347576	22.484468	20.459685
43.5	14.543706	7.940719	22.484426	20.579457
43.6	14.229803	8.254627	22.484430	20.783953
43.7	9.807555	12.676920	22.484475	21.069000
43.8	7.627676	14.856822	22.484498	21.412103
43.9	10.872049	11.612416	22.484465	21.772280
44	14.867970	7.616450	22.484420	22.096449
44.1	13.385598	9.098830	22.484428	22.331361
44.2	7.575095	14.909387	22.484482	22.437848
44.3	5.095938	17.388573	22.484512	22.402843
44.4	10.017577	12.466896	22.484473	22.244952
44.5	16.897679	5.586736	22.484414	22.011123
44.6	17.384703	5.099708	22.484411	21.764823
44.7	11.008626	11.475843	22.484468	21.568971
44.8	5.881552	16.602960	22.484512	21.468816
44.9	8.199388	14.285098	22.484486	21.480141
45	14.353420	8.131007	22.484427	21.586635
45.1	16.057057	6.427358	22.484415	21.747281
45.2	11.525846	10.958618	22.484464	21.911326
45.3	7.661011	14.823495	22.484506	22.035851
45.4	10.331822	12.152660	22.484481	22.100039
45.5	15.982739	6.501682	22.484421	22.111375
45.6	16.147686	6.336722	22.484408	22.101710
45.7	9.075932	13.408532	22.484465	22.114625
45.8	2.840985	19.643536	22.484521	22.188526
45.9	5.361348	17.123156	22.484503	22.341383
46	14.142577	8.341856	22.484433	22.562520
46.1	19.150306	3.334090	22.484396	22.814473
46.2	15.188696	7.295741	22.484437	23.044448
46.3	7.935414	14.549085	22.484499	23.201630
46.4	6.257781	16.226724	22.484506	23.254489
46.5	11.137598	11.346856	22.484454	23.202171
46.6	15.293517	7.190898	22.484415	23.075960
46.7	13.161495	9.322941	22.484437	22.930091
46.8	7.783839	14.700647	22.484486	22.824737
46.9	6.158664	16.325834	22.484498	22.806598
47	10.046372	12.438089	22.484462	22.893329
47.1	14.385637	8.098792	22.484429	23.066839
47.2	14.473145	8.011295	22.484439	23.277585
47.3	11.624734	10.859736	22.484471	23.458553
47.4	10.218380	12.266098	22.484477	23.544538
47.5	11.272250	11.212205	22.484455	23.490845
47.6	11.775262	10.709181	22.484442	23.285869
47.7	10.019226	12.465235	22.484461	22.954089
47.8	8.568131	13.916351	22.484483	22.549082
47.9	10.358667	12.125805	22.484471	22.139133
48	13.762538	8.721901	22.484439	21.790056
48.1	14.201346	8.283084	22.484430	21.550230
48.2	10.502513	11.981948	22.484461	21.441748
48.3	7.062500	15.421993	22.484493	21.459299
48.4	8.373422	14.111061	22.484483	21.575957
48.5	13.092925	9.391519	22.484444	21.753076
48.6	15.718102	6.766325	22.484426	21.950758
48.7	13.658637	8.825813	22.484450	22.135789
48.8	10.223613	12.260868	22.484481	22.285390
48.9	9.759553	12.724924	22.484478	22.386868
49	11.894667	10.589783	22.484450	22.434684
49.1	12.729437	9.755003	22.484439	22.427059
49.2	10.862884	11.621579	22.484462	22.363919
49.3	9.436388	13.048095	22.484483	22.246976
49.4	11.274857	11.209611	22.484468	22.081512
49.5	14.247857	8.236579	22.484436	21.878491
49.6	13.831404	8.653028	22.484432	21.655411
49.7	9.580724	12.903742	22.484466	21.434793
49.8	6.337638	16.146856	22.484494	21.240241
49.9	8.068237	14.416242	22.484479	21.091090
50	12.591550	9.892890	22.484440	20.997435
50.1	14.507835	7.976596	22.484431	20.957339
50.2	12.382580	10.101880	22.484460	20.957420
50.3	10.279260	12.205224	22.484484	20.976819
50.4	11.571961	10.912506	22.484467	20.993436
50.5	13.859134	8.625299	22.484433	20.990457
50.6	12.407899	10.076535	22.484434	20.961119
50.7	7.492846	14.991630	22.484476	20.910225
50.8	5.048073	17.436431	22.484504	20.852022
50.9	8.982755	13.501722	22.484477	20.805282
51	15.370722	7.113703	22.484425	20.787291
51.1	16.878349	5.606066	22.484415	20.808759
51.2	12.098698	10.385762	22.484460	20.871231
51.3	7.415777	15.068725	22.484502	20.967694
51.4	8.665139	13.819346	22.484485	21.085912
51.5	13.552215	8.932220	22.484434	21.213163
51.6	14.947049	7.537370	22.484418	21.340615
51.7	10.623126	11.861333	22.484459	21.465784
51.8	6.298424	16.186078	22.484501	21.592256
51.9	7.866740	14.617748	22.484487	21.726801
52	13.365476	9.118960	22.484436	21.874915
52.1	15.613207	6.871210	22.484417	22.036366
52.2	11.945951	10.538505	22.484456	22.202319
52.3	7.776426	14.708073	22.484499	22.355181
52.4	9.089925	13.394561	22.484486	22.471486
52.5	14.138583	8.345852	22.484435	22.527261
52.6	15.802417	6.682000	22.484417	22.504593
52.7	11.521374	10.963084	22.484458	22.397727
52.8	7.147668	15.336837	22.484504	22.217047
52.9	9.117035	13.367455	22.484490	21.989718
53	15.338409	7.146022	22.484430	21.756487
53.1	17.391975	5.092429	22.484404	21.564979
53.2	11.633148	10.851301	22.484450	21.460651
53.3	4.561489	17.923022	22.484512	21.477199
53.4	4.956985	17.527525	22.484511	21.628501
53.5	12.657249	9.827198	22.484446	21.904070
53.6	18.495173	3.989225	22.484398	22.269383
53.7	15.594212	6.890212	22.484424	22.671493
53.8	7.668592	14.815899	22.484490	23.049111
53.9	4.066827	18.417688	22.484514	23.345188
54	8.319021	14.165452	22.484473	23.519210
54.1	14.654982	7.829442	22.484424	23.556180
54.2	15.997827	6.486598	22.484425	23.469890
54.3	12.397346	10.087119	22.484466	23.299325
54.4	9.500145	12.984342	22.484487	23.098808
54.5	10.390211	12.094254	22.484465	22.924194
54.6	12.158878	10.325560	22.484438	22.818671
54.7	11.026144	11.458302	22.484446	22.801968
54.8	8.074657	14.409820	22.484477	22.865993
54.9	7.625905	14.858582	22.484486	22.978163
55	11.011819	11.472641	22.484461	23.091504
55.1	14.635310	7.849125	22.484435	23.158587
55.2	14.764328	7.720113	22.484440	23.145203
55.3	12.151822	10.332644	22.484466	23.039720
55.4	10.330588	12.153887	22.484474	22.855411
55.5	10.572021	11.912438	22.484459	22.625212
55.6	10.803886	11.680562	22.484448	22.390768
55.7	9.548097	12.936364	22.484461	22.189418
55.8	8.593514	13.890964	22.484478	22.043377
55.9	10.264051	12.220419	22.484470	21.954586
56	13.400142	9.084302	22.484444	21.906743
56.1	14.331866	8.152570	22.484435	21.873588
56.2	11.891863	10.592596	22.484458	21.830361
56.3	9.339066	13.145417	22.484483	21.764279
56.4	10.108194	12.376281	22.484475	21.680242
56.5	13.091522	9.392924	22.484445	21.599645
56.6	14.124079	8.360356	22.484435	21.552612
56.7	11.769265	10.715194	22.484459	21.566298
56.8	9.340061	13.144422	22.484483	21.653368
56.9	10.225515	12.258959	22.484473	21.804735
57	13.037129	9.447313	22.484443	21.989289
57.1	13.504782	8.979653	22.484435	22.160944
57.2	10.587979	11.896483	22.484463	22.270872
57.3	8.143878	14.340609	22.484487	22.281030
57.4	9.572571	12.911901	22.484473	22.174672
57.5	12.870454	9.613985	22.484439	21.960606
57.6	13.270454	9.213979	22.484433	21.670052
57.7	10.055253	12.429214	22.484467	21.347482
57.8	7.906236	14.578257	22.484493	21.038659
57.9	10.445546	12.038926	22.484472	20.779871
58	14.739218	7.745211	22.484430	20.591596
58.1	14.799923	7.684501	22.484424	20.478055
58.2	9.868661	12.615806	22.484467	20.431857
58.3	6.122117	16.362388	22.484505	20.441173
58.4	8.821566	13.662918	22.484484	20.496122
58.5	15.017760	7.466669	22.484429	20.591736
58.6	16.833356	5.651053	22.484409	20.726474
58.7	11.520203	10.964249	22.484452	20.897385
58.8	5.219418	17.265086	22.484505	21.094551
58.9	5.344214	17.140287	22.484501	21.297974
59	11.411241	11.073208	22.484449	21.479195
59.1	16.119561	6.364856	22.484417	21.608015
59.2	14.872007	7.612435	22.484441	21.662447
59.3	10.993359	11.491123	22.484482	21.638349
59.4	10.172268	12.312214	22.484481	21.554750
59.5	12.362392	10.122052	22.484444	21.452010
59.6	12.451771	10.032659	22.484429	21.382301
59.7	8.459063	14.025401	22.484464	21.394657
59.8	5.319443	17.165060	22.484503	21.519077
59.9	8.395626	14.088862	22.484488	21.754945
60	15.427098	7.057334	22.484432	22.068019
60.1	18.445191	4.039215	22.484406	22.397690
60.2	13.862826	8.621621	22.484446	22.672890
60.3	7.435298	15.049205	22.484502	22.832104
60.4	7.093697	15.390805	22.484502	22.841378
60.5	12.768495	9.715951	22.484446	22.704651
60.6	16.608628	5.875781	22.484409	22.463059
60.7	13.387418	9.097021	22.484439	22.183304
60.8	7.369026	15.115470	22.484496	21.938684
60.9	6.574941	15.909563	22.484504	21.788706
61	12.096883	10.387569	22.484452	21.763598
61.1	16.620701	5.863708	22.484409	21.858383
61.2	14.052304	8.432127	22.484431	22.037996
61.3	7.490099	14.994391	22.484489	22.251320
61.4	5.144658	17.339850	22.484508	22.449173
61.5	9.758855	12.725611	22.484466	22.600139
61.6	15.369700	7.114719	22.484419	22.699061
61.7	15.254098	7.230328	22.484426	22.765654
61.8	10.326629	12.157844	22.484473	22.834107
61.9	7.285408	15.199090	22.484498	22.937599
62	9.653462	12.831009	22.484471	23.093306
62.1	13.730095	8.754338	22.484433	23.293188
62.2	14.141631	8.342802	22.484433	23.503807
62.3	10.873138	11.611329	22.484467	23.675299
62.4	8.547016	13.937469	22.484485	23.756554
62.5	9.796314	12.688153	22.484467	23.711583
62.6	12.158147	10.326295	22.484442	23.531750
62.7	12.188530	10.295915	22.484446	23.239936
62.8	10.342342	12.142127	22.484469	22.885378
62.9	9.780935	12.703540	22.484475	22.530872
63	11.415030	11.069426	22.484457	22.236382
63.1	12.689181	9.795262	22.484443	22.043976
63.2	11.710630	10.773826	22.484456	21.968404
63.3	10.305657	12.178819	22.484476	21.995621
63.4	11.224282	11.260188	22.484470	22.089061
63.5	13.559691	8.924751	22.484443	22.201189
63.6	13.461491	9.022942	22.484433	22.286563
63.7	9.695090	12.789370	22.484461	22.312652
63.8	6.201622	16.282871	22.484493	22.265771
63.9	7.477329	15.007157	22.484486	22.151319
64	12.630245	9.854203	22.484448	21.989291
64.1	16.254046	6.230380	22.484426	21.807242
64.2	15.160740	7.323706	22.484445	21.633163
64.3	11.971689	10.512786	22.484475	21.490176
64.4	10.899532	11.584942	22.484474	21.393874
64.5	11.883730	10.600718	22.484448	21.351994
64.6	11.396092	11.088349	22.484441	21.365384
64.7	8.547830	13.936640	22.484470	21.429109
64.8	7.268853	15.215640	22.484493	21.532973
64.9	10.760604	11.723868	22.484472	21.661488
65	15.871481	6.612945	22.484426	21.793954
65.1	16.101278	6.383138	22.484416	21.905565
65.2	10.211131	12.273332	22.484462	21.970204
65.3	4.818614	17.665895	22.484509	21.964884
65.4	6.542579	15.941917	22.484496	21.874976
65.5	13.398068	9.086368	22.484436	21.698788
65.6	16.974855	5.509551	22.484407	21.449922
65.7	13.088715	9.395730	22.484445	21.156337
65.8	7.140005	15.344496	22.484501	20.855914
65.9	7.015280	15.469221	22.484501	20.589421
66	12.751377	9.733069	22.484446	20.392551
66.1	16.583501	5.900908	22.484409	20.289067
66.2	13.298355	9.186084	22.484439	20.286782
66.3	7.130386	15.354110	22.484496	20.377299
66.4	6.074822	16.409682	22.484504	20.539371
66.5	11.289039	11.195415	22.484454	20.744783
66.6	15.726019	6.758394	22.484413	20.965042
66.7	13.670006	8.814429	22.484436	21.177115
66.8	8.266614	14.217875	22.484489	21.366867
66.9	7.032613	15.451888	22.484501	21.529637
67	11.625298	10.859158	22.484456	21.668240
67.1	15.759954	6.724462	22.484417	21.789316
67.2	13.923656	8.560780	22.484436	21.899326
67.3	8.862285	13.622202	22.484487	22.001402
67.4	7.646845	14.837653	22.484498	22.093897
67.5	11.826771	10.657683	22.484454	22.170953
67.6	15.261354	7.223062	22.484416	22.224777
67.7	12.665190	9.819248	22.484438	22.248930
67.8	7.153343	15.331149	22.484492	22.241611
67.9	6.312158	16.172347	22.484505	22.207948
68	11.942757	10.541701	22.484458	22.160473
68.1	17.372761	5.111651	22.484412	22.117407
68.2	16.121681	6.362746	22.484428	22.098879
68.3	10.360652	12.123830	22.484483	22.121811
68.4	7.818983	14.665520	22.484503	22.194683
68.5	11.329216	11.155245	22.484461	22.313656
68.6	15.110509	7.373907	22.484416	22.461426
68.7	12.805379	9.679051	22.484430	22.609704
68.8	6.444477	16.040011	22.484488	22.725272
68.9	4.200994	18.283520	22.484514	22.778567
69	9.732097	12.752375	22.484472	22.752727
69.1	17.105921	5.378493	22.484414	22.650552
69.2	17.974466	4.509944	22.484410	22.496991
69.3	11.715161	10.769301	22.484462	22.335707
69.4	5.737933	16.746572	22.484504	22.219842
69.5	6.163622	16.320868	22.484490	22.198825
69.6	11.075598	11.408848	22.484446	22.304508
69.7	14.219579	8.264851	22.484429	22.540519
69.8	13.156091	9.328362	22.484453	22.878178
69.9	11.092921	11.391555	22.484476	23.260744
70	11.217639	11.266828	22.484466	23.615442
70.1	12.295470	10.188975	22.484445	23.870431
70.2	11.376577	11.107870	22.484447	23.972242
70.3	8.879255	13.605218	22.484473	23.898864
70.4	8.293596	14.190887	22.484483	23.664763
70.5	10.987463	11.496998	22.484461	23.316352
70.6	13.835244	8.649192	22.484435	22.919249
70.7	13.306755	9.177687	22.484442	22.541036
70.8	10.316035	12.168436	22.484471	22.234572
70.9	8.962458	13.522025	22.484483	22.026624
71	10.915286	11.569176	22.484462	21.914851
71.1	13.296807	9.187632	22.484439	21.873481
71.2	12.892080	9.592366	22.484446	21.865314
71.3	10.588716	11.895754	22.484471	21.855753
71.4	9.806789	12.677687	22.484477	21.824166
71.5	11.397140	11.087316	22.484456	21.768994
71.6	12.512462	9.971979	22.484441	21.705324
71.7	11.076842	11.407614	22.484456	21.656330
71.8	9.193051	13.291429	22.484480	21.642056
71.9	10.223192	12.261284	22.484476	21.669857
72	13.572172	8.912273	22.484446	21.730045
72.1	14.967648	7.516783	22.484431	21.798346
72.2	12.383236	10.101220	22.484455	21.844182
72.3	9.290450	13.194038	22.484487	21.841720
72.4	10.097036	12.387444	22.484480	21.779549
72.5	13.683407	8.801032	22.484439	21.665416
72.6	14.356407	8.128015	22.484421	21.524200
72.7	9.691931	12.792525	22.484456	21.389790
72.8	4.714363	17.770140	22.484503	21.293714
72.9	6.000510	16.483988	22.484499	21.254546
73	12.884073	9.600371	22.484444	21.271804
73.1	17.602727	4.881680	22.484407	21.326432
73.2	14.859134	7.625300	22.484434	21.387565
73.3	8.554850	13.929641	22.484491	21.423068
73.4	6.711951	15.772553	22.484503	21.410040
73.5	11.073977	11.410479	22.484457	21.341601
73.6	15.073225	7.411190	22.484415	21.227767
73.7	12.862081	9.622354	22.484435	21.090474
73.8	7.344646	15.139845	22.484491	20.954982
73.9	6.381886	16.102621	22.484507	20.841194
74	12.121135	10.363323	22.484459	20.758324
74.1	17.704368	4.780040	22.484408	20.704917
74.2	15.923920	6.560500	22.484420	20.673965
74.3	8.555497	13.928984	22.484481	20.660739
74.4	4.178173	18.306340	22.484513	20.669680
74.5	7.433894	15.050586	22.484480	20.716922
74.6	13.699632	8.784796	22.484428	20.826621
74.7	15.632311	6.852112	22.484423	21.021741
74.8	12.418477	10.065986	22.484464	21.312346
74.9	9.670622	12.813867	22.484489	21.685861
75	11.018974	11.465493	22.484467	22.103525
75.1	13.389142	9.095291	22.484433	22.505481
75.2	12.159192	10.325248	22.484441	22.823993
75.3	8.402899	14.081581	22.484481	23.001375
75.4	7.690896	14.793599	22.484495	23.007183
75.5	11.998518	10.485941	22.484459	22.849055
75.6	16.210157	6.274261	22.484418	22.573217
75.7	14.592634	7.891795	22.484429	22.253859
75.8	8.744022	13.740459	22.484481	21.974060
75.9	6.044000	16.440508	22.484508	21.803771
76	10.220323	12.264150	22.484473	21.781408
76.1	16.373897	6.110524	22.484421	21.904598
76.2	17.099095	5.385322	22.484417	22.132796
76.3	11.751260	10.733203	22.484463	22.400802
76.4	6.900745	15.583755	22.484500	22.638861
76.5	7.739344	14.745138	22.484482	22.793045
76.6	11.869932	10.614507	22.484439	22.839739
76.7	13.219860	9.264568	22.484429	22.790090
76.8	10.260417	12.224044	22.484461	22.683585
76.9	7.547805	14.936685	22.484490	22.573381
77	9.135216	13.349261	22.484477	22.508510
77.1	13.184617	9.299825	22.484442	22.518758
77.2	14.794139	7.690293	22.484432	22.606862
77.3	12.601695	9.882762	22.484457	22.750018
77.4	10.059306	12.425173	22.484479	22.909535
77.5	10.201144	12.283324	22.484469	23.044879
77.6	11.652034	10.832411	22.484446	23.127159
77.7	11.283046	11.201401	22.484447	23.147572
77.8	9.225904	13.258567	22.484471	23.118303
77.9	8.810683	13.673799	22.484482	23.066052
78	11.549495	10.934966	22.484461	23.020807
78.1	14.509074	7.975361	22.484435	23.003969
78.2	14.018408	8.466031	22.484439	23.019891
78.3	10.607950	11.876518	22.484467	23.053595
78.4	8.291683	14.192800	22.484483	23.075210
78.5	9.259248	13.225219	22.484467	23.049462
78.6	11.392178	11.092268	22.484446	22.947031
78.7	11.809882	10.674568	22.484450	22.754134
78.8	11.030763	11.453707	22.484470	22.477524
78.9	11.678255	10.806216	22.484471	22.143671
79	13.841709	8.642739	22.484448	21.792742
79.1	14.294578	8.189856	22.484434	21.469454
79.2	11.192758	11.291697	22.484455	21.213539
79.3	7.522327	14.962160	22.484487	21.052289
79.4	7.758813	14.725673	22.484486	20.996688
79.5	11.812387	10.672064	22.484451	21.041401
79.6	14.769135	7.715293	22.484428	21.167782
79.7	13.298564	9.185883	22.484447	21.348502
79.8	10.112235	12.372247	22.484482	21.552374
79.9	10.101055	12.383427	22.484483	21.748444
80	13.285765	9.198681	22.484446	21.909047
80.1	14.562343	7.922082	22.484425	22.012040
80.2	11.043440	11.441014	22.484454	22.042606
80.3	6.836256	15.648241	22.484497	21.994853
80.4	7.954679	14.529813	22.484493	21.873039
80.5	13.682042	8.802398	22.484439	21.691914
80.6	16.484337	6.000069	22.484405	21.475529
80.7	11.660711	10.823730	22.484441	21.254140
80.8	4.316755	18.167751	22.484506	21.059331
80.9	3.742311	18.742208	22.484519	20.918166
81	11.622592	10.861866	22.484458	20.847662
81.1	19.284499	3.199898	22.484397	20.851005
81.2	18.078365	4.406046	22.484411	20.916651
81.3	9.969097	12.515384	22.484481	21.020751
81.4	4.851784	17.632734	22.484518	21.132459
81.5	8.106183	14.378297	22.484480	21.220946
81.6	14.364431	8.119989	22.484420	21.262442
81.7	15.132669	7.351747	22.484417	21.245662
81.8	9.875052	12.609418	22.484470	21.174379
81.9	6.129605	16.354902	22.484507	21.066616
82	9.092162	13.392317	22.484479	20.950757
82.1	14.833444	7.650982	22.484426	20.859526
82.2	15.897461	6.586958	22.484419	20.823184
82.3	11.288712	11.195753	22.484465	20.863384
82.4	7.388660	15.095839	22.484499	20.988885
82.5	9.026283	13.458194	22.484477	21.193906
82.6	13.162435	9.321997	22.484433	21.459348
82.7	13.619066	8.865364	22.484429	21.756592
82.8	9.949564	12.534907	22.484472	22.053053
82.9	8.028477	14.456022	22.484499	22.318382
83	11.579071	10.905399	22.484470	22.529977
83.1	16.476658	6.007763	22.484421	22.676625
83.2	15.932196	6.552223	22.484419	22.759398
83.3	9.731312	12.753158	22.484470	22.789583
83.4	4.999567	17.484941	22.484508	22.784150
83.5	7.262842	15.221646	22.484487	22.760000
83.6	13.547227	8.937208	22.484435	22.728675
83.7	16.455736	6.028682	22.484418	22.693233
83.8	13.557001	8.927453	22.484454	22.648434
83.9	9.730557	12.753932	22.484489	22.584425
84	9.968531	12.515947	22.484478	22.492897
84.1	12.810131	9.674310	22.484441	22.373714
84.2	13.079908	9.404524	22.484432	22.239544
84.3	9.573418	12.911047	22.484465	22.116385
84.4	6.838710	15.645783	22.484492	22.039013
84.5	8.760799	13.723677	22.484476	22.042037
84.6	13.043987	9.440450	22.484437	22.148857
84.7	14.243707	8.240721	22.484428	22.361931
84.8	11.084583	11.399877	22.484460	22.657768
84.9	8.027116	14.457373	22.484489	22.989001
85	9.140380	13.344097	22.484477	23.293824
85.1	12.821082	9.663362	22.484444	23.510799
85.2	14.372489	8.111946	22.484435	23.595071
85.3	12.449673	10.034786	22.484459	23.531242
85.4	10.356020	12.128459	22.484478	23.338808
85.5	10.819036	11.665429	22.484465	23.068048
85.6	12.076709	10.407732	22.484442	22.787104
85.7	10.907455	11.576991	22.484446	22.563657
85.8	8.012789	14.471687	22.484477	22.446439
85.9	7.624290	14.860200	22.484490	22.451986
86	11.485780	10.998682	22.484462	22.560553
86.1	15.707143	6.777284	22.484427	22.722399
86.2	15.361433	7.122997	22.484431	22.872473
86.3	10.907963	11.576506	22.484468	22.949031
86.4	7.683421	14.801070	22.484492	22.910578
86.5	9.028513	13.455959	22.484473	22.746204
86.6	12.301440	10.183000	22.484440	22.476597
86.7	12.990123	9.494317	22.484440	22.146009
86.8	10.958942	11.525526	22.484468	21.808258
86.9	10.121632	12.362850	22.484481	21.511560
87	12.299506	10.184952	22.484459	21.286973
87.1	14.309468	8.174965	22.484433	21.143737
87.2	12.640208	9.844237	22.484445	21.072171
87.3	8.987561	13.496919	22.484480	21.052186
87.4	8.329293	14.155196	22.484489	21.063650
87.5	11.807313	10.677141	22.484455	21.094503
87.6	14.597310	7.887114	22.484424	21.143674
87.7	12.445798	10.038646	22.484443	21.218067
87.8	8.110079	14.374412	22.484490	21.325251
87.9	8.187578	14.296922	22.484499	21.465215
88	13.820203	8.664247	22.484450	21.624879
88.1	17.998785	4.485619	22.484403	21.777969
88.2	14.170793	8.313632	22.484424	21.890784
88.3	5.432076	17.052418	22.484494	21.932012
88.4	1.713045	20.771482	22.484527	21.883096
88.5	7.643895	14.840585	22.484479	21.745315
88.6	16.463772	6.020637	22.484409	21.540777
88.7	18.158110	4.326292	22.484402	21.306745
88.8	11.720215	10.764250	22.484465	21.085083
88.9	5.946830	16.537685	22.484515	20.910439
89	7.950351	14.534140	22.484490	20.801255
89.1	14.369070	8.115358	22.484428	20.756669
89.2	16.408962	6.075449	22.484411	20.760227
89.3	11.607451	10.877007	22.484459	20.788795
89.4	6.711019	15.773487	22.484505	20.823159
89.5	8.254989	14.229498	22.484488	20.856178
89.6	13.772907	8.711524	22.484431	20.895284
89.7	15.347350	7.137064	22.484413	20.958332
89.8	10.472138	12.012321	22.484459	21.064372
89.9	5.531257	16.953249	22.484507	21.222997
90	7.318257	15.166237	22.484494	21.426650
90.1	14.026000	8.458437	22.484437	21.649340
90.2	17.616945	4.867465	22.484410	21.852928
90.3	14.187015	8.297429	22.484445	21.999295
90.4	8.570513	13.913979	22.484492	22.064314
90.5	7.543197	14.941295	22.484492	22.048567
90.6	11.151980	11.332470	22.484450	21.980494
90.7	13.574394	8.910034	22.484428	21.910115
90.8	11.614201	10.870253	22.484454	21.894613
90.9	8.887703	13.596786	22.484489	21.980023
91	10.247407	12.237074	22.484481	22.184869
91.1	14.564286	7.920154	22.484439	22.491259
91.2	16.000368	6.484053	22.484421	22.846799
91.3	12.002950	10.481502	22.484452	23.177288
91.4	7.025078	15.459415	22.484493	23.406711
91.5	6.894593	15.589899	22.484492	23.478648
91.6	11.418243	11.066209	22.484452	23.372669
91.7	14.957307	7.527119	22.484426	23.110781
91.8	13.820705	8.663739	22.484444	22.752018
91.9	10.476706	12.007770	22.484477	22.376908
92	9.468209	13.016271	22.484479	22.066514
92.1	11.228183	11.256270	22.484453	21.882244
92.2	12.197221	10.287218	22.484439	21.852135
92.3	10.396189	12.088267	22.484457	21.967082
92.4	8.235042	14.249437	22.484479	22.187345
92.5	8.820929	13.663545	22.484474	22.456550
92.6	11.434965	11.049485	22.484450	22.718421
92.7	12.735959	9.748484	22.484442	22.931063
92.8	11.722193	10.762269	22.484462	23.074887
92.9	11.036484	11.447992	22.484477	23.152612
93	12.659555	9.824906	22.484461	23.182458
93.1	14.425372	8.059064	22.484436	23.187646
93.2	12.842640	9.641799	22.484440	23.186158
93.3	8.532945	13.951529	22.484474	23.184174
93.4	6.325727	16.158768	22.484495	23.174978
93.5	9.183744	13.300729	22.484473	23.143074
93.6	13.978659	8.505775	22.484434	23.071528
93.7	15.130781	7.353646	22.484426	22.949613
93.8	11.597921	10.886539	22.484459	22.778025
93.9	8.026172	14.458317	22.484489	22.569988
94	8.634084	13.850394	22.484479	22.348120
94.1	12.068680	10.415767	22.484447	22.138338
94.2	13.858942	8.625496	22.484437	21.962940
94.3	12.593022	9.891437	22.484459	21.835065
94.4	11.166662	11.317813	22.484475	21.756064
94.5	11.835915	10.648546	22.484461	21.716267
94.6	12.694466	9.789974	22.484440	21.698515
94.7	10.903997	11.580452	22.484449	21.683147
94.8	7.844801	14.639681	22.484482	21.652910
94.9	8.077609	14.406882	22.484491	21.596591
95	12.792769	9.691687	22.484457	21.510778
95.1	16.999650	5.484769	22.484418	21.399797
95.2	15.340908	7.143521	22.484429	21.274319
95.3	9.360537	13.123942	22.484479	21.149271
95.4	6.124357	16.360148	22.484505	21.041519
95.5	9.283128	13.201344	22.484472	20.967573
95.6	14.249291	8.235133	22.484424	20.941319
95.7	14.246050	8.238375	22.484425	20.971765
95.8	9.448600	13.035875	22.484475	21.060923
95.9	6.853542	15.630964	22.484505	21.202176
96	10.695125	11.789347	22.484472	21.379682
96.1	16.202412	6.282004	22.484416	21.569325
96.2	15.504728	6.979685	22.484413	21.741504
96.3	8.287839	14.196633	22.484472	21.865566
96.4	2.967293	19.517227	22.484520	21.915222
96.5	6.287854	16.196641	22.484494	21.873856
96.6	14.630410	7.854017	22.484427	21.738564
96.7	18.415176	4.069226	22.484402	21.521892
96.8	14.025967	8.458481	22.484448	21.250783
96.9	7.919611	14.564892	22.484503	20.962784
97	7.879911	14.604585	22.484496	20.700192
97.1	13.081685	9.402756	22.484441	20.503203
97.2	15.786424	6.697989	22.484413	20.403305
97.3	11.925090	10.559357	22.484447	20.418070
97.4	6.367983	16.116514	22.484498	20.548226
97.5	6.224083	16.260414	22.484497	20.777499
97.6	11.486405	10.998044	22.484449	21.075314
97.7	15.407292	7.077127	22.484419	21.401963
97.8	13.611681	8.872762	22.484443	21.715500
97.9	9.498444	12.986042	22.484486	21.979222
98	9.044492	13.439996	22.484488	22.168394
98.1	12.571859	9.912590	22.484449	22.274805
98.2	14.699953	7.784473	22.484426	22.308036
98.3	12.134975	10.349475	22.484450	22.292842
98.4	8.326046	14.158443	22.484489	22.262965
98.5	8.653445	13.831042	22.484487	22.252574
98.6	12.922147	9.562300	22.484447	22.287365
98.7	15.487674	6.996748	22.484422	22.377646
98.8	12.795003	9.689443	22.484445	22.515444
98.9	8.113581	14.370906	22.484486	22.676702
99	7.245753	15.238739	22.484493	22.828197
99.1	11.130378	11.354081	22.484459	22.937390
99.2	15.026366	7.458064	22.484430	22.982319
99.3	14.785585	7.698854	22.484439	22.958473
99.4	11.564646	10.919822	22.484467	22.880338
99.5	9.295182	13.189294	22.484476	22.776867
99.6	9.348158	13.136303	22.484462	22.682121
99.7	9.856789	12.627664	22.484453	22.623992
99.8	9.666104	12.818360	22.484464	22.614742
99.9	10.261652	12.222821	22.484473	22.646699
100	12.706127	9.778330	22.484457	22.694887
100.1	14.683201	7.801232	22.484434	22.726075
100.2	12.965334	9.519105	22.484439	22.711479
100.3	8.397119	14.087355	22.484474	22.638869
100.4	5.936167	16.548329	22.484496	22.519762
100.5	8.691827	13.792648	22.484475	22.388758
100.6	13.664376	8.820060	22.484436	22.294542
100.7	15.304100	7.180329	22.484428	22.284921
100.8	12.536312	9.948149	22.484461	22.390393
100.9	9.872245	12.612242	22.484487	22.611581
101	11.035575	11.448896	22.484471	22.914883
101.1	13.799510	8.684926	22.484435	23.238290
101.2	13.208440	9.275992	22.484432	23.506150
101.3	8.817786	13.666683	22.484469	23.648766
101.4	5.843600	16.640898	22.484498	23.621095
101.5	8.333292	14.151186	22.484479	23.414959
101.6	13.556580	8.927855	22.484435	23.061141
101.7	15.406854	7.077571	22.484425	22.620834
101.8	12.363028	10.121431	22.484459	22.169158
101.9	9.238509	13.245982	22.484490	21.775816
102	10.387908	12.096568	22.484475	21.488633
102.1	13.766881	8.717556	22.484437	21.324573
102.2	14.040059	8.444372	22.484431	21.270256
102.3	10.339389	12.145078	22.484467	21.290893
102.4	7.712539	14.771956	22.484495	21.343996
102.5	10.048597	12.435877	22.484474	21.393011
102.6	14.335700	8.148731	22.484430	21.416538
102.7	14.559785	7.924641	22.484426	21.410709
102.8	10.153813	12.330656	22.484469	21.384961
102.9	7.170386	15.314115	22.484501	21.353762
103	10.074034	12.410442	22.484476	21.328080
103.1	15.237668	7.246756	22.484424	21.310141
103.2	15.463928	7.020490	22.484418	21.293386
103.3	9.879570	12.604899	22.484469	21.267280
103.4	5.671548	16.812962	22.484511	21.224567
103.5	8.697278	13.787206	22.484485	21.167534
103.6	15.266018	7.218403	22.484422	21.110205
103.7	16.490868	5.993537	22.484405	21.075053
103.8	10.026539	12.457921	22.484460	21.085065
103.9	3.705117	18.779401	22.484518	21.154012
104	5.791744	16.692760	22.484504	21.278735
104.1	14.239606	8.244828	22.484433	21.436756
104.2	18.995347	3.489048	22.484395	21.590718
104.3	14.556439	7.927996	22.484436	21.698671
104.4	6.668722	15.815780	22.484502	21.726972
104.5	4.768582	17.715929	22.484511	21.661431
104.6	10.252800	12.231658	22.484458	21.512749
104.7	15.606879	6.877536	22.484415	21.314153
104.8	14.750970	7.733465	22.484436	21.111800
104.9	10.483134	12.001350	22.484484	20.951115
105	9.574167	12.910323	22.484491	20.863641
105.1	12.952931	9.531516	22.484447	20.858913
105.2	14.618876	7.865542	22.484418	20.924086
105.3	10.524706	11.959742	22.484448	21.031307
105.4	4.925166	17.559334	22.484500	21.150073
105.5	5.216312	17.268193	22.484505	21.259970
105.6	12.043570	10.440883	22.484453	21.359010
105.7	17.983447	4.500962	22.484409	21.464345
105.8	16.700968	5.783458	22.484426	21.604849
105.9	10.635428	11.849052	22.484480	21.808069
106	7.417369	15.067132	22.484501	22.086210
106.1	10.115581	12.368886	22.484468	22.426380
106.2	14.057772	8.426656	22.484428	22.789058
106.3	13.698565	8.785870	22.484435	23.116021
106.4	9.841815	12.642658	22.484473	23.345743
106.5	7.893299	14.591192	22.484490	23.431612
106.6	10.303290	12.181176	22.484466	23.357169
106.7	13.657469	8.826967	22.484436	23.143285
106.8	13.761265	8.723176	22.484440	22.844682
106.9	11.152055	11.332413	22.484468	22.536472
107	9.668641	12.815838	22.484478	22.294553
107.1	10.819208	11.665252	22.484460	22.175610
107.2	12.136951	10.347493	22.484444	22.202564
107.3	11.362477	11.121977	22.484454	22.359616
107.4	9.862433	12.622040	22.484473	22.598066
107.5	10.259541	12.224930	22.484470	22.850882
107.6	12.084064	10.400384	22.484447	23.051502
107.7	12.237710	10.246731	22.484441	23.151344
107.8	9.815768	12.668696	22.484463	23.131223
107.9	8.040159	14.444326	22.484485	23.003948
108	9.931303	12.553169	22.484473	22.808150
108.1	13.622541	8.861898	22.484439	22.595876
108.2	14.368183	8.116247	22.484430	22.418023
108.3	11.034409	11.450052	22.484462	22.311853
108.4	8.061994	14.422498	22.484492	22.293714
108.5	9.657825	12.826653	22.484478	22.358172
108.6	13.864228	8.620209	22.484437	22.482787
108.7	14.894644	7.589780	22.484424	22.636209
108.8	11.009646	11.474814	22.484460	22.786760
108.9	7.249329	15.235168	22.484498	22.909027
109	8.893087	13.591398	22.484485	22.987088
109.1	14.164988	8.319448	22.484436	23.014328
109.2	16.165077	6.319338	22.484415	22.990882
109.3	11.822701	10.661749	22.484450	22.920254
109.4	6.089812	16.394685	22.484497	22.806594
109.5	5.734120	16.750378	22.484498	22.653466
109.6	10.883157	11.601297	22.484454	22.464229
109.7	15.349875	7.134549	22.484424	22.243422
109.8	14.893699	7.590745	22.484443	21.998318
109.9	12.109622	10.374856	22.484478	21.739804
110	11.721384	10.763092	22.484475	21.482169
110.1	13.452003	9.032439	22.484442	21.241809
110.2	12.763196	9.721236	22.484432	21.035224
110.3	8.332540	14.151928	22.484468	20.876855
110.4	5.223644	17.260860	22.484504	20.777215
110.5	8.451425	14.033061	22.484486	20.741584
110.6	15.404034	7.080396	22.484430	20.769332
110.7	18.075765	4.408641	22.484406	20.853807
110.8	13.095754	9.388694	22.484448	20.982720
110.9	6.453573	16.030931	22.484504	21.139049
111	6.177673	16.306830	22.484503	21.302533
111.1	12.137976	10.346471	22.484447	21.451815
111.2	16.312746	6.171662	22.484408	21.567137
111.3	13.273247	9.211190	22.484438	21.633266
111.4	7.151738	15.332757	22.484495	21.642120
111.5	6.000569	16.483935	22.484504	21.594471
111.6	11.139837	11.344618	22.484454	21.500212
111.7	15.612238	6.872175	22.484413	21.376948
111.8	13.598777	8.885658	22.484435	21.247083
111.9	8.091680	14.392808	22.484489	21.133941
112	6.679712	15.804791	22.484502	21.057683
112.1	11.317693	11.166765	22.484458	21.031822
112.2	15.844972	6.639444	22.484417	21.060948
112.3	14.388952	8.095480	22.484433	21.140003
112.4	9.183060	13.301423	22.484484	21.255106
112.5	7.358108	15.126392	22.484500	21.385756
112.6	11.250785	11.233675	22.484461	21.508080
112.7	15.365485	7.118935	22.484420	21.598791
112.8	13.937516	8.546917	22.484433	21.639433
112.9	8.747297	13.737184	22.484482	21.620453
113	6.688630	15.795871	22.484501	21.544403
113.1	10.502124	11.982341	22.484465	21.427505
113.2	15.147418	7.337004	22.484422	21.298772
113.3	14.528111	7.956317	22.484428	21.196173
113.4	9.467378	13.017096	22.484474	21.159961
113.5	6.465848	16.018652	22.484500	21.224072
113.6	9.225967	13.258507	22.484475	21.407364
113.7	14.226871	8.257563	22.484434	21.706934
113.8	15.718731	6.765699	22.484430	22.095703
113.9	12.978715	9.505746	22.484461	22.525617
114	10.363013	12.121470	22.484482	22.936453
114.1	10.907231	11.577237	22.484467	23.268532
114.2	12.569849	9.914593	22.484442	23.476310
114.3	11.798827	10.685617	22.484444	23.539178
114.4	8.854349	13.630121	22.484470	23.466293
114.5	7.450738	15.033746	22.484484	23.293751
114.6	9.621052	12.863416	22.484468	23.074611
114.7	13.115700	9.368744	22.484445	22.864447
114.8	14.554922	7.929520	22.484442	22.706593
114.9	13.473048	9.011408	22.484457	22.621492
115	11.832293	10.652171	22.484463	22.603368
115.1	10.629312	11.855144	22.484457	22.625220
115.2	9.131718	13.352740	22.484457	22.650419
115.3	7.539943	14.944530	22.484473	22.647065
115.4	8.069587	14.414895	22.484482	22.600236
115.5	11.757665	10.726795	22.484461	22.517934
115.6	15.512501	6.971928	22.484429	22.428585
115.7	14.836024	7.648404	22.484428	22.370814
115.8	9.776572	12.707896	22.484468	22.378903
115.9	5.959321	16.525181	22.484501	22.468922
116	8.134764	14.349721	22.484485	22.630481
116.1	13.985610	8.498827	22.484437	22.827235
116.2	16.604154	5.880262	22.484416	23.006410
116.3	13.055905	9.428544	22.484449	23.114536
116.4	8.072160	14.412333	22.484494	23.114339
116.5	7.892417	14.592074	22.484491	22.997245
116.6	12.225016	10.259431	22.484447	22.787217
116.7	14.909101	7.575321	22.484422	22.534421
116.8	12.310294	10.174154	22.484448	22.300537
116.9	8.125884	14.358606	22.484490	22.140271
117	8.166845	14.317644	22.484489	22.084863
117.1	12.318365	10.166082	22.484447	22.132779
117.2	14.727387	7.757035	22.484422	22.250404
117.3	11.977880	10.506571	22.484450	22.382346
117.4	7.962054	14.522439	22.484492	22.467929
117.5	8.586352	13.898138	22.484490	22.458613
117.6	13.475905	9.008539	22.484444	22.330999
117.7	16.205575	6.278842	22.484417	22.091777
117.8	13.024337	9.460110	22.484447	21.773728
117.9	8.200424	14.284071	22.484495	21.424833
118	8.405797	14.078697	22.484494	21.094546
118.1	13.499709	8.984735	22.484444	20.821848
118.2	16.333807	6.150603	22.484410	20.628568
118.3	12.247751	10.236691	22.484441	20.519267
118.4	5.665963	16.818536	22.484499	20.486464
118.5	4.728109	17.756399	22.484509	20.518184
118.6	10.790118	11.694339	22.484457	20.604281
118.7	16.627091	5.857321	22.484412	20.738869
118.8	15.717686	6.766742	22.484428	20.918178
118.9	10.334811	12.149670	22.484481	21.135255
119	7.918392	14.566107	22.484498	21.374470
119.1	10.931357	11.553102	22.484459	21.609032
119.2	13.928900	8.555520	22.484421	21.803606
119.3	11.559954	10.924485	22.484439	21.922038
119.4	6.361060	16.123430	22.484490	21.937987
119.5	5.588795	16.895711	22.484505	21.844735
119.6	11.311715	11.172746	22.484461	21.660325
119.7	17.195747	5.288666	22.484413	21.425491
119.8	16.448738	6.035684	22.484423	21.194258
119.9	10.434567	12.049909	22.484476	21.019704
120	6.657098	15.827405	22.484503	20.939234
120.1	9.041366	13.443107	22.484473	20.964164
120.2	13.442164	9.042266	22.484431	21.077152
120.3	13.882111	8.602322	22.484433	21.238505
120.4	10.596070	11.888402	22.484472	21.399421
120.5	9.042773	13.441718	22.484490	21.517875
120.6	11.762837	10.721624	22.484461	21.571932
120.7	14.654865	7.829561	22.484426	21.566073
120.8	12.833537	9.650900	22.484436	21.528531
120.9	7.843924	14.640557	22.484482	21.500615
121	6.083348	16.401153	22.484502	21.521776
121.1	10.339866	12.144602	22.484468	21.615560
121.2	15.825733	6.658690	22.484423	21.781287
121.3	16.117483	6.366940	22.484423	21.994276
121.4	11.216197	11.268269	22.484467	22.214506
121.5	7.286177	15.198321	22.484497	22.400675
121.6	8.759244	13.725236	22.484480	22.524763
121.7	13.227804	9.256637	22.484441	22.582015
121.8	15.223138	7.261293	22.484431	22.592838
121.9	13.145988	9.338466	22.484455	22.595815
122	10.296594	12.187882	22.484476	22.634080
122.1	9.707036	12.777433	22.484469	22.739547
122.2	10.542079	11.942373	22.484452	22.920230
122.3	10.510388	11.974066	22.484454	23.154940
122.4	9.775214	12.709254	22.484469	23.397266
122.5	10.318833	12.165636	22.484469	23.587779
122.6	12.165439	10.319012	22.484451	23.670833
122.7	12.786810	9.697632	22.484442	23.610908
122.8	11.013880	11.470580	22.484460	23.403668
122.9	9.440346	13.044136	22.484482	23.078547
123	10.983276	11.501196	22.484471	22.692273
123.1	14.078069	8.406369	22.484437	22.315358
123.2	13.943374	8.541052	22.484426	22.015455
123.3	9.194968	13.289493	22.484461	21.842160
123.4	4.823933	17.660569	22.484502	21.817054
123.5	6.519194	15.965299	22.484494	21.931116
123.6	13.119593	9.364850	22.484443	22.149400
123.7	17.423388	5.061024	22.484412	22.421047
123.8	14.984003	7.500436	22.484439	22.691532
123.9	9.616815	12.867673	22.484488	22.913920
124	8.237847	14.246648	22.484494	23.056699
124.1	11.771533	10.712919	22.484452	23.106980
124.2	14.282688	8.201733	22.484421	23.069274
124.3	11.495229	10.989218	22.484447	22.961050
124.4	7.034117	15.450378	22.484495	22.806755
124.5	7.622903	14.861595	22.484498	22.631947
124.6	13.543401	8.941045	22.484446	22.458661
124.7	17.509586	4.974821	22.484407	22.302581
124.8	14.027678	8.456756	22.484434	22.171984
124.9	6.955031	15.529464	22.484495	22.068123
125	4.909059	17.575452	22.484511	21.986597
125.1	10.255691	12.228771	22.484463	21.919257
125.2	16.152342	6.332071	22.484413	21.856326
125.3	15.565467	6.918959	22.484426	21.788446
125.4	10.281364	12.203117	22.484481	21.708409
125.5	8.016636	14.467867	22.484502	21.612335
125.6	11.746536	10.737926	22.484462	21.500130
125.7	15.764983	6.719433	22.484416	21.375181
125.8	13.755725	8.728706	22.484431	21.243435
125.9	7.784698	14.699790	22.484487	21.112153
126	5.802830	16.681679	22.484509	20.988749
126.1	10.839974	11.644490	22.484464	20.880028
126.2	16.510724	5.973686	22.484410	20.791960
126.3	15.172502	7.311916	22.484419	20.729891
126.4	8.085871	14.398609	22.484481	20.698839
126.5	4.053382	18.431135	22.484517	20.703496
126.6	8.189725	14.294756	22.484481	20.747648
126.7	15.473225	7.011195	22.484421	20.833025
126.8	17.321812	5.162599	22.484411	20.957863
126.9	12.347747	10.136713	22.484460	21.115735
127	7.380845	15.103655	22.484500	21.295176
127.1	8.093593	14.390889	22.484482	21.480457
127.2	12.049131	10.435306	22.484437	21.653464
127.3	12.981934	9.502495	22.484429	21.796302
127.4	9.738054	12.746413	22.484467	21.893940
127.5	7.528398	14.956097	22.484495	21.936291
127.6	10.240154	12.244318	22.484473	21.919311
127.7	14.814957	7.669474	22.484431	21.845117
127.8	15.460450	7.023978	22.484428	21.721462
127.9	11.659965	10.824501	22.484466	21.561047
128	8.790101	13.694392	22.484493	21.380997
128.1	10.554006	11.930464	22.484470	21.202483
128.2	13.814980	8.669451	22.484431	21.050036
128.3	13.063851	9.420580	22.484431	20.949896
128.4	8.386161	14.098313	22.484474	20.926841
128.5	5.850523	16.633980	22.484503	20.999529
128.6	9.512941	12.971536	22.484477	21.175107
128.7	15.697108	6.787319	22.484427	21.444646
128.8	17.300643	5.183772	22.484415	21.781236
128.9	12.590107	9.894347	22.484455	22.142285
129	7.147953	15.336543	22.484495	22.476521
129.1	6.801904	15.682587	22.484490	22.734736
129.2	10.923556	11.560897	22.484453	22.881821
129.3	14.258745	8.225688	22.484433	22.906751
129.4	13.902518	8.581931	22.484449	22.827237
129.5	11.993901	10.490569	22.484471	22.686945
129.6	11.534101	10.950366	22.484467	22.545227
129.7	12.104324	10.380125	22.484450	22.461660
129.8	11.365706	11.118743	22.484449	22.479495
129.9	9.332957	13.151512	22.484469	22.612849
130	8.660255	13.824222	22.484478	22.841670
130.1	10.549300	11.935161	22.484461	23.116354
130.2	12.610122	9.874319	22.484441	23.371049
130.3	12.132380	10.352068	22.484448	23.541933
130.4	10.064182	12.420289	22.484472	23.585091
130.5	9.690554	12.793923	22.484477	23.488630
130.6	11.722735	10.761719	22.484454	23.275349
130.7	13.045968	9.438470	22.484437	22.995206
130.8	11.307376	11.177078	22.484453	22.710041
130.9	8.806746	13.677737	22.484483	22.475444
131	9.592346	12.892135	22.484481	22.325524
131.1	13.341860	9.142584	22.484445	22.265302
131.2	14.919212	7.565209	22.484421	22.272901
131.3	11.153622	11.330826	22.484448	22.310379
131.4	5.926424	16.558072	22.484496	22.339244
131.5	5.975581	16.508921	22.484503	22.335118
131.6	12.156879	10.327576	22.484455	22.296467
131.7	17.717190	4.767222	22.484411	22.244404
131.8	16.458200	6.026227	22.484426	22.213725
131.9	10.475530	12.008950	22.484480	22.238419
132	7.295970	15.188532	22.484502	22.336828
132.1	10.091153	12.393313	22.484466	22.501769
132.2	13.888418	8.596005	22.484424	22.699267
132.3	12.724441	9.759992	22.484433	22.876569
132.4	7.981854	14.502629	22.484483	22.976971
132.5	6.539467	15.945036	22.484503	22.956645
132.6	11.195035	11.289429	22.484464	22.798016
132.7	16.449673	6.034744	22.484416	22.515385
132.8	15.626043	6.858381	22.484424	22.151133
132.9	9.870650	12.613829	22.484478	21.763904
133	6.787918	15.696589	22.484506	21.412727
133.1	10.321395	12.163076	22.484471	21.142171
133.2	15.436009	7.048410	22.484419	20.972970
133.3	14.892932	7.591490	22.484422	20.900538
133.4	9.145170	13.339307	22.484477	20.900963
133.5	5.989621	16.494891	22.484512	20.941687
133.6	10.194613	12.289864	22.484477	20.992738
133.7	16.821060	5.663356	22.484416	21.034654
133.8	17.265159	5.219248	22.484407	21.060869
133.9	10.302942	12.181521	22.484463	21.074629
134	3.806722	18.677791	22.484513	21.082624
134.1	4.990234	17.494265	22.484498	21.088656
134.2	11.803840	10.680601	22.484441	21.090340
134.3	16.162799	6.321616	22.484414	21.080387
134.4	14.150232	8.334213	22.484445	21.051822
134.5	9.908317	12.576168	22.484485	21.004696
134.6	9.098847	13.385635	22.484482	20.950927
134.7	11.529352	10.955097	22.484449	20.914475
134.8	12.586118	9.898318	22.484436	20.925790
134.9	10.465021	12.019441	22.484461	21.011778
135	8.640614	13.843871	22.484485	21.184586
135.1	10.411112	12.073359	22.484471	21.433358
135.2	13.711293	8.773144	22.484437	21.722513
135.3	13.798099	8.686333	22.484432	21.998096
135.4	10.077099	12.407367	22.484466	22.200995
135.5	7.352853	15.131641	22.484494	22.283351
135.6	9.506194	12.978283	22.484477	22.223107
135.7	14.185309	8.299128	22.484438	22.031958
135.8	15.805841	6.678585	22.484427	21.753861
135.9	12.804282	9.680175	22.484457	21.454245
136	9.364268	13.120217	22.484485	21.202973
136.1	9.514553	12.969921	22.484475	21.056179
136.2	11.861422	10.623022	22.484444	21.042442
136.3	12.057003	10.427434	22.484438	21.157359
136.4	9.276381	13.208086	22.484466	21.367879
136.5	7.551861	14.932628	22.484490	21.624648
136.6	10.123797	12.360677	22.484474	21.878134
136.7	14.690455	7.793983	22.484438	22.093257
136.8	16.148552	6.335876	22.484428	22.257949
136.9	13.101422	9.383034	22.484455	22.383255
137	9.398208	13.086274	22.484483	22.495441
137.1	8.938385	13.546092	22.484477	22.623244
137.2	11.011846	11.472606	22.484452	22.784847
137.3	12.170563	10.313881	22.484445	22.979128
137.4	11.330731	11.153730	22.484461	23.184121
137.5	10.727406	11.757066	22.484472	23.363140
137.6	11.854880	10.629579	22.484459	23.476431
137.7	12.866311	9.618131	22.484442	23.494442
137.8	11.465925	11.018525	22.484450	23.408334
137.9	8.873504	13.610971	22.484475	23.234309
138	8.553574	13.930906	22.484480	23.010391
138.1	11.122566	11.361889	22.484454	22.786647
138.2	12.966602	9.517831	22.484433	22.611841
138.3	11.218459	11.265991	22.484450	22.520487
138.4	8.313434	14.171052	22.484485	22.523987
138.5	9.122081	13.362407	22.484488	22.608212
138.6	13.893368	8.591080	22.484448	22.737934
138.7	16.879446	5.604969	22.484415	22.866573
138.8	13.478220	9.006216	22.484436	22.948421
138.9	6.835865	15.648625	22.484490	22.950034
139	4.630344	17.854165	22.484509	22.858008
139.1	9.510008	12.974460	22.484467	22.681516
139.2	15.570823	6.913595	22.484418	22.449446
139.3	15.786164	6.698259	22.484423	22.203282
139.4	10.847866	11.636607	22.484473	21.987698
139.5	7.825698	14.658802	22.484500	21.841111
139.6	10.543655	11.940814	22.484469	21.788134
139.7	14.653553	7.830872	22.484425	21.835225
139.8	13.984064	8.500366	22.484431	21.970042
139.9	9.344005	13.140474	22.484479	22.164287
140	7.510425	14.974077	22.484502	22.379214
140.1	11.587653	10.896810	22.484463	22.572660
140.2	16.080155	6.404258	22.484413	22.706290
140.3	13.996725	8.487698	22.484423	22.751817
140.4	6.805212	15.679274	22.484486	22.695187
140.5	3.496722	18.987801	22.484523	22.538096
140.6	9.188078	13.296404	22.484481	22.296703
140.7	17.985487	4.498924	22.484411	21.997942
140.8	19.845341	2.639057	22.484398	21.674286
140.9	12.979385	9.505073	22.484458	21.358128
141	5.908715	16.575799	22.484514	21.076942
141.1	6.595110	15.889387	22.484498	20.850109
141.2	12.747749	9.736686	22.484435	20.687813
141.3	15.572037	6.912373	22.484410	20.591832
141.4	11.536100	10.948353	22.484453	20.557572
141.5	6.596353	15.888150	22.484503	20.576483
141.6	7.770958	14.713535	22.484493	20.638092
141.7	13.674182	8.810255	22.484438	20.731222
141.8	16.505106	5.979304	22.484411	20.844460
141.9	12.448028	10.036418	22.484446	20.966267
142	6.533713	15.950783	22.484497	21.085281
142.1	5.874617	16.609880	22.484497	21.191202
142.2	10.650305	11.834147	22.484453	21.276235
142.3	14.587959	7.896465	22.484424	21.336679
142.4	13.542410	8.942035	22.484445	21.373954
142.5	10.344397	12.140083	22.484480	21.394436
142.6	9.980533	12.503947	22.484480	21.407824
142.7	12.499995	9.984453	22.484448	21.424351
142.8	13.479653	9.004780	22.484433	21.451692
142.9	10.815041	11.669416	22.484457	21.492654
143	7.902937	14.581550	22.484486	21.544589
143.1	8.796460	13.688019	22.484479	21.600844
143.2	12.401356	10.083089	22.484445	21.653785
143.3	14.005829	8.478604	22.484433	21.698226
143.4	11.925323	10.559136	22.484459	21.733816
143.5	9.786849	12.697636	22.484485	21.765210
143.6	11.184458	11.300014	22.484472	21.799722
143.7	14.298173	8.186264	22.484437	21.843207
143.8	14.242228	8.242201	22.484430	21.895827
143.9	10.061003	12.423461	22.484464	21.949712
144	6.581086	15.903410	22.484496	21.990037
144.1	8.244126	14.240356	22.484482	21.999878
144.2	13.130939	9.353501	22.484440	21.967669
144.3	15.311760	7.172664	22.484424	21.894789
144.4	12.446486	10.037967	22.484452	21.800222
144.5	8.548282	13.936205	22.484487	21.719815
144.6	8.491641	13.992842	22.484483	21.699178
144.7	11.884707	10.599745	22.484452	21.781453
144.8	14.296989	8.187447	22.484436	21.993208
144.9	13.477959	9.006494	22.484453	22.332847
145	11.717951	10.766521	22.484472	22.765709
145.1	11.596709	10.887754	22.484463	23.228319
145.2	11.934170	10.550273	22.484443	23.641573
145.3	10.089220	12.395230	22.484449	23.929739
145.4	7.019095	15.465385	22.484480	24.040060
145.5	7.012196	15.472296	22.484492	23.957183
145.6	11.619166	10.865295	22.484461	23.707890
145.7	16.315736	6.168684	22.484421	23.354377
145.8	15.491334	6.993091	22.484425	22.977794
145.9	9.801349	12.683123	22.484472	22.656730
146	5.847784	16.636718	22.484502	22.446976
146.1	7.996010	14.488469	22.484479	22.368495
146.2	12.929078	9.555356	22.484433	22.403277
146.3	14.252859	8.231568	22.484427	22.504349
146.4	11.026537	11.457929	22.484466	22.612714
146.5	8.695530	13.788964	22.484494	22.676609
146.6	11.201702	11.282768	22.484471	22.666931
146.7	15.199221	7.285205	22.484426	22.584144
146.8	14.553516	7.930909	22.484425	22.454948
146.9	9.113083	13.371389	22.484472	22.320453
147	5.535524	16.948982	22.484506	22.220319
147.1	8.586319	13.898161	22.484480	22.178513
147.2	14.552394	7.932033	22.484427	22.195510
147.3	15.953874	6.530544	22.484418	22.249346
147.4	11.489143	10.995322	22.484465	22.304755
147.5	7.762320	14.722184	22.484504	22.326815
147.6	10.232454	12.252026	22.484480	22.294035
147.7	15.546624	6.937800	22.484424	22.206192
147.8	15.869489	6.614923	22.484413	22.084188
147.9	9.670434	12.814031	22.484465	21.962109
148	4.375154	18.109361	22.484514	21.874468
148.1	6.889566	15.594929	22.484494	21.843225
148.2	14.354801	8.129628	22.484429	21.869207
148.3	17.566228	4.918175	22.484403	21.930911
148.4	12.829324	9.655126	22.484450	21.991015
148.5	6.713115	15.771393	22.484508	22.008258
148.6	7.400089	15.084412	22.484501	21.950530
148.7	13.987895	8.496544	22.484439	21.804779
148.8	17.768730	4.715673	22.484404	21.580571
148.9	13.691393	8.793047	22.484440	21.306525
149	6.892956	15.591544	22.484500	21.021291
149.1	5.869835	16.614671	22.484506	20.762551
149.2	11.450944	11.033507	22.484452	20.557932
149.3	15.973807	6.510603	22.484409	20.420707
149.4	13.416270	9.068163	22.484433	20.351143
149.5	7.059112	15.425378	22.484490	20.342111
149.6	4.984164	17.500343	22.484507	20.386011
149.7	9.750553	12.733914	22.484467	20.479696
149.8	15.612765	6.871656	22.484422	20.625115
149.9	16.145794	6.338632	22.484426	20.825325
150	11.816916	10.667550	22.484466	21.077650
150.1	8.217164	14.267324	22.484487	21.367193
150.2	8.524897	13.959573	22.484471	21.664087
150.3	10.547608	11.936841	22.484448	21.926647
150.4	11.203272	11.281181	22.484453	22.110390
150.5	11.023157	11.461314	22.484471	22.180548
150.6	12.322022	10.162445	22.484467	22.124012
150.7	14.531212	7.953231	22.484442	21.956415
150.8	14.262633	8.221801	22.484434	21.721291
150.9	10.385897	12.098563	22.484460	21.480743
151	6.628781	15.855709	22.484491	21.299832
151.1	7.356754	15.127731	22.484486	21.229130
151.2	11.896055	10.588395	22.484450	21.290699
151.3	15.197435	7.286994	22.484429	21.471884
151.4	14.140353	8.344093	22.484446	21.728974
151.5	11.101777	11.382698	22.484475	21.999768
151.6	10.228939	12.255538	22.484477	22.221308
151.7	11.816892	10.667560	22.484452	22.347503
151.8	12.483008	10.001432	22.484440	22.361420
151.9	10.480819	12.003639	22.484458	22.278794
152	8.371113	14.113367	22.484481	22.142028
152.1	9.286929	13.197545	22.484474	22.006868
152.2	12.290077	10.194370	22.484447	21.926059
152.3	13.594313	8.890125	22.484438	21.934960
152.4	11.944656	10.539804	22.484460	22.043214
152.5	10.368139	12.116341	22.484480	22.234496
152.6	11.649843	10.834625	22.484468	22.473716
152.7	14.015055	8.469383	22.484439	22.718884
152.8	13.464323	9.020113	22.484436	22.933594
152.9	9.728166	12.756302	22.484468	23.096264
153	7.263346	15.221146	22.484492	23.203595
153.1	9.360885	13.123587	22.484473	23.267755
153.2	13.324542	9.159892	22.484434	23.308802
153.3	13.741675	8.742753	22.484428	23.345255
153.4	9.817839	12.666626	22.484465	23.386058
153.5	6.742119	15.742377	22.484496	23.426524
153.6	8.852454	13.632025	22.484479	23.449381
153.7	13.680816	8.803619	22.484435	23.430394
153.8	15.108832	7.375592	22.484424	23.346662
153.9	11.564530	10.919930	22.484460	23.184972
154	8.129374	14.355120	22.484494	22.947733
154.1	9.553626	12.930852	22.484479	22.654801
154.2	13.666338	8.818097	22.484435	22.340713
154.3	14.333995	8.150429	22.484424	22.048102
154.4	10.091629	12.392834	22.484464	21.818930
154.5	6.558640	15.925861	22.484502	21.685673
154.6	8.997550	13.486935	22.484484	21.664422
154.7	14.926170	7.558262	22.484432	21.751370
154.8	16.983151	5.501263	22.484413	21.923350
154.9	12.514496	9.969957	22.484453	22.142225
155	7.099786	15.384713	22.484499	22.362189
155.1	7.220875	15.263617	22.484491	22.538492
155.2	11.886416	10.598028	22.484444	22.635864
155.3	14.432794	8.051629	22.484422	22.634956
155.4	11.878819	10.605637	22.484456	22.535535
155.5	8.902840	13.581655	22.484495	22.355784
155.6	10.905838	11.578643	22.484481	22.127846
155.7	15.782088	6.702340	22.484428	21.890599
155.8	16.147627	6.336783	22.484410	21.681232
155.9	9.584909	12.899549	22.484459	21.527529
156	3.045157	19.439360	22.484517	21.442567
156.1	4.742354	17.742155	22.484509	21.422982
156.2	13.547393	8.937049	22.484441	21.451042
156.3	19.783700	2.700695	22.484395	21.499816
156.4	16.841032	5.643394	22.484426	21.539981
156.5	9.002273	13.482219	22.484492	21.546476
156.6	5.723455	16.761057	22.484512	21.503434
156.7	9.939013	12.545453	22.484466	21.406427
156.8	15.191397	7.293020	22.484417	21.261927
156.9	14.528295	7.956131	22.484426	21.084698
157	9.152110	13.332366	22.484476	20.894235
157.1	6.040912	16.443587	22.484500	20.711428
157.2	8.603776	13.880694	22.484471	20.556156
157.3	12.891263	9.593170	22.484433	20.445949
157.4	13.553833	8.930602	22.484435	20.395256
157.5	10.781474	11.702994	22.484468	20.414660
157.6	9.139277	13.345207	22.484483	20.509540
157.7	10.833997	11.650466	22.484463	20.678193
157.8	13.059222	9.425218	22.484439	20.910054
157.9	12.556176	9.928271	22.484447	21.185022
158	10.339804	12.144669	22.484472	21.474875
158.1	9.900769	12.583708	22.484477	21.747170
158.2	11.880346	10.604109	22.484454	21.971166
158.3	13.124446	9.359992	22.484438	22.124327
158.4	11.430622	11.053832	22.484454	22.197506
158.5	8.983719	13.500761	22.484480	22.196972
158.6	9.385883	13.098595	22.484478	22.142307
158.7	12.464265	10.020186	22.484451	22.060528
158.8	14.321851	8.162583	22.484434	21.978125
158.9	12.663536	9.820916	22.484452	21.913587
159	9.893618	12.590860	22.484477	21.873001
159.1	9.625540	12.858935	22.484476	21.850370
159.2	11.625351	10.859099	22.484450	21.832668
159.3	12.430068	10.054372	22.484441	21.807851
159.4	10.691973	11.792489	22.484462	21.772833
159.5	9.379074	13.105409	22.484483	21.738163
159.6	11.378731	11.105739	22.484470	21.727145
159.7	14.722753	7.761682	22.484436	21.769049
159.8	14.665071	7.819358	22.484429	21.888304
159.9	10.274638	12.209824	22.484462	22.093307
160	6.374325	16.110171	22.484495	22.369053
160.1	7.608036	14.876448	22.484484	22.676866
160.2	12.363717	10.120726	22.484443	22.962328
160.3	14.903996	7.580431	22.484427	23.169695
160.4	12.976186	9.508270	22.484456	23.258651
160.5	10.501775	11.982711	22.484486	23.218047
160.6	11.601877	10.882595	22.484472	23.071794
160.7	14.346093	8.138340	22.484433	22.874326
160.8	13.296398	9.188028	22.484426	22.696283
160.9	7.698225	14.786245	22.484470	22.604272
161	3.759355	18.725154	22.484510	22.640733
161.1	7.002746	15.481743	22.484489	22.810140
161.2	14.478816	8.005613	22.484429	23.076036
161.3	17.678355	4.806049	22.484404	23.370133
161.4	13.067421	9.417025	22.484447	23.610949
161.5	6.654520	15.829983	22.484503	23.726479
161.6	6.399200	16.085301	22.484502	23.674125
161.7	12.190790	10.293657	22.484448	23.451980
161.8	16.383039	6.101374	22.484412	23.098316
161.9	13.949680	8.534760	22.484440	22.679812
162	8.733454	13.751036	22.484490	22.272514
162.1	7.773908	14.710587	22.484495	21.941576
162.2	11.755086	10.729365	22.484450	21.725917
162.3	14.534390	7.950031	22.484421	21.632002
162.4	12.045008	10.439440	22.484448	21.637804
162.5	8.044036	14.440456	22.484493	21.704636
162.6	8.712274	13.772216	22.484490	21.792191
162.7	13.677687	8.806755	22.484442	21.871446
162.8	16.141751	6.342663	22.484414	21.931276
162.9	12.255691	10.228757	22.484448	21.977194
163	6.863848	15.620653	22.484501	22.023556
163.1	7.320266	15.164234	22.484499	22.082868
163.2	13.396910	9.087533	22.484443	22.156688
163.3	17.098058	5.386347	22.484405	22.231745
163.4	13.145739	9.338700	22.484439	22.282789
163.5	6.319537	16.164965	22.484502	22.281028
163.6	5.570662	16.913850	22.484512	22.204878
163.7	12.309644	10.174810	22.484454	22.048912
163.8	18.253899	4.230501	22.484401	21.827565
163.9	15.869649	6.614771	22.484421	21.572114
164	7.955021	14.529467	22.484488	21.321943
164.1	4.039495	18.445023	22.484518	21.113144
164.2	8.432931	14.051545	22.484476	20.968459
164.3	15.314696	7.169723	22.484420	20.891991
164.4	16.659494	5.824924	22.484418	20.870317
164.5	12.170398	10.314068	22.484466	20.879309
164.6	8.548361	13.936135	22.484496	20.893908
164.7	10.007210	12.477261	22.484471	20.897173
164.8	13.084558	9.399873	22.484431	20.885292
164.9	12.178989	10.305444	22.484433	20.866975
165	7.633987	14.850488	22.484475	20.857769
165.1	5.330428	17.154072	22.484499	20.871865
165.2	8.718818	13.765656	22.484474	20.914869
165.3	14.255694	8.228739	22.484433	20.980593
165.4	16.086438	6.397989	22.484427	21.053329
165.5	13.281496	9.202962	22.484458	21.114838
165.6	10.129388	12.355093	22.484481	21.153324
165.7	9.944796	12.539673	22.484470	21.170718
165.8	11.287733	11.196715	22.484448	21.185005
165.9	11.205690	11.278760	22.484451	21.226049
166	9.988834	12.495637	22.484471	21.325763
166.1	10.382808	12.101667	22.484474	21.505663
166.2	12.810545	9.673907	22.484452	21.766122
166.3	14.096092	8.388343	22.484435	22.081328
166.4	11.925852	10.558599	22.484451	22.402357
166.5	8.622115	13.862366	22.484481	22.668114
166.6	8.437384	14.047101	22.484484	22.821316
166.7	11.795989	10.688466	22.484455	22.824879
166.8	14.534830	7.949602	22.484432	22.673744
166.9	13.401849	9.082597	22.484446	22.398409
167	10.289961	12.194515	22.484475	22.058881
167.1	9.381613	13.102867	22.484480	21.730611
167.2	11.308161	11.176294	22.484454	21.486309
167.3	12.590946	9.893492	22.484439	21.378732
167.4	11.044114	11.440343	22.484457	21.429088
167.5	9.196664	13.287819	22.484482	21.623970
167.6	10.548642	11.935833	22.484475	21.921182
167.7	13.941799	8.542641	22.484440	22.262304
167.8	14.520439	7.963989	22.484427	22.588128
167.9	10.593566	11.890894	22.484460	22.852587
168	6.806215	15.678283	22.484497	23.031608
168.1	8.427430	14.057057	22.484487	23.125101
168.2	13.950078	8.534359	22.484438	23.152376
168.3	16.380708	6.103705	22.484413	23.143080
168.4	12.285693	10.198756	22.484449	23.126775
168.5	6.726799	15.757701	22.484500	23.124239
168.6	6.997669	15.486831	22.484500	23.142707
168.7	12.945716	9.538729	22.484445	23.175862
168.8	16.750003	5.734403	22.484405	23.207923
168.9	12.907062	9.577373	22.484435	23.220117
169	5.568724	16.915772	22.484497	23.197346
169.1	3.531197	18.953316	22.484514	23.133102
169.2	9.245561	13.238905	22.484466	23.031382
169.3	16.008524	6.475892	22.484416	22.905311
169.4	16.681721	5.802703	22.484424	22.773129
169.5	12.296423	10.188049	22.484472	22.652807
169.6	9.570381	12.914111	22.484493	22.556843
169.7	11.417084	11.067377	22.484461	22.488644
169.8	13.546852	8.937576	22.484428	22.441456
169.9	11.369269	11.115175	22.484444	22.400154
170	7.119140	15.365348	22.484488	22.345500
170.1	7.026104	15.458394	22.484498	22.259869
170.2	12.371880	10.112574	22.484455	22.133032
170.3	16.994279	5.490134	22.484413	21.966469
170.4	15.108904	7.375526	22.484430	21.774951
170.5	9.068287	13.416196	22.484484	21.584685
170.6	6.453147	16.031357	22.484504	21.428154
170.7	10.199912	12.284554	22.484466	21.336662
170.8	14.928484	7.555937	22.484421	21.332299
170.9	14.332121	8.152309	22.484430	21.421361
171	9.609444	12.875035	22.484479	21.591057
171.1	7.594308	14.890192	22.484500	21.810610
171.2	11.241275	11.243189	22.484464	22.036734
171.3	15.469774	7.014646	22.484419	22.222322
171.4	14.070130	8.414298	22.484428	22.326263
171.5	8.343103	14.141378	22.484481	22.321954
171.6	5.711996	16.772512	22.484508	22.202446
171.7	9.984577	12.499896	22.484473	21.981045
171.8	16.162405	6.322014	22.484420	21.687496
171.9	16.700863	5.783553	22.484416	21.361012
172	11.035887	11.448578	22.484465	21.042188
172.1	6.079379	16.405125	22.484503	20.765907
172.2	7.381306	15.103181	22.484486	20.556772
172.3	12.577642	9.906798	22.484440	20.427623
172.4	15.122303	7.362121	22.484424	20.380669
172.5	12.681634	9.802818	22.484453	20.410035
172.6	9.208272	13.276210	22.484483	20.504399
172.7	8.913195	13.571281	22.484476	20.648779
172.8	10.939588	11.544861	22.484449	20.825329
172.9	11.546656	10.937787	22.484442	21.013735
173	9.848414	12.636050	22.484464	21.192178
173.1	8.809792	13.674688	22.484480	21.339679
173.2	10.579600	11.904866	22.484466	21.439917
173.3	13.261038	9.223406	22.484443	21.485696
173.4	13.701235	8.783209	22.484444	21.482482
173.5	12.004765	10.479701	22.484466	21.449256
173.6	11.147668	11.336807	22.484475	21.415497
173.7	12.375250	10.109207	22.484457	21.414349
173.8	13.243778	9.240661	22.484439	21.473431
173.9	11.290286	11.194163	22.484450	21.605947
174	8.044207	14.440270	22.484478	21.805062
174.1	7.415858	15.068627	22.484485	22.043812
174.2	10.482254	12.002208	22.484462	22.281220
174.3	13.933116	8.551322	22.484438	22.473227
174.4	14.373879	8.110565	22.484443	22.585303
174.5	12.471182	10.013283	22.484465	22.602763
174.6	11.291388	11.193082	22.484471	22.535322
174.7	11.593262	10.891191	22.484454	22.414136
174.8	11.143549	11.340898	22.484446	22.282045
174.9	8.997781	13.486685	22.484466	22.180061
175	7.988598	14.495889	22.484487	22.134588
175.1	10.931723	11.552749	22.484472	22.149735
175.2	15.570630	6.913802	22.484432	22.207528
175.3	16.205692	6.278727	22.484419	22.276090
175.4	11.067971	11.416486	22.484457	22.323097
175.5	5.656452	16.828052	22.484503	22.329788
175.6	6.539077	15.945421	22.484498	22.300392
175.7	12.894910	9.589534	22.484444	22.263236
175.8	17.052407	5.432002	22.484409	22.262544
175.9	14.025970	8.458468	22.484438	22.343200
176	7.918146	14.566347	22.484494	22.533375
176.1	6.616865	15.867638	22.484503	22.830942
176.2	11.496088	10.988367	22.484454	23.198706
176.3	15.668527	6.815885	22.484412	23.570714
176.4	13.216476	9.267958	22.484434	23.868380
176.5	7.199045	15.285447	22.484491	24.021828
176.6	5.687441	16.797067	22.484508	23.989993
176.7	10.972073	11.512387	22.484460	23.773183
176.8	16.310826	6.173584	22.484410	23.414078
176.9	14.684710	7.799714	22.484424	22.986686
177	8.060026	14.424458	22.484484	22.576514
177.1	4.918005	17.566507	22.484513	22.257951
177.2	9.320456	13.164018	22.484474	22.075567
177.3	15.872194	6.612226	22.484420	22.034715
177.4	16.947730	5.536689	22.484419	22.103759
177.5	12.345004	10.139463	22.484467	22.226566
177.6	8.741592	13.742904	22.484497	22.340852
177.7	10.302387	12.182084	22.484470	22.396402
177.8	13.432601	9.051829	22.484430	22.367673
177.9	12.489742	9.994692	22.484434	22.257509
178	8.116930	14.367548	22.484479	22.091807
178.1	6.502433	15.982068	22.484500	21.907912
178.2	10.635266	11.849201	22.484467	21.741314
178.3	15.781692	6.702730	22.484422	21.615289
178.4	15.619582	6.864843	22.484426	21.536578
178.5	10.746160	11.738313	22.484474	21.497744
178.6	7.877617	14.606883	22.484500	21.484322
178.7	10.713738	11.770731	22.484469	21.483266
178.8	14.880401	7.604021	22.484423	21.489051
178.9	13.921483	8.562943	22.484426	21.505004
179	8.307084	14.177393	22.484477	21.539548
179.1	5.213521	17.270988	22.484509	21.599240
179.2	9.164358	13.320121	22.484479	21.681769
179.3	15.896631	6.587793	22.484424	21.772189
179.4	17.576990	4.907423	22.484412	21.844385
179.5	12.532281	9.952175	22.484456	21.867707
179.6	6.954982	15.529516	22.484498	21.816633
179.7	6.846549	15.637940	22.484489	21.680037
179.8	11.005854	11.478594	22.484448	21.466600
179.9	13.698064	8.786367	22.484431	21.204208
180	12.474490	10.009965	22.484454	20.933276
180.1	10.465215	12.019263	22.484478	20.696111
180.2	10.920803	11.563664	22.484467	20.525845
180.3	12.431257	10.053185	22.484442	20.438636
180.4	11.525856	10.958587	22.484443	20.431636
180.5	8.424349	14.060124	22.484473	20.487183
180.6	7.278253	15.206236	22.484489	20.581431
180.7	10.333915	12.150551	22.484466	20.694093
180.8	14.334628	8.149804	22.484432	20.815619
180.9	14.510000	7.974433	22.484432	20.949164
181	10.870236	11.614230	22.484466	21.106678
181.1	8.191429	14.293060	22.484489	21.300682
181.2	9.718971	12.765502	22.484473	21.534992
181.3	13.164030	9.320412	22.484442	21.798134
181.4	14.203307	8.281132	22.484438	22.062341
181.5	12.300110	10.184353	22.484463	22.289058
181.6	10.791838	11.692639	22.484477	22.439563
181.7	11.595707	10.888753	22.484460	22.487367
181.8	12.459976	10.024464	22.484440	22.428228
181.9	10.724533	11.759918	22.484451	22.284221
182	7.898423	14.586057	22.484480	22.100070
182.1	8.013604	14.470881	22.484485	21.932423
182.2	11.773236	10.711219	22.484456	21.834988
182.3	14.979434	7.504995	22.484429	21.843842
182.4	13.974718	8.509726	22.484443	21.967242
182.5	10.690164	11.794313	22.484478	22.182959
182.6	9.963944	12.520539	22.484484	22.443946
182.7	12.576500	9.907951	22.484451	22.690739
182.8	13.911701	8.572725	22.484426	22.867099
182.9	10.631010	11.853440	22.484450	22.934565
183	6.192672	16.291823	22.484495	22.882094
183.1	6.891012	15.593486	22.484498	22.728392
183.2	13.072318	9.412131	22.484449	22.516697
183.3	17.639673	4.844735	22.484407	22.303708
183.4	14.810593	7.673838	22.484431	22.145795
183.5	7.962608	14.521884	22.484492	22.086061
183.6	5.727960	16.756552	22.484511	22.145300
183.7	10.831077	11.653386	22.484462	22.318671
183.8	16.305691	6.178717	22.484408	22.578337
183.9	14.510667	7.973754	22.484421	22.880882
184	7.379587	15.104901	22.484487	23.177329
184.1	4.238282	18.246238	22.484520	23.423269
184.2	9.672504	12.811970	22.484475	23.586850
184.3	17.236167	5.248240	22.484408	23.653146
184.4	17.438663	5.045741	22.484404	23.624410
184.5	9.828479	12.655990	22.484469	23.516665
184.6	3.577900	18.906620	22.484520	23.353861
184.7	5.924458	16.560038	22.484495	23.161241
184.8	13.451133	9.033299	22.484431	22.959604
184.9	17.091131	5.393279	22.484410	22.761771
185	13.724484	8.759968	22.484452	22.571963
185.1	9.197384	13.287111	22.484495	22.387992
185.2	9.633664	12.850819	22.484483	22.205397
185.3	13.361694	9.122744	22.484438	22.022121
185.4	14.112730	8.371696	22.484427	21.842138
185.5	10.361727	12.122738	22.484466	21.676708
185.6	7.550495	14.934003	22.484498	21.542651
185.7	10.198486	12.285990	22.484476	21.457920
185.8	15.081995	7.402431	22.484426	21.435722
185.9	15.231225	7.253192	22.484418	21.479006
186	9.535182	12.949284	22.484466	21.577217
186.1	4.821824	17.662685	22.484510	21.706683
186.2	7.268178	15.216314	22.484492	21.834943
186.3	14.367363	8.117072	22.484435	21.928118
186.4	18.027838	4.456572	22.484410	21.959367
186.5	14.666735	7.817710	22.484445	21.916005
186.6	9.156231	13.328260	22.484491	21.803101
186.7	7.960466	14.524023	22.484489	21.642371
186.8	11.005889	11.478561	22.484450	21.466542
186.9	12.822259	9.662171	22.484430	21.310765
187	10.609558	11.874898	22.484456	21.203531
187.1	7.913316	14.571172	22.484488	21.159698
187.2	9.251029	13.233451	22.484481	21.177533
187.3	13.559895	8.924548	22.484443	21.240370
187.4	15.551892	6.932535	22.484426	21.322083
187.5	12.865277	9.619175	22.484452	21.394430
187.6	9.067969	13.416515	22.484484	21.433959
187.7	8.625545	13.858935	22.484480	21.426534
187.8	11.045768	11.438682	22.484450	21.368623
187.9	12.164685	10.319753	22.484438	21.265681
188	10.341872	12.142588	22.484460	21.128987
188.1	8.664961	13.819522	22.484483	20.972602
188.2	10.221915	12.262556	22.484471	20.811725
188.3	13.379600	9.104841	22.484441	20.662773
188.4	13.883708	8.600726	22.484434	20.544407
188.5	10.840952	11.643510	22.484462	20.478061
188.6	8.121854	14.362632	22.484486	20.486463
188.7	9.162785	13.321690	22.484475	20.589481
188.8	12.401352	10.083093	22.484445	20.797874
188.9	13.636575	8.847863	22.484438	21.106834
189	11.873727	10.610735	22.484462	21.491927
189.1	10.423698	12.060782	22.484480	21.909759
189.2	11.854152	10.630314	22.484466	22.304475
189.3	14.114768	8.369671	22.484438	22.619229
189.4	13.437000	9.047438	22.484439	22.809872
189.5	9.903099	12.581369	22.484468	22.856876
189.6	7.678126	14.806361	22.484487	22.771570
189.7	9.406912	13.077558	22.484470	22.594209
189.8	12.606328	9.878113	22.484440	22.383786
189.9	13.160347	9.324093	22.484440	22.202221
190	10.988409	11.496058	22.484467	22.097483
190.1	9.847029	12.637452	22.484481	22.090855
190.2	11.611291	10.873168	22.484460	22.172359
190.3	13.410625	9.073811	22.484436	22.305916
190.4	11.999270	10.485178	22.484448	22.442596
190.5	9.099777	13.384705	22.484482	22.537686
190.6	9.489888	12.994600	22.484488	22.565936
190.7	13.818898	8.665551	22.484448	22.529871
190.8	16.431175	6.053237	22.484413	22.458376
190.9	12.416841	10.067594	22.484435	22.395986
191	5.074510	17.409986	22.484496	22.386540
191.1	3.083361	19.401159	22.484520	22.456814
191.2	9.805381	12.679091	22.484472	22.605850
191.3	18.291602	4.192804	22.484406	22.803827
191.4	19.143753	3.340650	22.484403	23.001088
191.5	11.855497	10.628968	22.484465	23.144441
191.6	5.276470	17.208045	22.484515	23.195292
191.7	6.530991	15.953501	22.484492	23.143436
191.8	12.533462	9.950970	22.484432	23.011653
191.9	14.748352	7.736062	22.484414	22.849321
192	10.569902	11.914557	22.484459	22.716890
192.1	6.339008	16.145497	22.484504	22.666147
192.2	8.405459	14.079029	22.484488	22.722675
192.3	14.461287	8.023145	22.484432	22.876233
192.4	16.670154	5.814258	22.484412	23.082246
192.5	12.174902	10.309551	22.484454	23.273998
192.6	6.849968	15.634534	22.484501	23.381725
192.7	7.450282	15.034211	22.484493	23.352665
192.8	12.824429	9.660013	22.484442	23.165949
192.9	15.814912	6.669506	22.484418	22.838053
193	12.949767	9.534683	22.484450	22.417568
193.1	8.784480	13.700013	22.484493	21.971466
193.2	9.326783	13.157704	22.484487	21.567455
193.3	13.751862	8.732579	22.484441	21.257920
193.4	15.625830	6.858589	22.484419	21.069917
193.5	11.767967	10.716484	22.484450	21.003409
193.6	6.656967	15.827528	22.484495	21.037027
193.7	6.546508	15.937986	22.484494	21.138365
193.8	11.343605	11.140846	22.484451	21.274725
193.9	15.019135	7.465288	22.484423	21.420678
194	13.625938	8.858506	22.484444	21.560555
194.1	10.032951	12.451530	22.484481	21.686135
194.2	9.435695	13.048789	22.484484	21.791704
194.3	12.258957	10.225495	22.484452	21.869475
194.4	14.074164	8.410268	22.484432	21.907904
194.5	12.103362	10.381090	22.484451	21.893943
194.6	9.016842	13.467640	22.484481	21.818379
194.7	8.978948	13.505532	22.484480	21.681888
194.8	11.795186	10.689264	22.484450	21.498890
194.9	13.340964	9.143470	22.484434	21.296981
195	11.414406	11.070047	22.484454	21.111360
195.1	8.700620	13.783860	22.484480	20.975629
195.2	8.891002	13.593475	22.484477	20.911910
195.3	11.644795	10.839657	22.484452	20.923725
195.4	13.393057	9.091383	22.484440	20.994323
195.5	12.469800	10.014657	22.484456	21.091386
195.6	11.055890	11.428582	22.484473	21.176823
195.7	11.365547	11.118915	22.484463	21.218603
195.8	12.031818	10.452624	22.484442	21.200768
195.9	10.323492	12.160955	22.484447	21.128347
196	7.050543	15.433935	22.484478	21.025552
196.1	6.563107	15.921386	22.484494	20.927900
196.2	10.971986	11.512481	22.484467	20.870942
196.3	16.384485	6.099941	22.484426	20.879346
196.4	16.974804	5.509618	22.484422	20.959946
196.5	12.161074	10.323386	22.484461	21.100909
196.6	7.481010	15.003484	22.484495	21.277101
196.7	7.805698	14.678785	22.484484	21.459573
196.8	11.665704	10.818743	22.484447	21.625785
196.9	13.887037	8.597397	22.484434	21.766953
197	12.557320	9.927137	22.484457	21.889989
197.1	10.833319	11.651159	22.484478	22.013409
197.2	11.648964	10.835501	22.484466	22.158664
197.3	13.289687	9.194752	22.484440	22.339929
197.4	12.219328	10.265114	22.484442	22.555940
197.5	8.871216	13.613258	22.484474	22.786817
197.6	7.641169	14.843320	22.484490	22.997188
197.7	10.635814	11.848649	22.484463	23.144936
197.8	14.113789	8.370640	22.484429	23.193069
197.9	13.291290	9.193146	22.484436	23.121223
198	9.268092	13.216388	22.484479	22.933389
198.1	8.078800	14.405699	22.484499	22.659514
198.2	12.383569	10.100894	22.484463	22.350378
198.3	17.039011	5.445403	22.484415	22.067004
198.4	15.351880	7.132542	22.484421	21.867276
198.5	8.305174	14.179305	22.484479	21.793151
198.6	4.158451	18.326065	22.484516	21.861529
198.7	8.110663	14.373820	22.484482	22.060894
198.8	15.302860	7.181558	22.484419	22.354309
198.9	16.729646	5.754761	22.484407	22.687872
199	10.773056	11.711407	22.484463	23.002496
199.1	5.314774	17.169739	22.484513	23.246288
199.2	7.485092	14.999401	22.484493	23.384790
199.3	14.398338	8.086091	22.484429	23.406963
199.4	17.037490	5.446916	22.484406	23.325842
199.5	12.130503	10.353950	22.484453	23.173944
199.6	6.318141	16.166366	22.484507	22.994675
199.7	7.189122	15.295374	22.484496	22.831784
199.8	13.195598	9.288838	22.484436	22.719298
199.9	15.856450	6.627958	22.484407	22.674217
200	11.223952	11.260498	22.484450	22.693568
