#time	ekin		epot		etot		chain_length
0	11.210660	5.000000	16.210660	23.000000
0.1	6.142461	10.084084	16.226544	23.258059
0.2	2.337357	13.889226	16.226583	23.369576
0.3	5.178566	11.047995	16.226562	23.319733
0.4	11.631454	4.595052	16.226506	23.132002
0.5	13.772832	2.453655	16.226488	22.862013
0.6	9.069022	7.157510	16.226532	22.582074
0.7	3.794828	12.431752	16.226581	22.361053
0.8	4.830863	11.395707	16.226569	22.245794
0.9	10.587860	5.638653	16.226513	22.249719
1	13.135984	3.090503	16.226487	22.351913
1.1	8.769939	7.456586	16.226526	22.506551
1.2	2.986144	13.240435	16.226579	22.659270
1.3	3.266412	12.960164	16.226576	22.764913
1.4	9.259679	6.966843	16.226522	22.800890
1.5	13.318933	2.907555	16.226487	22.772064
1.6	10.519427	5.707089	16.226516	22.706055
1.7	4.836736	11.389832	16.226568	22.641125
1.8	3.567697	12.658878	16.226575	22.611200
1.9	7.767879	8.458653	16.226531	22.633341
2	11.394992	4.831506	16.226499	22.701923
2.1	9.807372	6.419147	16.226519	22.791263
2.2	5.843763	10.382799	16.226562	22.865425
2.3	5.477282	10.749285	16.226567	22.891498
2.4	9.382684	6.843844	16.226527	22.851523
2.5	12.054790	4.171709	16.226499	22.748896
2.6	9.509935	6.716586	16.226521	22.607134
2.7	4.881436	11.345129	16.226564	22.461591
2.8	4.276351	11.950220	16.226571	22.347180
2.9	8.596912	7.629620	16.226532	22.286407
3	12.374060	3.852440	16.226500	22.281809
3.1	11.013570	5.212944	16.226515	22.315222
3.2	6.618404	9.608151	16.226555	22.353900
3.3	4.836940	11.389627	16.226567	22.361189
3.4	7.404079	8.822459	16.226539	22.308064
3.5	10.416820	5.809692	16.226512	22.181723
3.6	10.089600	6.136921	16.226521	21.988685
3.7	7.665967	8.560582	16.226549	21.751851
3.8	6.990602	9.235952	16.226554	21.503031
3.9	8.759468	7.467062	16.226530	21.273836
4	9.758052	6.468463	16.226515	21.088082
4.1	7.876043	8.350489	16.226532	20.957965
4.2	5.414483	10.812074	16.226557	20.884654
4.3	5.866914	10.359641	16.226554	20.862249
4.4	8.865468	7.361059	16.226527	20.882890
4.5	10.622736	5.603778	16.226514	20.940606
4.6	9.254237	6.972295	16.226532	21.032299
4.7	7.304741	8.921813	16.226554	21.155614
4.8	7.822089	8.404457	16.226546	21.304960
4.9	9.710689	6.515830	16.226519	21.467793
5	9.292156	6.934360	16.226515	21.623341
5.1	6.033863	10.192681	16.226544	21.745029
5.2	4.034051	12.192517	16.226568	21.806391
5.3	6.551501	9.675049	16.226550	21.788810
5.4	10.982290	5.244220	16.226510	21.688474
5.5	11.734519	4.491982	16.226502	21.519955
5.6	7.679448	8.547091	16.226539	21.314770
5.7	4.029933	12.196640	16.226573	21.114852
5.8	5.612931	10.613627	16.226558	20.962573
5.9	10.336617	5.889896	16.226513	20.890123
6	11.843886	4.382612	16.226498	20.911357
6.1	8.063799	8.162736	16.226535	21.018543
6.2	4.142467	12.084107	16.226574	21.184928
6.3	5.584646	10.641916	16.226562	21.372358
6.4	10.733963	5.492551	16.226514	21.541658
6.5	12.842040	3.384455	16.226494	21.662800
6.6	9.090815	7.135714	16.226529	21.722042
6.7	4.409821	11.816751	16.226573	21.724255
6.8	4.866102	11.360463	16.226566	21.690134
6.9	9.549308	6.677212	16.226520	21.649438
7	11.964755	4.261742	16.226497	21.632417
7.1	8.998770	7.227760	16.226530	21.661911
7.2	5.143535	11.083036	16.226571	21.748145
7.3	6.141052	10.085511	16.226562	21.887328
7.4	10.800014	5.426500	16.226515	22.063995
7.5	12.421182	3.805312	16.226494	22.256041
7.6	8.124714	8.101817	16.226532	22.440812
7.7	3.275120	12.951459	16.226579	22.600532
7.8	4.560742	11.665829	16.226571	22.725720
7.9	10.784494	5.442020	16.226515	22.815945
8	13.957970	2.268513	16.226483	22.877992
8.1	9.671883	6.554636	16.226520	22.922192
8.2	3.088998	13.137579	16.226578	22.958040
8.3	2.439451	13.787132	16.226583	22.990387
8.4	8.439813	7.786716	16.226529	23.017265
8.5	13.514786	2.711701	16.226487	23.030019
8.6	11.721259	4.505251	16.226510	23.015839
8.7	6.189732	10.036831	16.226563	22.962136
8.8	4.452059	11.774517	16.226576	22.861687
8.9	8.258400	7.968133	16.226532	22.717090
9	11.582932	4.643563	16.226495	22.543109
9.1	9.199241	7.027274	16.226515	22.365819
9.2	3.976835	12.249731	16.226566	22.218269
9.3	3.026553	13.200025	16.226578	22.133296
9.4	8.033216	8.193319	16.226535	22.135111
9.5	12.878404	3.348089	16.226493	22.231853
9.6	11.682581	4.543927	16.226507	22.411345
9.7	6.406547	9.820009	16.226556	22.641688
9.8	3.975479	12.251097	16.226575	22.877058
9.9	7.073768	9.152773	16.226541	23.067661
10	10.994758	5.231745	16.226503	23.171411
10.1	10.400239	5.826273	16.226512	23.164257
10.2	6.504057	9.722497	16.226554	23.046212
10.3	5.055920	11.170650	16.226569	22.841229
10.4	8.261336	7.965202	16.226538	22.590797
10.5	11.811746	4.414758	16.226504	22.342953
10.6	10.874104	5.352409	16.226513	22.139800
10.7	6.643865	9.582687	16.226552	22.007101
10.8	4.604560	11.622009	16.226568	21.948879
10.9	7.140182	9.086361	16.226542	21.948413
11	10.618799	5.607711	16.226511	21.975053
11.1	10.587994	5.638522	16.226515	21.994465
11.2	7.658021	8.568526	16.226547	21.978982
11.3	6.171001	10.055558	16.226560	21.914843
11.4	7.982868	8.243670	16.226538	21.804311
11.5	10.157982	6.068533	16.226515	21.662475
11.6	9.448441	6.778081	16.226523	21.510358
11.7	6.891118	9.335431	16.226549	21.367131
11.8	6.083173	10.143382	16.226555	21.244346
11.9	7.922837	8.303697	16.226534	21.144146
12	9.491488	6.735029	16.226517	21.061798
12.1	8.524640	7.701890	16.226530	20.991124
12.2	6.769969	9.456583	16.226552	20.930293
12.3	7.250682	8.975867	16.226549	20.885298
12.4	9.499154	6.727369	16.226524	20.869376
12.5	9.990156	6.236358	16.226514	20.898292
12.6	7.461291	8.765247	16.226538	20.983146
12.7	5.330118	10.896446	16.226564	21.123541
12.8	7.132176	9.094375	16.226552	21.304002
12.9	11.043011	5.183502	16.226513	21.495514
13	11.605298	4.621202	16.226500	21.662187
13.1	7.078587	9.147948	16.226535	21.771113
13.2	2.495325	13.731251	16.226576	21.802156
13.3	3.636313	12.590256	16.226569	21.754222
13.4	9.449410	6.777110	16.226521	21.645672
13.5	13.105165	3.121328	16.226493	21.508546
13.6	10.649575	5.576946	16.226520	21.378450
13.7	5.926597	10.299968	16.226565	21.283618
13.8	5.234943	10.991625	16.226567	21.236957
13.9	8.919209	7.307317	16.226526	21.233922
14	11.228246	4.998254	16.226500	21.256940
14.1	8.530075	7.696451	16.226526	21.284676
14.2	4.536938	11.689631	16.226569	21.302595
14.3	5.237716	10.988851	16.226568	21.310668
14.4	10.400985	5.825536	16.226521	21.325037
14.5	13.439492	2.786999	16.226491	21.372638
14.6	10.148653	6.077867	16.226520	21.480421
14.7	4.567281	11.659289	16.226570	21.663029
14.8	3.823113	12.403462	16.226576	21.913584
14.9	8.690578	7.535951	16.226529	22.201449
15	12.565860	3.660632	16.226492	22.478505
15.1	10.336532	5.889983	16.226515	22.692497
15.2	5.236161	10.990406	16.226566	22.803350
15.3	4.409639	11.816936	16.226576	22.797047
15.4	9.150539	7.075991	16.226530	22.692124
15.5	13.032723	3.193768	16.226491	22.536123
15.6	10.543597	5.682915	16.226511	22.392563
15.7	4.616072	11.610493	16.226565	22.322211
15.8	2.866051	13.360530	16.226581	22.364430
15.9	7.516228	8.710310	16.226538	22.524560
16	12.476944	3.749549	16.226493	22.771440
16.1	11.443494	4.783012	16.226506	23.046002
16.2	6.143006	10.083551	16.226557	23.278341
16.3	3.801823	12.424755	16.226578	23.407957
16.4	7.426142	8.800401	16.226542	23.400937
16.5	11.966492	4.260007	16.226499	23.258896
16.6	11.293509	4.932997	16.226506	23.017212
16.7	6.387895	9.838658	16.226553	22.733530
16.8	3.799921	12.426655	16.226575	22.470520
16.9	6.740817	9.485727	16.226545	22.278495
17	10.936871	5.289633	16.226504	22.183210
17.1	10.623672	5.602836	16.226508	22.182178
17.2	6.315501	9.911049	16.226549	22.249883
17.3	3.897509	12.329064	16.226572	22.349342
17.4	6.585386	9.641161	16.226546	22.445585
17.5	10.791422	5.435087	16.226509	22.516384
17.6	11.245072	4.981438	16.226510	22.556850
17.7	8.053653	8.172893	16.226545	22.576975
17.8	6.105276	10.121288	16.226564	22.593710
17.9	8.019840	8.206701	16.226541	22.621054
18	10.600656	5.625854	16.226510	22.662069
18.1	9.575969	6.650547	16.226516	22.705828
18.2	5.835684	10.390868	16.226552	22.730314
18.3	4.421351	11.805218	16.226569	22.710035
18.4	7.658233	8.568310	16.226543	22.625447
18.5	11.867219	4.359289	16.226508	22.470682
18.6	12.096589	4.129919	16.226509	22.256797
18.7	8.405972	7.820569	16.226541	22.009454
18.8	5.398269	10.828293	16.226562	21.761908
18.9	6.070625	10.155923	16.226548	21.545821
19	8.469549	7.756975	16.226523	21.383015
19.1	9.177579	7.048944	16.226523	21.280811
19.2	8.110927	8.115615	16.226542	21.232191
19.3	7.882014	8.344534	16.226548	21.220272
19.4	9.256547	6.969983	16.226530	21.225148
19.5	9.805130	6.421388	16.226517	21.230488
19.6	7.813561	8.412972	16.226533	21.227646
19.7	5.453578	10.772979	16.226557	21.216157
19.8	6.074879	10.151675	16.226554	21.200965
19.9	9.204263	7.022262	16.226524	21.187980
20	10.694678	5.531831	16.226509	21.180065
20.1	8.392529	7.834002	16.226531	21.175234
20.2	5.473885	10.752677	16.226563	21.167824
20.3	6.308295	9.918263	16.226558	21.152076
20.4	10.185969	6.040551	16.226520	21.126503
20.5	11.808480	4.418020	16.226500	21.097018
20.6	8.435289	7.791240	16.226528	21.077183
20.7	4.045398	12.181172	16.226569	21.085018
20.8	4.382015	11.844553	16.226568	21.137152
20.9	9.165396	7.061127	16.226523	21.242170
21	12.125513	4.100982	16.226494	21.395520
21.1	9.251810	6.974711	16.226521	21.577951
21.2	4.323420	11.903149	16.226569	21.758407
21.3	4.041637	12.184937	16.226573	21.900899
21.4	9.042041	7.184487	16.226528	21.973562
21.5	12.897491	3.329002	16.226493	21.957372
21.6	10.660806	5.565709	16.226515	21.852035
21.7	5.536807	10.689759	16.226566	21.677327
21.8	4.584221	11.642354	16.226575	21.469456
21.9	9.120714	7.105816	16.226530	21.273375
22	12.826356	3.400136	16.226491	21.133035
22.1	10.276322	5.950191	16.226513	21.082012
22.2	4.462403	11.764164	16.226567	21.136745
22.3	3.026855	13.199727	16.226582	21.293822
22.4	8.088853	8.137683	16.226537	21.531701
22.5	13.299290	2.927200	16.226491	21.816167
22.6	12.163919	4.062586	16.226504	22.108040
22.7	6.542656	9.683902	16.226558	22.371287
22.8	3.976556	12.250023	16.226580	22.579760
22.9	7.515900	8.710641	16.226541	22.721222
23	11.777181	4.449315	16.226496	22.798047
23.1	10.479096	5.747411	16.226507	22.824657
23.2	5.167663	11.058897	16.226560	22.822514
23.3	3.241891	12.984692	16.226583	22.813921
23.4	7.880263	8.346280	16.226543	22.816140
23.5	13.463809	2.762682	16.226492	22.837234
23.6	12.764632	3.461864	16.226496	22.874666
23.7	6.410350	9.816201	16.226551	22.916976
23.8	2.109948	14.116637	16.226585	22.948107
23.9	4.765019	11.461539	16.226557	22.953172
24	10.518611	5.707896	16.226507	22.923968
24.1	12.239189	3.987310	16.226499	22.862509
24.2	8.729008	7.497531	16.226539	22.781320
24.3	5.511329	10.715240	16.226569	22.700146
24.4	6.821992	9.404558	16.226550	22.639860
24.5	10.069106	6.157406	16.226512	22.615367
24.6	10.017461	6.209049	16.226510	22.629789
24.7	6.397541	9.829006	16.226546	22.672051
24.8	4.257699	11.968870	16.226569	22.719045
24.9	6.773252	9.453294	16.226546	22.742142
25	10.694963	5.531545	16.226509	22.716330
25.1	10.786237	5.440272	16.226509	22.629201
25.2	7.053058	9.173488	16.226546	22.486793
25.3	4.750609	11.475961	16.226570	22.314058
25.4	7.182973	9.043574	16.226547	22.149297
25.5	11.209503	5.017006	16.226510	22.033824
25.6	11.554271	4.672237	16.226508	21.999759
25.7	7.923471	8.303072	16.226543	22.059626
25.8	5.239435	10.987132	16.226567	22.201101
25.9	6.871059	9.355489	16.226548	22.388740
26	10.227479	5.999035	16.226514	22.572447
26.1	10.565736	5.660776	16.226512	22.700301
26.2	7.513264	8.713279	16.226542	22.731984
26.3	5.345959	10.880603	16.226563	22.648868
26.4	6.948039	9.278507	16.226546	22.457855
26.5	10.003908	6.222609	16.226517	22.188096
26.6	10.500519	5.725997	16.226517	21.881915
26.7	8.294819	7.931723	16.226542	21.583060
26.8	6.897401	9.329154	16.226555	21.326028
26.9	8.112824	8.113713	16.226537	21.129645
27	9.475969	6.750548	16.226517	20.996392
27.1	8.181647	8.044879	16.226526	20.916904
27.2	5.641813	10.584742	16.226555	20.877329
27.3	5.759355	10.467204	16.226559	20.866375
27.4	9.129483	7.097047	16.226530	20.879305
27.5	11.606507	4.619999	16.226505	20.917543
27.6	9.774103	6.452418	16.226521	20.984468
27.7	5.878427	10.348131	16.226558	21.079572
27.8	5.037490	11.189075	16.226565	21.193891
27.9	8.218422	8.008109	16.226531	21.309150
28	10.759407	5.467097	16.226504	21.401547
28.1	8.843670	7.382853	16.226522	21.449172
28.2	5.105007	11.121557	16.226563	21.440390
28.3	5.260456	10.966113	16.226569	21.379858
28.4	9.970182	6.256344	16.226526	21.289446
28.5	13.219954	3.006536	16.226491	21.203070
28.6	10.081760	6.144753	16.226513	21.156671
28.7	3.716305	12.510262	16.226567	21.176512
28.8	1.851032	14.375553	16.226584	21.269825
28.9	6.877121	9.349420	16.226541	21.421269
29	12.603033	3.623459	16.226492	21.596796
29.1	12.194165	4.032337	16.226502	21.753965
29.2	6.940966	9.285589	16.226555	21.855422
29.3	4.259591	11.966989	16.226579	21.881035
29.4	7.663134	8.563410	16.226544	21.834479
29.5	12.185287	4.041210	16.226498	21.741892
29.6	11.350167	4.876338	16.226505	21.642963
29.7	6.149431	10.077125	16.226556	21.577457
29.8	3.757041	12.469540	16.226581	21.571872
29.9	7.664178	8.562366	16.226544	21.630925
30	12.683449	3.543045	16.226494	21.736941
30.1	11.802291	4.424208	16.226499	21.857432
30.2	5.777663	10.448892	16.226555	21.958213
30.3	2.440107	13.786481	16.226588	22.017343
30.4	6.395012	9.831541	16.226553	22.034771
30.5	12.791534	3.434962	16.226496	22.033948
30.6	13.546394	2.680096	16.226490	22.054444
30.7	7.849789	8.376754	16.226543	22.137809
30.8	3.095841	13.130743	16.226584	22.311384
30.9	5.127759	11.098802	16.226561	22.575716
31	10.772057	5.454450	16.226507	22.900171
31.1	12.355780	3.870713	16.226493	23.228740
31.2	7.910736	8.315801	16.226536	23.494606
31.3	3.503584	12.722994	16.226578	23.639127
31.4	4.954019	11.272544	16.226563	23.629276
31.5	10.248343	5.978171	16.226514	23.468005
31.6	12.548685	3.677811	16.226497	23.194213
31.7	9.300572	6.925958	16.226530	22.872274
31.8	5.161801	11.064766	16.226567	22.574393
31.9	5.326844	10.899715	16.226559	22.361211
32	8.732871	7.493651	16.226521	22.266510
32.1	10.176744	6.049764	16.226509	22.290367
32.2	7.837868	8.388669	16.226537	22.402333
32.3	5.585180	10.641383	16.226563	22.553001
32.4	7.147565	9.078985	16.226550	22.689868
32.5	10.609273	5.617241	16.226514	22.772336
32.6	10.999193	5.227314	16.226507	22.781402
32.7	7.294551	8.931988	16.226539	22.721646
32.8	4.036107	12.190461	16.226568	22.615813
32.9	5.304374	10.922182	16.226555	22.494631
33	9.353637	6.872883	16.226520	22.385803
33.1	11.158565	5.067944	16.226509	22.305898
33.2	9.170883	7.055652	16.226535	22.257479
33.3	6.985937	9.240622	16.226559	22.231680
33.4	7.925936	8.300611	16.226547	22.214505
33.5	10.350953	5.875564	16.226518	22.193933
33.6	10.214264	6.012250	16.226514	22.164947
33.7	7.064797	9.161746	16.226543	22.130685
33.8	4.915382	11.311182	16.226564	22.099560
33.9	6.718752	9.507796	16.226548	22.079844
34	10.209193	6.017324	16.226516	22.074136
34.1	10.937459	5.289053	16.226512	22.076109
34.2	8.259379	7.967161	16.226539	22.070957
34.3	5.990195	10.236365	16.226559	22.039531
34.4	6.990457	9.236089	16.226546	21.964657
34.5	9.384067	6.842453	16.226520	21.837374
34.6	9.591386	6.635134	16.226520	21.660814
34.7	7.597195	8.629349	16.226545	21.450339
34.8	6.787454	9.439101	16.226556	21.229922
34.9	8.654647	7.571887	16.226534	21.026033
35	10.250399	5.976112	16.226511	20.861151
35.1	8.428527	7.797996	16.226523	20.749010
35.2	4.931728	11.294830	16.226558	20.692952
35.3	4.627017	11.599550	16.226567	20.687597
35.4	8.725828	7.500705	16.226534	20.722812
35.5	12.426557	3.799942	16.226499	20.788264
35.6	10.897857	5.328654	16.226511	20.876719
35.7	5.902706	10.323851	16.226557	20.984940
35.8	3.833718	12.392857	16.226575	21.112022
35.9	7.312151	8.914391	16.226541	21.256082
36	11.558829	4.667671	16.226500	21.410879
36.1	10.708468	5.518039	16.226507	21.564012
36.2	5.787125	10.439430	16.226555	21.697737
36.3	3.497656	12.728923	16.226579	21.792481
36.4	7.202558	9.023988	16.226545	21.832111
36.5	12.206285	4.020213	16.226498	21.809295
36.6	11.884467	4.342033	16.226501	21.729156
36.7	6.574028	9.652522	16.226550	21.609862
36.8	3.219964	13.006617	16.226580	21.479710
36.9	6.131261	10.095291	16.226552	21.371291
37	11.264254	4.962249	16.226503	21.314170
37.1	11.783021	4.443480	16.226501	21.327965
37.2	7.381032	8.845516	16.226548	21.417576
37.3	4.659948	11.566631	16.226579	21.571780
37.4	7.950831	8.275718	16.226549	21.765526
37.5	13.059667	3.166830	16.226497	21.965399
37.6	12.661718	3.564776	16.226494	22.136994
37.7	6.316981	9.909566	16.226547	22.252571
37.8	1.578962	14.647627	16.226589	22.297319
37.9	4.391066	11.835499	16.226565	22.272880
38	11.325159	4.901346	16.226505	22.197353
38.1	13.932732	2.293754	16.226486	22.101693
38.2	9.515884	6.710646	16.226530	22.023167
38.3	4.244848	11.981729	16.226578	21.997156
38.4	4.804585	11.421982	16.226567	22.049025
38.5	9.819534	6.406983	16.226517	22.187879
38.6	12.200224	4.026271	16.226495	22.403757
38.7	8.816153	7.410376	16.226529	22.669111
38.8	4.431186	11.795385	16.226571	22.944469
38.9	4.977223	11.249341	16.226565	23.187092
39	9.569473	6.657047	16.226520	23.360606
39.1	11.935234	4.291264	16.226498	23.443159
39.2	8.961163	7.265364	16.226527	23.431909
39.3	4.695658	11.530909	16.226566	23.342572
39.4	4.707077	11.519488	16.226564	23.204092
39.5	8.746879	7.479648	16.226526	23.049938
39.6	11.487886	4.738618	16.226505	22.908612
39.7	9.821040	6.405486	16.226525	22.796221
39.8	6.588762	9.637795	16.226556	22.713442
39.9	6.112096	10.114459	16.226555	22.647790
40	8.243116	7.983411	16.226527	22.580411
40.1	9.173666	7.052850	16.226516	22.495053
40.2	7.345449	8.881088	16.226537	22.386079
40.3	5.746855	10.479704	16.226559	22.262566
40.4	7.369582	8.856965	16.226547	22.146839
40.5	10.521183	5.705333	16.226516	22.067621
40.6	10.907877	5.318633	16.226510	22.049932
40.7	7.696676	8.529863	16.226539	22.105116
40.8	4.959475	11.267090	16.226565	22.224532
40.9	6.272065	9.954487	16.226552	22.379401
41	9.868406	6.358113	16.226519	22.527283
41.1	11.080598	5.145912	16.226510	22.623482
41.2	8.695663	7.530874	16.226537	22.633902
41.3	6.433522	9.793039	16.226561	22.545276
41.4	7.584147	8.642401	16.226548	22.369418
41.5	10.374741	5.851776	16.226517	22.140022
41.6	10.541893	5.684619	16.226512	21.902941
41.7	7.430520	8.796021	16.226541	21.702989
41.8	4.998207	11.228355	16.226563	21.571413
41.9	6.312095	9.914453	16.226548	21.517929
42	9.324889	6.901629	16.226518	21.529625
42.1	9.902212	6.324304	16.226516	21.576746
42.2	7.756427	8.470117	16.226544	21.623121
42.3	6.739976	9.486583	16.226560	21.637559
42.4	8.979416	7.247121	16.226537	21.602454
42.5	11.328898	4.897609	16.226507	21.517021
42.6	9.621204	6.605311	16.226515	21.394642
42.7	5.031366	11.195190	16.226556	21.255928
42.8	3.293186	12.933389	16.226575	21.120535
42.9	7.132311	9.094233	16.226544	21.001031
43	12.094277	4.132223	16.226500	20.901043
43.1	11.955640	4.270861	16.226501	20.818060
43.2	6.917635	9.308913	16.226548	20.749283
43.3	3.524777	12.701802	16.226578	20.697591
43.4	6.092208	10.134344	16.226553	20.674594
43.5	11.002533	5.223972	16.226505	20.698867
43.6	11.620174	4.606326	16.226501	20.789488
43.7	7.275451	8.951093	16.226544	20.957025
43.8	4.127816	12.098760	16.226577	21.195506
43.9	6.654603	9.571949	16.226552	21.478876
44	11.359903	4.866600	16.226503	21.764144
44.1	11.452651	4.773847	16.226498	22.001034
44.2	6.294634	9.931912	16.226546	22.145575
44.3	2.662808	13.563775	16.226584	22.173321
44.4	5.778916	10.447643	16.226559	22.087711
44.5	12.067997	4.158505	16.226502	21.920406
44.6	13.595651	2.630838	16.226489	21.723020
44.7	8.499122	7.727415	16.226537	21.552564
44.8	3.493775	12.732807	16.226582	21.455099
44.9	5.005810	11.220756	16.226566	21.452868
45	10.728753	5.497757	16.226510	21.539090
45.1	12.876124	3.350367	16.226491	21.682104
45.2	8.711455	7.515078	16.226533	21.837411
45.3	4.168805	12.057774	16.226579	21.963506
45.4	5.706829	10.519737	16.226566	22.036080
45.5	11.414879	4.811631	16.226510	22.055771
45.6	13.424020	2.802466	16.226487	22.046870
45.7	8.472003	7.754525	16.226528	22.047509
45.8	2.480000	13.746581	16.226582	22.094845
45.9	2.963724	13.262853	16.226577	22.210491
46	9.297178	6.929343	16.226521	22.391357
46.1	13.624222	2.602265	16.226487	22.609226
46.2	11.038363	5.188153	16.226516	22.819336
46.3	5.571633	10.654934	16.226567	22.975119
46.4	4.437312	11.789262	16.226573	23.044078
46.5	8.561754	7.664776	16.226530	23.019358
46.6	11.879493	4.347005	16.226497	22.922959
46.7	9.771608	6.454910	16.226518	22.799375
46.8	5.056873	11.169688	16.226561	22.701621
46.9	3.855246	12.371324	16.226570	22.674183
47	7.428189	8.798346	16.226535	22.738415
47.1	10.973742	5.252765	16.226506	22.885105
47.2	10.389059	5.837461	16.226519	23.076552
47.3	7.400507	8.826044	16.226551	23.257429
47.4	6.432703	9.793853	16.226556	23.370918
47.5	8.252489	7.974042	16.226531	23.375058
47.6	9.399405	6.827110	16.226515	23.254378
47.7	7.724609	8.501924	16.226533	23.023530
47.8	5.716735	10.509823	16.226558	22.722333
47.9	6.786089	9.440462	16.226551	22.404237
48	9.984347	6.242174	16.226520	22.122101
48.1	10.961768	5.264740	16.226508	21.915638
48.2	8.042434	8.184100	16.226534	21.803918
48.3	4.852831	11.373733	16.226564	21.784401
48.4	5.602084	10.624473	16.226558	21.837786
48.5	9.404415	6.822108	16.226524	21.936228
48.6	11.483060	4.743448	16.226508	22.051801
48.7	9.593583	6.632946	16.226530	22.162548
48.8	6.809106	9.417451	16.226557	22.254735
48.9	6.965416	9.261136	16.226552	22.321553
49	9.315322	6.911201	16.226523	22.359784
49.1	9.906440	6.320075	16.226515	22.366489
49.2	7.566237	8.660303	16.226540	22.337424
49.3	5.787455	10.439107	16.226562	22.267884
49.4	7.650467	8.576080	16.226547	22.155459
49.5	11.003094	5.223419	16.226513	22.003278
49.6	11.055497	5.171010	16.226507	21.822016
49.7	7.116947	9.109594	16.226542	21.629440
49.8	4.005455	12.221115	16.226570	21.447208
49.9	5.752805	10.473749	16.226554	21.295795
50	10.057443	6.169071	16.226514	21.189187
50.1	11.284156	4.942348	16.226505	21.131168
50.2	8.130663	8.095876	16.226539	21.114542
50.3	5.410127	10.816442	16.226569	21.123592
50.4	7.294278	8.932273	16.226551	21.139027
50.5	11.257661	4.968847	16.226508	21.143775
50.6	11.320045	4.906456	16.226501	21.127804
50.7	6.451342	9.775201	16.226542	21.090471
50.8	2.550649	13.675930	16.226580	21.039849
50.9	4.844921	11.381641	16.226561	20.989444
51	10.732128	5.494382	16.226510	20.953579
51.1	12.915404	3.311088	16.226492	20.943058
51.2	8.933663	7.292869	16.226532	20.962459
51.3	4.372718	11.853857	16.226575	21.009795
51.4	5.346298	10.880266	16.226564	21.078365
51.5	10.295424	5.931091	16.226514	21.159927
51.6	12.175292	4.051201	16.226493	21.247922
51.7	8.104463	8.122069	16.226531	21.339587
51.8	3.401330	12.825247	16.226577	21.436249
51.9	4.465817	11.760751	16.226568	21.541776
52	10.087430	6.139086	16.226516	21.659794
52.1	12.972904	3.253586	16.226491	21.790656
52.2	9.496271	6.730255	16.226525	21.929227
52.3	4.522372	11.704201	16.226573	22.064272
52.4	4.791260	11.435310	16.226570	22.179790
52.5	9.828380	6.398140	16.226520	22.258078
52.6	12.686743	3.539750	16.226493	22.283895
52.7	9.480303	6.746221	16.226525	22.248779
52.8	4.723810	11.502763	16.226573	22.154516
52.9	5.171906	11.054664	16.226571	22.014835
53	10.483911	5.742608	16.226519	21.854726
53.1	13.442307	2.784181	16.226488	21.707181
53.2	9.605183	6.621336	16.226520	21.607650
53.3	3.483901	12.742674	16.226575	21.587114
53.4	2.861824	13.364757	16.226581	21.665079
53.5	8.661314	7.565217	16.226530	21.844118
53.6	13.691631	2.534857	16.226487	22.107473
53.7	11.854493	4.372013	16.226506	22.420765
53.8	5.725781	10.500779	16.226560	22.737961
53.9	2.881159	13.345420	16.226579	23.010660
54	6.211927	10.014618	16.226545	23.198722
54.1	10.887063	5.339442	16.226505	23.279649
54.2	11.252457	4.974053	16.226510	23.254114
54.3	7.949910	8.276637	16.226547	23.145895
54.4	6.103320	10.123243	16.226562	22.995841
54.5	7.900684	8.325854	16.226538	22.851205
54.6	9.987529	6.238982	16.226512	22.753128
54.7	8.741117	7.485405	16.226522	22.725722
54.8	5.564202	10.662351	16.226553	22.769959
54.9	4.835237	11.391325	16.226562	22.864201
55	7.712592	8.513944	16.226536	22.971284
55.1	10.584543	5.641969	16.226512	23.050055
55.2	10.123359	6.103163	16.226522	23.067826
55.3	7.661594	8.564955	16.226549	23.009897
55.4	6.890938	9.335616	16.226553	22.883214
55.5	8.481281	7.745250	16.226531	22.713104
55.6	9.385081	6.841436	16.226517	22.534284
55.7	7.632602	8.593931	16.226533	22.379238
55.8	5.489693	10.736864	16.226557	22.267906
55.9	6.284228	9.942325	16.226553	22.202163
56	9.437036	6.789488	16.226524	22.166889
56.1	10.969806	5.256705	16.226511	22.137162
56.2	8.988418	7.238114	16.226532	22.088904
56.3	6.402111	9.824447	16.226558	22.009145
56.4	6.882443	9.344109	16.226553	21.902112
56.5	9.664968	6.561554	16.226523	21.788842
56.6	10.611194	5.615318	16.226511	21.700273
56.7	8.166234	8.060302	16.226536	21.666125
56.8	5.761453	10.465109	16.226562	21.703400
56.9	7.036500	9.190051	16.226552	21.808579
57	10.474447	5.752070	16.226517	21.956385
57.1	11.202806	5.023700	16.226506	22.105731
57.2	7.786477	8.440060	16.226537	22.211049
57.3	4.552534	11.674034	16.226568	22.235316
57.4	5.859642	10.366914	16.226556	22.160551
57.5	9.995354	6.231162	16.226516	21.992428
57.6	11.302643	4.923859	16.226502	21.757691
57.7	7.935984	8.290552	16.226536	21.495513
57.8	4.597027	11.629544	16.226571	21.245933
57.9	6.172827	10.053731	16.226558	21.039345
58	10.795026	5.431486	16.226512	20.890422
58.1	12.056648	4.169849	16.226496	20.798084
58.2	7.769095	8.457439	16.226535	20.750840
58.3	3.369961	12.856617	16.226578	20.734870
58.4	4.930254	11.296313	16.226567	20.741335
58.5	10.848055	5.378459	16.226513	20.769926
58.6	13.538091	2.688395	16.226487	20.827268
58.7	9.258387	6.968136	16.226523	20.921050
58.8	3.153206	13.073370	16.226576	21.052567
58.9	2.709154	13.517424	16.226577	21.211168
59	8.174767	8.051760	16.226528	21.373507
59.1	12.529153	3.697340	16.226493	21.508646
59.2	10.833824	5.392692	16.226517	21.587734
59.3	6.386358	9.840205	16.226563	21.594947
59.4	5.663729	10.562839	16.226567	21.535528
59.5	9.275877	6.950649	16.226525	21.437457
59.6	11.365243	4.861254	16.226498	21.345313
59.7	8.123158	8.103368	16.226526	21.307651
59.8	3.509950	12.716622	16.226573	21.361667
59.9	4.086299	12.140274	16.226573	21.520149
60	9.880724	6.345800	16.226523	21.765307
60.1	13.874784	2.351704	16.226488	22.051967
60.2	11.119271	5.107243	16.226515	22.319593
60.3	5.337195	10.889373	16.226568	22.509632
60.4	4.059290	12.167288	16.226578	22.582791
60.5	8.699907	7.526625	16.226532	22.530765
60.6	12.804189	3.422303	16.226492	22.378624
60.7	10.755474	5.471038	16.226511	22.177099
60.8	5.254566	10.971997	16.226563	21.987280
60.9	3.629363	12.597216	16.226579	21.862659
61	8.032115	8.194422	16.226537	21.834281
61.1	12.635690	3.590804	16.226495	21.903605
61.2	11.414895	4.811611	16.226506	22.045060
61.3	6.009660	10.216895	16.226556	22.217029
61.4	3.343185	12.883392	16.226577	22.377226
61.5	6.488245	9.738300	16.226545	22.497107
61.6	10.994197	5.232308	16.226505	22.570473
61.7	11.152889	5.073620	16.226508	22.613538
61.8	7.415110	8.811437	16.226547	22.656760
61.9	5.192982	11.033585	16.226567	22.731555
62	7.270413	8.956130	16.226543	22.856707
62.1	10.354158	5.872353	16.226511	23.029297
62.2	10.046581	6.179935	16.226516	23.223332
62.3	6.925029	9.301518	16.226548	23.396583
62.4	5.405686	10.820875	16.226561	23.503335
62.5	7.419479	8.807060	16.226539	23.508802
62.6	9.910650	6.315864	16.226514	23.400480
62.7	9.389182	6.837339	16.226521	23.192791
62.8	6.817996	9.408552	16.226549	22.923643
62.9	5.982337	10.244219	16.226556	22.644142
63	7.956490	8.270044	16.226534	22.404789
63.1	9.710708	6.515808	16.226516	22.242464
63.2	8.730290	7.496239	16.226529	22.171953
63.3	6.788355	9.438199	16.226554	22.184183
63.4	7.280757	8.945795	16.226552	22.251083
63.5	9.954605	6.271919	16.226524	22.335029
63.6	10.851229	5.375279	16.226509	22.399640
63.7	7.920020	8.306511	16.226531	22.418705
63.8	4.408348	11.818216	16.226564	22.380976
63.9	4.877933	11.348629	16.226562	22.290186
64	9.028923	7.197604	16.226527	22.161187
64.1	11.910009	4.316496	16.226505	22.014146
64.2	10.443601	5.782924	16.226525	21.868962
64.3	7.361841	8.864716	16.226557	21.741494
64.4	7.118133	9.108422	16.226555	21.642174
64.5	9.529628	6.696896	16.226523	21.576560
64.6	10.180109	6.046400	16.226509	21.546707
64.7	7.115654	9.110882	16.226537	21.552202
64.8	4.238444	11.988126	16.226570	21.590167
64.9	6.121005	10.105553	16.226559	21.654290
65	11.148783	5.077730	16.226513	21.733634
65.1	12.892546	3.333947	16.226493	21.812258
65.2	8.583239	7.643290	16.226529	21.870497
65.3	3.336155	12.890421	16.226577	21.888111
65.4	3.861179	12.365393	16.226573	21.848714
65.5	9.581373	6.645148	16.226521	21.744272
65.6	13.117223	3.109265	16.226488	21.578243
65.7	9.895150	6.331369	16.226519	21.366197
65.8	4.255358	11.971215	16.226573	21.133519
65.9	3.773152	12.453426	16.226578	20.910628
66	9.179492	7.047035	16.226527	20.726940
66.1	13.314287	2.912201	16.226487	20.605128
66.2	10.608007	5.618505	16.226512	20.557137
66.3	4.495006	11.731562	16.226568	20.582823
66.4	2.865035	13.361546	16.226581	20.671358
66.5	7.634970	8.591565	16.226535	20.804741
66.6	12.351650	3.874842	16.226492	20.962331
66.7	10.914041	5.312468	16.226509	21.125156
66.8	5.622634	10.603927	16.226561	21.279026
66.9	3.830370	12.396208	16.226578	21.415924
67	7.914865	8.311672	16.226537	21.533673
67.1	12.191395	4.035101	16.226496	21.634318
67.2	10.813020	5.413490	16.226510	21.721863
67.3	5.779003	10.447557	16.226560	21.800042
67.4	4.142144	12.084434	16.226577	21.870699
67.5	8.286269	7.940268	16.226537	21.933112
67.6	12.575571	3.650923	16.226494	21.984363
67.7	10.979102	5.247405	16.226507	22.020662
67.8	5.334536	10.892023	16.226560	22.039259
67.9	3.029111	13.197471	16.226582	22.040465
68	7.190416	9.036128	16.226544	22.029117
68.1	12.563977	3.662521	16.226497	22.014900
68.2	12.529878	3.696625	16.226502	22.011080
68.3	7.745151	8.481399	16.226550	22.031627
68.4	4.898826	11.327749	16.226575	22.087202
68.5	7.522425	8.704120	16.226545	22.181050
68.6	11.378567	4.847935	16.226502	22.306109
68.7	10.505577	5.720930	16.226506	22.444638
68.8	5.525623	10.700929	16.226553	22.571097
68.9	2.933487	13.293092	16.226579	22.658125
69	6.409308	9.817242	16.226550	22.684359
69.1	11.872946	4.353558	16.226504	22.641984
69.2	12.776749	3.449750	16.226499	22.541568
69.3	8.426528	7.800011	16.226539	22.412178
69.4	4.431370	11.795199	16.226570	22.295972
69.5	5.199627	11.026928	16.226555	22.238090
69.6	8.724952	7.501568	16.226520	22.274292
69.7	10.116747	6.109766	16.226513	22.419788
69.8	8.325287	7.901251	16.226539	22.662741
69.9	6.829350	9.397206	16.226556	22.964800
70	8.049782	8.176758	16.226540	23.269087
70.1	9.860789	6.365728	16.226517	23.513804
70.2	9.016808	7.209714	16.226522	23.647785
70.3	6.208837	10.017712	16.226549	23.643573
70.4	5.280484	10.946076	16.226560	23.504153
70.5	7.703962	8.522575	16.226537	23.261336
70.6	10.308710	5.917803	16.226512	22.966269
70.7	9.635720	6.590801	16.226520	22.674987
70.8	6.798086	9.428464	16.226550	22.433432
70.9	5.920166	10.306394	16.226559	22.266443
71	8.306707	7.919828	16.226535	22.173915
71.1	10.591454	5.635058	16.226512	22.134894
71.2	9.523740	6.702783	16.226523	22.117815
71.3	6.621144	9.605408	16.226553	22.093118
71.4	6.036444	10.190115	16.226559	22.043827
71.5	8.607168	7.619364	16.226532	21.970560
71.6	10.584018	5.642492	16.226510	21.889495
71.7	8.986122	7.240404	16.226526	21.824378
71.8	6.019501	10.207057	16.226558	21.795734
71.9	6.096081	10.130478	16.226560	21.811439
72	9.458097	6.768430	16.226527	21.862191
72.1	11.525927	4.700578	16.226505	21.923654
72.2	9.260686	6.965841	16.226527	21.964511
72.3	5.731575	10.494989	16.226564	21.957544
72.4	6.114419	10.112144	16.226563	21.889679
72.5	10.267034	5.959488	16.226522	21.767294
72.6	12.339225	3.887270	16.226495	21.614780
72.7	8.599021	7.627502	16.226523	21.466743
72.8	3.057077	13.169495	16.226573	21.356567
72.9	2.778509	13.448070	16.226579	21.305307
73	8.579443	7.647087	16.226530	21.314836
73.1	13.534448	2.692040	16.226488	21.367574
73.2	11.715344	4.511163	16.226507	21.432828
73.3	5.839326	10.387237	16.226562	21.477379
73.4	3.633952	12.592628	16.226580	21.476524
73.5	7.635675	8.590863	16.226538	21.421668
73.6	11.976188	4.250306	16.226494	21.321929
73.7	10.441259	5.785249	16.226508	21.199466
73.8	4.971397	11.255165	16.226562	21.080561
73.9	3.128513	13.098069	16.226583	20.986026
74	7.861803	8.364738	16.226541	20.924659
74.1	13.315603	2.910888	16.226491	20.892230
74.2	12.398235	3.828263	16.226498	20.876255
74.3	6.102515	10.124038	16.226553	20.864480
74.4	2.225244	14.001341	16.226585	20.853463
74.5	5.262124	10.964430	16.226554	20.853449
74.6	10.872416	5.354087	16.226504	20.887071
74.7	11.977174	4.249326	16.226500	20.981760
74.8	8.026053	8.200491	16.226544	21.158262
74.9	5.115354	11.111218	16.226573	21.419441
75	7.289838	8.936710	16.226548	21.743777
75.1	11.128712	5.097794	16.226506	22.086656
75.2	10.827273	5.399234	16.226507	22.389923
75.3	6.484763	9.741787	16.226550	22.597272
75.4	4.076230	12.150345	16.226575	22.670795
75.5	7.177822	9.048725	16.226547	22.603331
75.6	11.878568	4.347935	16.226503	22.422317
75.7	11.932502	4.293999	16.226502	22.183499
75.8	7.194172	9.032374	16.226546	21.956081
75.9	3.894655	12.331922	16.226577	21.803700
76	6.376178	9.850375	16.226554	21.767039
76.1	11.393555	4.832953	16.226508	21.853388
76.2	12.511262	3.715238	16.226500	22.036276
76.3	8.540560	7.685978	16.226538	22.265065
76.4	4.784858	11.441712	16.226570	22.481255
76.5	5.779418	10.447137	16.226555	22.636242
76.6	9.498937	6.727580	16.226517	22.704947
76.7	10.561492	5.665015	16.226507	22.691293
76.8	7.623708	8.602830	16.226537	22.624272
76.9	4.876577	11.349987	16.226564	22.546429
77	6.045342	10.181209	16.226552	22.498934
77.1	9.444525	6.781995	16.226520	22.508298
77.2	10.662954	5.563560	16.226513	22.578942
77.3	8.685171	7.541366	16.226537	22.693657
77.4	6.845849	9.380707	16.226556	22.821247
77.5	7.687440	8.539102	16.226542	22.928300
77.6	9.354218	6.872300	16.226519	22.990818
77.7	8.622618	7.603903	16.226522	23.001765
77.8	5.977868	10.248681	16.226549	22.972180
77.9	5.218087	11.008474	16.226561	22.925842
78	7.996443	8.230096	16.226539	22.889647
78.1	11.113910	5.112600	16.226510	22.883222
78.2	10.631989	5.594526	16.226515	22.911339
78.3	7.215584	9.010963	16.226546	22.961628
78.4	5.238492	10.988069	16.226562	23.008134
78.5	6.856140	9.370401	16.226542	23.019379
78.6	9.299323	6.927193	16.226516	22.968151
78.7	9.084058	7.142465	16.226523	22.839903
78.8	7.046173	9.180377	16.226550	22.637281
78.9	6.958310	9.268246	16.226557	22.379700
79	9.706956	6.519574	16.226530	22.098481
79.1	11.543904	4.682603	16.226507	21.829328
79.2	9.284858	6.941665	16.226523	21.604498
79.3	5.248331	10.978229	16.226560	21.446746
79.4	4.614639	11.611928	16.226567	21.366289
79.5	8.391878	7.834655	16.226533	21.360924
79.6	11.731107	4.495395	16.226502	21.418521
79.7	10.325995	5.900523	16.226517	21.520620
79.8	6.335881	9.890678	16.226559	21.645955
79.9	5.505370	10.721198	16.226568	21.773165
80	9.153945	7.072586	16.226531	21.882580
80.1	12.101145	4.125354	16.226498	21.957425
80.2	9.747769	6.478748	16.226517	21.984934
80.3	4.772700	11.453865	16.226565	21.957657
80.4	3.922989	12.303588	16.226577	21.874868
80.5	8.773600	7.452932	16.226532	21.743568
80.6	13.036213	3.190276	16.226489	21.578432
80.7	10.632794	5.593712	16.226506	21.400218
80.8	4.081112	12.145453	16.226565	21.232563
80.9	1.719957	14.506632	16.226589	21.097677
81	6.936207	9.290339	16.226546	21.011902
81.1	13.500226	2.726263	16.226489	20.982251
81.2	13.404603	2.821889	16.226492	21.004906
81.3	7.116732	9.109819	16.226550	21.066109
81.4	2.827249	13.399338	16.226587	21.145288
81.5	5.724416	10.502139	16.226556	21.219665
81.6	11.432011	4.794489	16.226500	21.269256
81.7	12.106512	4.119982	16.226494	21.281114
81.8	6.888105	9.338440	16.226544	21.251967
81.9	2.835771	13.390811	16.226583	21.188783
82	5.368832	10.857727	16.226559	21.107289
82.1	11.145247	5.081259	16.226506	21.028860
82.2	12.727467	3.499027	16.226495	20.976415
82.3	8.477132	7.749405	16.226537	20.970070
82.4	4.382982	11.843593	16.226575	21.023286
82.5	5.717099	10.509459	16.226557	21.140148
82.6	10.075832	6.150680	16.226512	21.314297
82.7	11.098513	5.127989	16.226502	21.529789
82.8	7.438971	8.787570	16.226541	21.763874
82.9	4.575348	11.651226	16.226574	21.991273
83	7.077877	9.148677	16.226554	22.189136
83.1	12.062708	4.163799	16.226507	22.341571
83.2	12.871598	3.354898	16.226496	22.442555
83.3	8.026393	8.200144	16.226537	22.496354
83.4	3.353364	12.873213	16.226577	22.515186
83.5	4.445196	11.781368	16.226564	22.514677
83.6	9.567860	6.658658	16.226518	22.508450
83.7	12.279481	3.947019	16.226500	22.503592
83.8	9.894010	6.332519	16.226529	22.498637
83.9	6.426855	9.799707	16.226562	22.484986
84	6.583849	9.642706	16.226555	22.451543
84.1	9.436178	6.790343	16.226521	22.391121
84.2	10.272283	5.954227	16.226510	22.306365
84.3	7.533460	8.693077	16.226537	22.212765
84.4	4.969365	11.257198	16.226563	22.137112
84.5	6.211144	10.015407	16.226551	22.111185
84.6	9.599777	6.626741	16.226518	22.162144
84.7	10.520364	5.706146	16.226510	22.302512
84.8	7.840363	8.386175	16.226538	22.523165
84.9	5.396074	10.830488	16.226562	22.792116
85	6.563809	9.662741	16.226549	23.060292
85.1	9.630687	6.595832	16.226519	23.273249
85.2	10.384925	5.841590	16.226514	23.385729
85.3	8.093101	8.133439	16.226540	23.374757
85.4	6.353307	9.873251	16.226559	23.247109
85.5	7.721336	8.505206	16.226542	23.038485
85.6	9.914168	6.312347	16.226515	22.804227
85.7	9.137139	7.089379	16.226517	22.604047
85.8	5.832850	10.393700	16.226550	22.485232
85.9	4.488454	11.738112	16.226566	22.469376
86	7.441762	8.784780	16.226543	22.546685
86.1	11.301308	4.925200	16.226508	22.679561
86.2	11.251244	4.975266	16.226510	22.814300
86.3	7.539553	8.686992	16.226546	22.897160
86.4	5.173502	11.053064	16.226567	22.889789
86.5	7.107776	9.118769	16.226545	22.779295
86.6	10.288367	5.938145	16.226511	22.580115
86.7	10.057643	6.168871	16.226514	22.327576
86.8	6.790645	9.435904	16.226549	22.065731
86.9	5.414706	10.811861	16.226567	21.833804
87	8.360275	7.866265	16.226540	21.655766
87.1	11.837950	4.388555	16.226505	21.536252
87.2	10.913770	5.312741	16.226511	21.463592
87.3	6.517024	9.709529	16.226553	21.418209
87.4	4.470610	11.755963	16.226572	21.382771
87.5	7.530232	8.696310	16.226542	21.350063
87.6	11.383638	4.842864	16.226502	21.325570
87.7	10.473754	5.752756	16.226509	21.323940
87.8	5.895637	10.330920	16.226557	21.360872
87.9	4.271595	11.954984	16.226579	21.443802
88	8.623339	7.603202	16.226541	21.565235
88.1	13.603549	2.622942	16.226491	21.701636
88.2	12.129798	4.096698	16.226496	21.818677
88.3	5.042851	11.183704	16.226555	21.881238
88.4	0.723006	15.503587	16.226593	21.864703
88.5	4.573310	11.653251	16.226561	21.763482
88.6	11.939780	4.286718	16.226498	21.593613
88.7	13.912804	2.313681	16.226485	21.388359
88.8	8.616383	7.610154	16.226536	21.188220
88.9	3.318473	12.908111	16.226584	21.028805
89	4.758809	11.467758	16.226567	20.930753
89.1	10.530434	5.696076	16.226510	20.895182
89.2	12.708557	3.517934	16.226491	20.906094
89.3	8.553199	7.673333	16.226533	20.938650
89.4	3.926303	12.300274	16.226578	20.970079
89.5	5.120485	11.106079	16.226565	20.989047
89.6	10.340389	5.886124	16.226513	20.999915
89.7	12.274494	3.951998	16.226492	21.020261
89.8	8.090585	8.135946	16.226531	21.072606
89.9	3.292059	12.934518	16.226577	21.173554
90	4.335112	11.891456	16.226569	21.324618
90.1	10.039264	6.187254	16.226518	21.508543
90.2	13.241572	2.984920	16.226492	21.692952
90.3	10.257138	5.969385	16.226523	21.840464
90.4	5.431179	10.795388	16.226568	21.921930
90.5	5.004449	11.222117	16.226566	21.928084
90.6	8.882426	7.344099	16.226525	21.875183
90.7	11.288213	4.938289	16.226502	21.802145
90.8	8.940845	7.285683	16.226527	21.759538
90.9	5.402965	10.823600	16.226565	21.793668
91	5.900508	10.326054	16.226562	21.930838
91.1	10.019423	6.207100	16.226523	22.167019
91.2	12.289781	3.936720	16.226501	22.466579
91.3	9.642641	6.583884	16.226525	22.770829
91.4	5.462920	10.763642	16.226562	23.014006
91.5	4.917533	11.309030	16.226563	23.141883
91.6	8.173862	8.052668	16.226530	23.127316
91.7	10.631499	5.595011	16.226509	22.978031
91.8	9.392162	6.834365	16.226527	22.734390
91.9	6.863838	9.362716	16.226554	22.458011
92	6.864553	9.361999	16.226552	22.214894
92.1	9.124318	7.102208	16.226525	22.058228
92.2	9.933687	6.292827	16.226514	22.015897
92.3	7.700718	8.525816	16.226535	22.086008
92.4	5.310415	10.916143	16.226558	22.241069
92.5	5.981706	10.244845	16.226550	22.438796
92.6	8.680834	7.545689	16.226524	22.635636
92.7	9.693693	6.532823	16.226517	22.798644
92.8	8.030250	8.196289	16.226539	22.912292
92.9	6.787605	9.438952	16.226557	22.978740
93	8.425758	7.800784	16.226542	23.012391
93.1	10.811102	5.415411	16.226513	23.031297
93.2	10.011867	6.214647	16.226514	23.048743
93.3	6.161218	10.065330	16.226547	23.067922
93.4	3.936679	12.289891	16.226569	23.081217
93.5	6.455194	9.771355	16.226549	23.073899
93.6	10.788583	5.437927	16.226511	23.030490
93.7	11.525876	4.700629	16.226505	22.941319
93.8	7.870490	8.356050	16.226539	22.806906
93.9	4.691802	11.534766	16.226568	22.638773
94	6.020583	10.205970	16.226553	22.456605
94.1	9.789182	6.437335	16.226517	22.282893
94.2	10.920064	5.306446	16.226510	22.136948
94.3	8.372794	7.853746	16.226540	22.030156
94.4	6.336655	9.889908	16.226563	21.963789
94.5	7.995307	8.231237	16.226544	21.929713
94.6	10.776796	5.449715	16.226511	21.913438
94.7	10.000923	6.225589	16.226512	21.898340
94.8	5.926171	10.300380	16.226551	21.869756
94.9	4.035341	12.191233	16.226575	21.817950
95	7.595466	8.631080	16.226547	21.739510
95.1	12.613996	3.612505	16.226501	21.637276
95.2	12.620333	3.606165	16.226498	21.519227
95.3	7.318574	8.907971	16.226545	21.396895
95.4	3.353937	12.872643	16.226581	21.283650
95.5	5.703680	10.522877	16.226557	21.193022
95.6	11.022399	5.204107	16.226505	21.137011
95.7	12.040392	4.186103	16.226495	21.124330
95.8	7.345525	8.881016	16.226541	21.158655
95.9	3.396697	12.829884	16.226581	21.237196
96	5.850063	10.376497	16.226561	21.350008
96.1	11.736469	4.490035	16.226504	21.480497
96.2	13.147864	3.078623	16.226488	21.607326
96.3	7.748347	8.478187	16.226534	21.707586
96.4	2.119809	14.106776	16.226584	21.760694
96.5	3.329687	12.896886	16.226573	21.752232
96.6	9.775908	6.450608	16.226515	21.676896
96.7	13.370742	2.855746	16.226487	21.539914
96.8	10.092629	6.133894	16.226523	21.356639
96.9	4.938034	11.288539	16.226573	21.150436
97	4.936808	11.289762	16.226570	20.949306
97.1	9.781699	6.444821	16.226521	20.781827
97.2	12.526503	3.699989	16.226492	20.673049
97.3	9.122376	7.104146	16.226523	20.640856
97.4	3.851597	12.374974	16.226571	20.693219
97.5	3.523991	12.702582	16.226573	20.826683
97.6	8.448364	7.778164	16.226528	21.026403
97.7	12.243453	3.983043	16.226496	21.267926
97.8	10.427227	5.799292	16.226518	21.520784
97.9	6.085432	10.141129	16.226561	21.753571
98	5.276686	10.949881	16.226567	21.939790
98.1	8.798481	7.428048	16.226530	22.063279
98.2	11.481728	4.744775	16.226503	22.121875
98.3	9.574136	6.652387	16.226523	22.128089
98.4	5.853181	10.373380	16.226561	22.106197
98.5	5.603635	10.622929	16.226564	22.086101
98.6	9.251933	6.974595	16.226528	22.095322
98.7	11.810547	4.415956	16.226503	22.151250
98.8	9.722066	6.504456	16.226522	22.255981
98.9	5.639848	10.586711	16.226559	22.395481
99	4.776343	11.450222	16.226565	22.543614
99.1	8.021850	8.204685	16.226534	22.670078
99.2	11.107868	5.118641	16.226510	22.749896
99.3	10.503894	5.722627	16.226521	22.771457
99.4	7.731151	8.495397	16.226548	22.740397
99.5	6.565203	9.661349	16.226552	22.677816
99.6	7.677688	8.548844	16.226532	22.613203
99.7	8.356872	7.869650	16.226522	22.574272
99.8	7.171021	9.055516	16.226538	22.577104
99.9	6.311304	9.915251	16.226555	22.620103
100	8.050754	8.175790	16.226543	22.684100
100.1	10.692322	5.534193	16.226515	22.738949
100.2	10.409703	5.816809	16.226512	22.754645
100.3	6.800173	9.426369	16.226542	22.713297
100.4	4.122354	12.104213	16.226567	22.617710
100.5	5.875170	10.351383	16.226552	22.493262
100.6	9.924696	6.301820	16.226516	22.381880
100.7	11.144091	5.082416	16.226507	22.329550
100.8	8.286891	7.939647	16.226538	22.371135
100.9	5.681853	10.544713	16.226566	22.517398
101	7.216482	9.010068	16.226551	22.748674
101.1	10.797631	5.428881	16.226513	23.017640
101.2	11.091498	5.135006	16.226505	23.260780
101.3	6.995536	9.231004	16.226540	23.415280
101.4	3.525055	12.701517	16.226573	23.436292
101.5	5.236764	10.989794	16.226558	23.309274
101.6	10.011743	6.214771	16.226515	23.053656
101.7	11.793373	4.433128	16.226501	22.716795
101.8	8.709540	7.516996	16.226535	22.360284
101.9	5.504608	10.721961	16.226569	22.042988
102	6.885216	9.341339	16.226555	21.806110
102.1	10.912405	5.314107	16.226513	21.664676
102.2	11.654839	4.571662	16.226501	21.607579
102.3	7.576049	8.650490	16.226539	21.605406
102.4	4.008832	12.217743	16.226575	21.622791
102.5	6.001541	10.225018	16.226559	21.630762
102.6	11.185647	5.040862	16.226510	21.614912
102.7	12.651589	3.574906	16.226494	21.577032
102.8	8.261515	7.965020	16.226535	21.530360
102.9	3.764293	12.462286	16.226578	21.490928
103	5.199948	11.026617	16.226565	21.468824
103.1	10.681030	5.545482	16.226512	21.462944
103.2	12.786870	3.439621	16.226491	21.461308
103.3	8.567248	7.659283	16.226531	21.446675
103.4	3.668867	12.557712	16.226579	21.405058
103.5	4.808044	11.418525	16.226569	21.333509
103.6	10.584395	5.642118	16.226513	21.243771
103.7	13.123639	3.102847	16.226486	21.159976
103.8	8.598888	7.627637	16.226525	21.110834
103.9	2.600689	13.625892	16.226581	21.119011
104	2.992637	13.233943	16.226580	21.191609
104.1	9.563844	6.662678	16.226522	21.315449
104.2	14.170205	2.056277	16.226483	21.459259
104.3	11.215649	5.010862	16.226511	21.582411
104.4	4.705411	11.521157	16.226569	21.647443
104.5	2.786554	13.440027	16.226581	21.632152
104.6	7.247666	8.978870	16.226536	21.537049
104.7	11.775928	4.450569	16.226496	21.385526
104.8	10.762464	5.464050	16.226513	21.216575
104.9	6.525259	9.701300	16.226559	21.072530
105	5.500042	10.726527	16.226569	20.986050
105.1	9.094663	7.131867	16.226530	20.970819
105.2	11.846584	4.379913	16.226497	21.019135
105.3	9.204675	7.021843	16.226518	21.107084
105.4	4.077844	12.148722	16.226565	21.205289
105.5	3.137419	13.089157	16.226576	21.291211
105.6	7.904255	8.322280	16.226536	21.358409
105.7	12.665001	3.561496	16.226497	21.419264
105.8	11.928034	4.298475	16.226509	21.500004
105.9	7.362728	8.863825	16.226553	21.629703
106	5.159548	11.067022	16.226570	21.827142
106.1	7.743517	8.483024	16.226540	22.090366
106.2	11.006410	5.220098	16.226507	22.392919
106.3	10.308636	5.917879	16.226515	22.688575
106.4	6.705695	9.520856	16.226551	22.923437
106.5	5.119277	11.107287	16.226564	23.051729
106.6	7.480105	8.746435	16.226540	23.050229
106.7	10.398597	5.827917	16.226513	22.926605
106.8	10.145534	6.080986	16.226520	22.718797
106.9	7.627033	8.599514	16.226547	22.485435
107	6.587617	9.638938	16.226554	22.290102
107.1	8.095501	8.131033	16.226534	22.184187
107.2	9.335645	6.890873	16.226518	22.193417
107.3	8.143842	8.082690	16.226531	22.311954
107.4	6.367579	9.858974	16.226554	22.505521
107.5	7.035085	9.191465	16.226550	22.722250
107.6	9.542006	6.684516	16.226523	22.907728
107.7	10.151727	6.074785	16.226512	23.019655
107.8	7.428124	8.798412	16.226536	23.037987
107.9	4.773006	11.453557	16.226563	22.968077
108	5.994713	10.231841	16.226555	22.836600
108.1	9.825365	6.401154	16.226519	22.682188
108.2	11.280787	4.945718	16.226505	22.544035
108.3	8.409720	7.816813	16.226533	22.451934
108.4	5.161572	11.064994	16.226566	22.420326
108.5	6.096987	10.129570	16.226557	22.447407
108.6	10.001694	6.224824	16.226518	22.518655
108.7	11.359903	4.866599	16.226502	22.612939
108.8	7.982839	8.243695	16.226534	22.708909
108.9	4.338924	11.887647	16.226571	22.789738
109	5.673361	10.553202	16.226562	22.845176
109.1	10.671675	5.554841	16.226516	22.870997
109.2	12.815068	3.411426	16.226494	22.866767
109.3	8.974704	7.251823	16.226526	22.833233
109.4	3.774614	12.451958	16.226572	22.770490
109.5	3.680456	12.546115	16.226571	22.677538
109.6	8.589438	7.637088	16.226526	22.553171
109.7	12.164597	4.061900	16.226498	22.397622
109.8	10.385064	5.841458	16.226522	22.214176
109.9	6.682386	9.544178	16.226563	22.010064
110	6.770158	9.456404	16.226562	21.796324
110.1	10.446638	5.779882	16.226520	21.586668
110.2	11.834238	4.392260	16.226497	21.395732
110.3	7.847773	8.378757	16.226530	21.237141
110.4	3.105593	13.120984	16.226576	21.121786
110.5	4.097827	12.128745	16.226572	21.056501
110.6	10.211661	6.014858	16.226519	21.043209
110.7	13.959124	2.267362	16.226486	21.078522
110.8	10.590908	5.635608	16.226516	21.153806
110.9	4.439426	11.787146	16.226572	21.255817
111	3.366376	12.860204	16.226580	21.368004
111.1	8.499085	7.727445	16.226530	21.472507
111.2	12.841033	3.385456	16.226489	21.552702
111.3	10.594076	5.632435	16.226511	21.595874
111.4	4.783820	11.442745	16.226565	21.595468
111.5	3.110194	13.116386	16.226580	21.552335
111.6	7.686532	8.540005	16.226537	21.474576
111.7	12.366957	3.859536	16.226493	21.375969
111.8	11.052463	5.174044	16.226508	21.273299
111.9	5.719405	10.507153	16.226559	21.183264
112	3.540368	12.686209	16.226578	21.119651
112.1	7.233930	8.992611	16.226541	21.091372
112.2	11.667966	4.558533	16.226500	21.101588
112.3	11.016670	5.209839	16.226509	21.147830
112.4	6.549044	9.677511	16.226554	21.222776
112.5	4.601159	11.625413	16.226573	21.315323
112.6	7.792551	8.433989	16.226540	21.411770
112.7	11.555110	4.671392	16.226502	21.497178
112.8	10.539497	5.687013	16.226511	21.557145
112.9	5.986189	10.240365	16.226554	21.580195
113	4.032480	12.194094	16.226574	21.560686
113.1	7.385452	8.841090	16.226543	21.501662
113.2	11.694143	4.532360	16.226503	21.416704
113.3	11.395812	4.830695	16.226507	21.329657
113.4	7.020921	9.205626	16.226548	21.271489
113.5	4.259183	11.967388	16.226571	21.274282
113.6	6.384646	9.841903	16.226548	21.363368
113.7	10.315374	5.911139	16.226514	21.549579
113.8	11.185422	5.041091	16.226513	21.823960
113.9	8.750297	7.476244	16.226542	22.157018
114	7.025992	9.200565	16.226558	22.503458
114.1	8.284108	7.942432	16.226540	22.811774
114.2	10.061212	6.165304	16.226516	23.036415
114.3	9.080332	7.146190	16.226522	23.149204
114.4	6.155233	10.071316	16.226549	23.146581
114.5	5.085461	11.141098	16.226559	23.050258
114.6	7.306288	8.920251	16.226539	22.900827
114.7	9.971968	6.254549	16.226517	22.745993
114.8	10.024596	6.201927	16.226523	22.626959
114.9	8.254082	7.972463	16.226545	22.567144
115	7.627157	8.599392	16.226548	22.566824
115.1	8.635838	7.590691	16.226529	22.605391
115.2	8.704067	7.522453	16.226519	22.650452
115.3	6.558279	9.668260	16.226538	22.670666
115.4	4.871996	11.354565	16.226561	22.647928
115.5	6.728730	9.497821	16.226551	22.584615
115.6	10.646126	5.580390	16.226516	22.503297
115.7	11.714502	4.512000	16.226503	22.438845
115.8	8.102642	8.123891	16.226533	22.425553
115.9	4.106880	12.119690	16.226570	22.483727
116	4.931688	11.294876	16.226564	22.610501
116.1	9.719076	6.507445	16.226521	22.778316
116.2	12.358888	3.867609	16.226497	22.941969
116.3	9.455115	6.771410	16.226524	23.052159
116.4	4.923175	11.303393	16.226568	23.071183
116.5	4.845384	11.381184	16.226568	22.985563
116.6	9.301377	6.925148	16.226525	22.811285
116.7	12.208658	4.017839	16.226496	22.589718
116.8	9.535224	6.691297	16.226521	22.375357
116.9	4.823717	11.402850	16.226567	22.219252
117	4.446815	11.779755	16.226571	22.153439
117.1	8.937893	7.288635	16.226527	22.181337
117.2	12.210760	4.015736	16.226496	22.277105
117.3	9.841799	6.384720	16.226519	22.394002
117.4	5.167217	11.059350	16.226566	22.478852
117.5	4.776156	11.450416	16.226572	22.487861
117.6	9.430678	6.795849	16.226527	22.398754
117.7	12.855277	3.371216	16.226493	22.215646
117.8	10.248522	5.977995	16.226517	21.965638
117.9	5.009428	11.217140	16.226568	21.688916
118	4.341275	11.885302	16.226577	21.426151
118.1	9.440131	6.786398	16.226529	21.207632
118.2	13.556520	2.669968	16.226488	21.047542
118.3	10.827150	5.399358	16.226508	20.944687
118.4	4.220349	12.006218	16.226566	20.888494
118.5	1.898678	14.327908	16.226586	20.867226
118.6	6.676477	9.550066	16.226543	20.874722
118.7	12.470489	3.756005	16.226494	20.912843
118.8	12.331696	3.894806	16.226502	20.988685
118.9	7.303078	8.923474	16.226552	21.107931
119	4.489680	11.736897	16.226576	21.267371
119.1	7.301575	8.924968	16.226543	21.450143
119.2	11.125618	5.100883	16.226501	21.626277
119.3	10.024614	6.201895	16.226508	21.759125
119.4	5.086835	11.139721	16.226556	21.815894
119.5	3.023549	13.203030	16.226579	21.778723
119.6	7.014513	9.212032	16.226545	21.652238
119.7	12.282468	3.944031	16.226499	21.464522
119.8	12.350745	3.875756	16.226501	21.260586
119.9	7.493924	8.732623	16.226547	21.090077
120	4.116861	12.109713	16.226575	20.993049
120.1	6.170828	10.055722	16.226550	20.988423
120.2	10.260478	5.966032	16.226510	21.069004
120.3	10.721250	5.505258	16.226509	21.204764
120.4	7.365763	8.860783	16.226546	21.353324
120.5	5.347749	10.878819	16.226567	21.474126
120.6	7.704546	8.521998	16.226543	21.541567
120.7	11.091652	5.134856	16.226508	21.552695
120.8	10.526407	5.700104	16.226511	21.527007
120.9	6.426175	9.800374	16.226549	21.498564
121	4.176118	12.050452	16.226571	21.503304
121.1	6.852491	9.374056	16.226547	21.566012
121.2	11.079726	5.146784	16.226509	21.691484
121.3	11.578624	4.647884	16.226508	21.862915
121.4	8.102349	8.124193	16.226542	22.047968
121.5	5.448680	10.777885	16.226565	22.210361
121.6	6.875467	9.351081	16.226548	22.322847
121.7	10.034697	6.191820	16.226517	22.377055
121.8	10.631692	5.594823	16.226515	22.386726
121.9	8.303157	7.923384	16.226541	22.383164
122	6.605468	9.621088	16.226556	22.404378
122.1	7.645419	8.581121	16.226540	22.481538
122.2	9.266187	6.960332	16.226519	22.627249
122.3	8.604118	7.622407	16.226525	22.829558
122.4	6.514017	9.712532	16.226549	23.053735
122.5	6.272042	9.954512	16.226554	23.251330
122.6	8.509474	7.717056	16.226531	23.373746
122.7	10.004198	6.222316	16.226513	23.386190
122.8	8.390034	7.836496	16.226530	23.277842
122.9	5.974803	10.251755	16.226558	23.065360
123	6.714941	9.511615	16.226556	22.788918
123.1	10.238064	5.988458	16.226521	22.502187
123.2	11.634825	4.591676	16.226501	22.259292
123.3	8.063006	8.163521	16.226527	22.102443
123.4	3.290324	12.936245	16.226570	22.053387
123.5	3.370982	12.855591	16.226573	22.110513
123.6	8.656840	7.569689	16.226529	22.251692
123.7	12.919854	3.306639	16.226494	22.441402
123.8	11.230785	4.995728	16.226513	22.639784
123.9	6.318094	9.908466	16.226561	22.811161
124	4.819707	11.406865	16.226572	22.930099
124.1	8.353673	7.872860	16.226533	22.984138
124.2	11.472432	4.754066	16.226498	22.973296
124.3	9.339729	6.886789	16.226517	22.907247
124.4	4.651718	11.574847	16.226565	22.801382
124.5	4.147263	12.079313	16.226576	22.672865
124.6	9.230929	6.995602	16.226531	22.537475
124.7	13.557929	2.668560	16.226489	22.407532
124.8	11.261553	4.964955	16.226508	22.290918
124.9	4.967679	11.258885	16.226564	22.190964
125	2.647475	13.579109	16.226585	22.106994
125.1	7.216505	9.010038	16.226542	22.035305
125.2	12.691436	3.535057	16.226493	21.970429
125.3	12.114479	4.112022	16.226502	21.906498
125.4	6.712131	9.514425	16.226556	21.838500
125.5	4.060172	12.166409	16.226581	21.763169
125.6	7.776438	8.450106	16.226544	21.679349
125.7	12.646378	3.580116	16.226495	21.587784
125.8	11.743797	4.482703	16.226501	21.490479
125.9	5.914140	10.312415	16.226555	21.389969
126	2.780413	13.446172	16.226585	21.288841
126.1	6.546504	9.680046	16.226550	21.189761
126.2	12.285876	3.940620	16.226496	21.095987
126.3	12.407040	3.819455	16.226495	21.012100
126.4	6.681097	9.545450	16.226547	20.944462
126.5	2.504628	13.721956	16.226584	20.900938
126.6	5.159195	11.067364	16.226559	20.889658
126.7	11.054755	5.171751	16.226506	20.916974
126.8	12.714604	3.511891	16.226495	20.985167
126.9	8.560533	7.666004	16.226537	21.090694
127	4.508392	11.718182	16.226574	21.223686
127.1	5.712235	10.514322	16.226557	21.369084
127.2	9.867478	6.359035	16.226513	21.509222
127.3	10.852813	5.373691	16.226503	21.627184
127.4	7.280149	8.946391	16.226540	21.709933
127.5	4.203355	12.023215	16.226571	21.750305
127.6	5.979120	10.247434	16.226554	21.747363
127.7	10.328526	5.897988	16.226514	21.705256
127.8	11.631519	4.594986	16.226505	21.631258
127.9	8.630817	7.595721	16.226538	21.533983
128	5.876013	10.350552	16.226565	21.422578
128.1	7.157725	9.068824	16.226549	21.307170
128.2	10.240660	5.985854	16.226513	21.200116
128.3	10.180320	6.046190	16.226510	21.117005
128.4	6.476414	9.750130	16.226545	21.076254
128.5	4.030771	12.195799	16.226571	21.096506
128.6	6.513193	9.713359	16.226552	21.191950
128.7	11.228373	4.998139	16.226512	21.366759
128.8	12.505542	3.720960	16.226502	21.610559
128.9	9.017814	7.208720	16.226534	21.897063
129	5.257956	10.968608	16.226564	22.187249
129.1	5.498392	10.728163	16.226556	22.437133
129.2	8.574771	7.651754	16.226525	22.608522
129.3	10.192560	6.033956	16.226515	22.679795
129.4	8.952760	7.273776	16.226536	22.653283
129.5	7.641063	8.585490	16.226552	22.556455
129.6	8.535907	7.690633	16.226540	22.435827
129.7	9.942576	6.283943	16.226519	22.344768
129.8	8.968209	7.258314	16.226523	22.328442
129.9	6.239206	9.987343	16.226549	22.410361
130	5.384814	10.841746	16.226559	22.584753
130.1	7.800385	8.426151	16.226537	22.817423
130.2	10.308513	5.917999	16.226512	23.055126
130.3	9.423627	6.802893	16.226520	23.240830
130.4	6.369556	9.856996	16.226552	23.330246
130.5	5.552778	10.673784	16.226562	23.304504
130.6	8.328944	7.897590	16.226534	23.175016
130.7	10.847194	5.379313	16.226507	22.979039
130.8	9.345538	6.880982	16.226520	22.767462
130.9	5.680496	10.546062	16.226558	22.588877
131	5.083915	11.142652	16.226567	22.475150
131.1	8.824813	7.401719	16.226532	22.433200
131.2	11.963276	4.263222	16.226498	22.445495
131.3	9.819090	6.407424	16.226514	22.478823
131.4	4.647578	11.578983	16.226562	22.498067
131.5	3.144003	13.082575	16.226578	22.480022
131.6	7.628011	8.598529	16.226540	22.422342
131.7	12.680366	3.546130	16.226496	22.344460
131.8	12.070983	4.155521	16.226504	22.280154
131.9	6.946924	9.279629	16.226553	22.264401
132	4.264132	11.962445	16.226578	22.319185
132.1	7.433304	8.793241	16.226544	22.443331
132.2	11.747477	4.479021	16.226499	22.610067
132.3	10.847757	5.378748	16.226504	22.773359
132.4	5.542103	10.684452	16.226555	22.881058
132.5	2.944776	13.281806	16.226583	22.890532
132.6	6.911115	9.315434	16.226549	22.781673
132.7	12.638525	3.587972	16.226497	22.563020
132.8	12.870186	3.356310	16.226496	22.269137
132.9	7.513253	8.713295	16.226547	21.950291
133	3.753169	12.473413	16.226582	21.657996
133.1	6.444506	9.782048	16.226554	21.431187
133.2	11.659208	4.567294	16.226502	21.287371
133.3	12.072096	4.154401	16.226496	21.221169
133.4	6.939913	9.286632	16.226546	21.210049
133.5	3.214049	13.012535	16.226584	21.224595
133.6	6.218672	10.007886	16.226558	21.239333
133.7	12.356539	3.869962	16.226502	21.240242
133.8	13.641802	2.584685	16.226488	21.226640
133.9	8.107886	8.118649	16.226535	21.207421
134	2.381130	13.845452	16.226582	21.193793
134.1	3.165142	13.061429	16.226571	21.191920
134.2	8.916722	7.309798	16.226519	21.198753
134.3	12.361545	3.864950	16.226495	21.202884
134.4	10.001879	6.224646	16.226525	21.190113
134.5	5.969310	10.257254	16.226564	21.151398
134.6	5.760344	10.466216	16.226560	21.089706
134.7	8.912214	7.314310	16.226523	21.022558
134.8	10.366600	5.859908	16.226508	20.978590
134.9	7.949256	8.277278	16.226534	20.988766
135	5.304014	10.922549	16.226563	21.075014
135.1	6.461931	9.764621	16.226553	21.240342
135.2	9.976389	6.250128	16.226518	21.464238
135.3	10.907000	5.319507	16.226507	21.705559
135.4	7.786112	8.440425	16.226537	21.912583
135.5	4.773958	11.452608	16.226566	22.037412
135.6	5.998989	10.227567	16.226555	22.050234
135.7	9.938354	6.288165	16.226519	21.948861
135.8	11.546212	4.680295	16.226507	21.760328
135.9	9.079141	7.147392	16.226533	21.533883
136	6.212427	10.014133	16.226560	21.327474
136.1	6.740186	9.486366	16.226551	21.191926
136.2	9.394592	6.831928	16.226520	21.157699
136.3	9.913202	6.313311	16.226513	21.228231
136.4	7.243362	8.983177	16.226539	21.381644
136.5	5.095311	11.131252	16.226563	21.579874
136.6	6.722456	9.504094	16.226550	21.781919
136.7	10.312534	5.913985	16.226518	21.956731
136.8	11.427130	4.799381	16.226511	22.091590
136.9	9.014268	7.212268	16.226536	22.193489
137	6.611969	9.614588	16.226558	22.283520
137.1	7.237454	8.989092	16.226546	22.386587
137.2	9.303117	6.923404	16.226520	22.520217
137.3	9.258352	6.968168	16.226520	22.686448
137.4	6.976700	9.249845	16.226545	22.869509
137.5	6.006101	10.220458	16.226559	23.040016
137.6	8.251313	7.975226	16.226539	23.164172
137.7	10.827900	5.398611	16.226511	23.214822
137.8	9.910475	6.316042	16.226517	23.180714
137.9	6.321063	9.905487	16.226550	23.070965
138	4.746120	11.480446	16.226565	22.913367
138.1	7.288326	8.938213	16.226540	22.747124
138.2	10.334088	5.892420	16.226508	22.612300
138.3	9.468239	6.758277	16.226516	22.539168
138.4	5.848772	10.377783	16.226555	22.540494
138.5	4.933106	11.293465	16.226570	22.608776
138.6	8.832751	7.393786	16.226537	22.718945
138.7	12.794840	3.431656	16.226497	22.835437
138.8	11.190991	5.035514	16.226506	22.921515
138.9	5.332057	10.894499	16.226556	22.948287
139	2.336027	13.890556	16.226583	22.901229
139.1	6.015039	10.211511	16.226550	22.782895
139.2	11.754947	4.471553	16.226500	22.611567
139.3	12.423571	3.802926	16.226497	22.416593
139.4	7.647108	8.579437	16.226545	22.231742
139.5	4.112912	12.113666	16.226578	22.088193
139.6	6.497955	9.728598	16.226553	22.008525
139.7	11.252683	4.973821	16.226505	22.002760
139.8	11.629319	4.597182	16.226501	22.066933
139.9	7.066968	9.159578	16.226547	22.184249
140	4.043541	12.183039	16.226579	22.328434
140.1	7.096317	9.130234	16.226551	22.468599
140.2	12.268747	3.957752	16.226499	22.574729
140.3	12.194756	4.031738	16.226494	22.622800
140.4	6.231059	9.995488	16.226547	22.598622
140.5	1.866799	14.359790	16.226589	22.499687
140.6	5.095500	11.131064	16.226564	22.334747
140.7	12.350220	3.876282	16.226502	22.121308
140.8	14.837969	1.388514	16.226483	21.881719
140.9	9.767884	6.458645	16.226530	21.638848
141	3.791222	12.435359	16.226582	21.412405
141.1	4.235566	11.991006	16.226572	21.216686
141.2	9.757218	6.469299	16.226516	21.060041
141.3	12.567828	3.658662	16.226490	20.945809
141.4	8.931314	7.295212	16.226526	20.873998
141.5	3.895773	12.330802	16.226574	20.842865
141.6	4.271506	11.955064	16.226571	20.849693
141.7	9.543972	6.682549	16.226521	20.890589
141.8	12.770681	3.455812	16.226493	20.959592
141.9	9.883652	6.342869	16.226521	21.047839
142	4.815538	11.411028	16.226566	21.143572
142.1	3.948698	12.277871	16.226569	21.233462
142.2	7.767839	8.458691	16.226530	21.305173
142.3	10.823827	5.402677	16.226504	21.350443
142.4	9.445431	6.781093	16.226524	21.367579
142.5	6.387410	9.839149	16.226558	21.362295
142.6	6.420724	9.805834	16.226558	21.346316
142.7	9.485144	6.741380	16.226525	21.333956
142.8	10.970703	5.255804	16.226507	21.337689
142.9	8.416793	7.809737	16.226530	21.364230
143	5.054778	11.171783	16.226562	21.412550
143.1	5.312540	10.914018	16.226558	21.474654
143.2	8.715184	7.511341	16.226525	21.538913
143.3	10.690060	5.536449	16.226509	21.594750
143.4	8.979656	7.246876	16.226531	21.636864
143.5	6.594109	9.632449	16.226558	21.667255
143.6	7.280759	8.945792	16.226551	21.694073
143.7	10.068991	6.157529	16.226520	21.727581
143.8	10.662945	5.563566	16.226510	21.774727
143.9	7.696916	8.529621	16.226537	21.834591
144	4.939740	11.286825	16.226564	21.896856
144.1	6.196746	10.029808	16.226554	21.944466
144.2	9.961014	6.265505	16.226519	21.960082
144.3	11.329850	4.896657	16.226507	21.934298
144.4	8.623197	7.603337	16.226534	21.872584
144.5	5.587724	10.638838	16.226562	21.797952
144.6	6.202574	10.023980	16.226554	21.747511
144.7	9.350140	6.876383	16.226523	21.763107
144.8	10.671626	5.554887	16.226513	21.878409
144.9	8.783606	7.442931	16.226537	22.106413
145	6.982591	9.243966	16.226557	22.431638
145.1	8.118825	8.107718	16.226543	22.810182
145.2	10.173853	6.052661	16.226514	23.178476
145.3	9.155112	7.071403	16.226515	23.468773
145.4	5.339616	10.886935	16.226551	23.627065
145.5	3.678672	12.547900	16.226572	23.628068
145.6	7.130593	9.095953	16.226546	23.482556
145.7	11.987485	4.239018	16.226503	23.234558
145.8	12.179658	4.046843	16.226500	22.949064
145.9	7.297467	8.929077	16.226543	22.693856
146	3.453352	12.773225	16.226577	22.521001
146.1	5.399901	10.826655	16.226557	22.453623
146.2	10.276004	5.950505	16.226510	22.481884
146.3	11.487984	4.738515	16.226500	22.569116
146.4	7.624789	8.601751	16.226540	22.665760
146.5	4.338051	11.888524	16.226575	22.726346
146.6	6.537557	9.688998	16.226556	22.723865
146.7	11.490731	4.735776	16.226507	22.656974
146.8	12.364753	3.861743	16.226496	22.548018
146.9	7.569035	8.657504	16.226539	22.433014
147	3.170698	13.055882	16.226579	22.347469
147.1	4.890489	11.336074	16.226563	22.313160
147.2	10.396758	5.829753	16.226511	22.330507
147.3	12.408292	3.818201	16.226494	22.379068
147.4	8.525376	7.701158	16.226535	22.425707
147.5	4.463774	11.762803	16.226577	22.437297
147.6	6.195166	10.031397	16.226562	22.393267
147.7	11.608424	4.618085	16.226509	22.293426
147.8	13.148366	3.078123	16.226489	22.158301
147.9	8.086868	8.139665	16.226532	22.021892
148	2.570085	13.656498	16.226583	21.919513
148.1	3.740320	12.486254	16.226574	21.875034
148.2	10.264534	5.961982	16.226516	21.892069
148.3	13.929289	2.297195	16.226484	21.952135
148.4	10.307040	5.919480	16.226520	22.020376
148.5	4.422770	11.803805	16.226575	22.056761
148.6	4.005150	12.221427	16.226577	22.028837
148.7	9.363905	6.862620	16.226525	21.921702
148.8	13.238820	2.987670	16.226489	21.741962
148.9	10.561218	5.665297	16.226516	21.514680
149	5.019876	11.206692	16.226567	21.274783
149.1	3.898116	12.328460	16.226576	21.056250
149.2	8.363884	7.862647	16.226531	20.882980
149.3	12.154628	4.071867	16.226494	20.764383
149.4	10.088935	6.137579	16.226514	20.696759
149.5	4.847199	11.379363	16.226562	20.669312
149.6	3.206523	13.020052	16.226575	20.671897
149.7	7.135330	9.091209	16.226539	20.701051
149.8	11.587490	4.639013	16.226503	20.761688
149.9	11.395648	4.830863	16.226511	20.863683
150	7.666479	8.560068	16.226548	21.014722
150.1	5.503083	10.723479	16.226562	21.212469
150.2	6.943500	9.283039	16.226539	21.439571
150.3	8.925221	7.301297	16.226517	21.664103
150.4	8.391031	7.835497	16.226528	21.846138
150.5	6.727469	9.499083	16.226552	21.948743
150.6	7.294196	8.932356	16.226552	21.949919
150.7	10.009751	6.216774	16.226525	21.851309
150.8	11.092438	5.134071	16.226510	21.680368
150.9	8.465555	7.760976	16.226530	21.484704
151	5.061583	11.164978	16.226560	21.319889
151.1	5.119716	11.106843	16.226559	21.234270
151.2	8.487795	7.738733	16.226529	21.255411
151.3	10.852721	5.373789	16.226510	21.382398
151.4	9.588975	6.637553	16.226527	21.586428
151.5	7.108581	9.117973	16.226554	21.819505
151.6	7.171378	9.055174	16.226552	22.028549
151.7	9.499797	6.726728	16.226525	22.170564
151.8	10.319455	5.907058	16.226513	22.224292
151.9	7.960431	8.266104	16.226535	22.195018
152	5.442278	10.784282	16.226560	22.111398
152.1	6.263793	9.962759	16.226552	22.015706
152.2	9.360303	6.866219	16.226522	21.950813
152.3	10.507829	5.718683	16.226512	21.948023
152.4	8.320413	7.906124	16.226537	22.019347
152.5	6.291809	9.934752	16.226561	22.156153
152.6	7.770049	8.456499	16.226548	22.334021
152.7	10.888871	5.337643	16.226514	22.521725
152.8	10.891958	5.334550	16.226508	22.691141
152.9	6.960900	9.265642	16.226542	22.824912
153	3.929798	12.296773	16.226572	22.919683
153.1	5.976194	10.250361	16.226555	22.984336
153.2	10.664533	5.561978	16.226511	23.034313
153.3	11.791072	4.435426	16.226498	23.084242
153.4	7.637745	8.588791	16.226536	23.141462
153.5	3.518618	12.707957	16.226575	23.202517
153.6	4.868296	11.358266	16.226563	23.253604
153.7	9.969794	6.256721	16.226515	23.274669
153.8	12.189663	4.036834	16.226496	23.245732
153.9	8.851656	7.374875	16.226531	23.153506
154	4.782949	11.443622	16.226571	22.996359
154.1	5.667319	10.559243	16.226562	22.786320
154.2	10.213293	6.013223	16.226516	22.547641
154.3	11.885103	4.341393	16.226496	22.312351
154.4	7.959046	8.267486	16.226532	22.113916
154.5	3.534907	12.691670	16.226576	21.980478
154.6	4.814840	11.411728	16.226568	21.929103
154.7	10.592273	5.634243	16.226516	21.962233
154.8	13.561552	2.664937	16.226489	22.066992
154.9	9.909148	6.317374	16.226523	22.217485
155	4.378192	11.848381	16.226572	22.379652
155.1	3.972473	12.254099	16.226573	22.517756
155.2	8.738559	7.487966	16.226525	22.601260
155.3	11.986882	4.239613	16.226495	22.610707
155.4	9.527642	6.698882	16.226523	22.541365
155.5	5.307371	10.919198	16.226570	22.403779
155.6	5.782974	10.443594	16.226568	22.221052
155.7	10.760097	5.466422	16.226519	22.023424
155.8	13.332263	2.894226	16.226489	21.841377
155.9	9.233963	6.992558	16.226521	21.698929
156	3.011891	13.214685	16.226576	21.608753
156.1	2.469902	13.756680	16.226582	21.570282
156.2	8.527674	7.698857	16.226531	21.571145
156.3	13.889612	2.336875	16.226487	21.591369
156.4	12.326668	3.899837	16.226506	21.609014
156.5	6.421297	9.805263	16.226560	21.605593
156.6	3.832214	12.394365	16.226579	21.569818
156.7	7.318145	8.908396	16.226541	21.498865
156.8	11.636031	4.590469	16.226500	21.397240
156.9	10.901820	5.324688	16.226508	21.274101
157	6.241708	9.984844	16.226552	21.140294
157.1	3.801791	12.424780	16.226572	21.006275
157.2	6.399828	9.826716	16.226544	20.881503
157.3	10.190392	6.036117	16.226509	20.775122
157.4	10.303163	5.923351	16.226514	20.697072
157.5	7.277261	8.949286	16.226547	20.658496
157.6	5.703521	10.523040	16.226561	20.670608
157.7	7.590813	8.635726	16.226539	20.741884
157.8	9.895085	6.331429	16.226515	20.874341
157.9	9.262259	6.964264	16.226523	21.060343
158	6.862897	9.363654	16.226551	21.281494
158.1	6.474390	9.752165	16.226556	21.510690
158.2	8.822140	7.404391	16.226531	21.717294
158.3	10.443510	5.783002	16.226512	21.874250
158.4	8.709784	7.516743	16.226527	21.964991
158.5	5.766316	10.460240	16.226556	21.987832
158.6	5.672917	10.553642	16.226558	21.956154
158.7	8.718908	7.507622	16.226530	21.894046
158.8	10.951880	5.274630	16.226510	21.828658
158.9	9.618501	6.608025	16.226526	21.781740
159	6.867431	9.359122	16.226554	21.763325
159.1	6.544062	9.682492	16.226554	21.769824
159.2	8.713142	7.513386	16.226528	21.787355
159.3	9.753486	6.473029	16.226515	21.799165
159.4	7.861465	8.365070	16.226535	21.794428
159.5	5.937252	10.289309	16.226561	21.775011
159.6	7.445164	8.781387	16.226551	21.757335
159.7	11.015991	5.210525	16.226516	21.768128
159.8	11.771865	4.454639	16.226504	21.835112
159.9	8.035911	8.190623	16.226535	21.975669
160	4.137234	12.089335	16.226569	22.187610
160.1	4.964733	11.261829	16.226561	22.445753
160.2	9.383627	6.842893	16.226520	22.706264
160.3	11.636070	4.590431	16.226502	22.918077
160.4	9.096946	7.129585	16.226531	23.038162
160.5	5.819586	10.406981	16.226567	23.045765
160.6	6.816435	9.410123	16.226558	22.950732
160.7	10.825343	5.401172	16.226514	22.792702
160.8	11.747761	4.478736	16.226497	22.630790
160.9	7.177739	9.048795	16.226534	22.526542
161	2.353823	13.872756	16.226579	22.525277
161.1	3.633532	12.593040	16.226571	22.641676
161.2	9.874688	6.351830	16.226517	22.854284
161.3	13.460214	2.766273	16.226487	23.110862
161.4	10.052066	6.174454	16.226519	23.343086
161.5	4.279175	11.947397	16.226573	23.486108
161.6	3.686033	12.540544	16.226577	23.496949
161.7	8.859373	7.367154	16.226527	23.366127
161.8	12.819917	3.406574	16.226491	23.119124
161.9	10.417522	5.808993	16.226515	22.807613
162	5.110237	11.116330	16.226567	22.493573
162.1	4.115772	12.110803	16.226575	22.231599
162.2	8.619779	7.606752	16.226530	22.054987
162.3	12.304555	3.921939	16.226494	21.969677
162.4	10.079689	6.146826	16.226516	21.957314
162.5	5.047117	11.179449	16.226566	21.985571
162.6	4.212953	12.013622	16.226575	22.021586
162.7	8.841550	7.384981	16.226530	22.043584
162.8	12.665153	3.561340	16.226493	22.046727
162.9	10.440602	5.785913	16.226514	22.041582
163	5.186078	11.040488	16.226566	22.046368
163.1	4.153076	12.073502	16.226577	22.076366
163.2	8.915425	7.311107	16.226532	22.134817
163.3	13.062247	3.164243	16.226490	22.208906
163.4	10.775080	5.451429	16.226510	22.272426
163.5	4.802073	11.424492	16.226565	22.294155
163.6	3.012429	13.214155	16.226584	22.248847
163.7	7.995730	8.230810	16.226540	22.126739
163.8	13.525629	2.700861	16.226490	21.938063
163.9	12.595766	3.630733	16.226499	21.710843
164	6.416198	9.810355	16.226553	21.482724
164.1	2.653412	13.573170	16.226583	21.289695
164.2	5.519425	10.707128	16.226552	21.155636
164.3	10.801739	5.424767	16.226506	21.086260
164.4	11.907551	4.318952	16.226503	21.069357
164.5	8.380097	7.846445	16.226543	21.080984
164.6	5.692149	10.534419	16.226567	21.095091
164.7	7.322118	8.904427	16.226545	21.092995
164.8	10.235476	5.991034	16.226510	21.069257
164.9	9.594051	6.632462	16.226513	21.032027
165	5.725042	10.501507	16.226549	20.998036
165.1	3.685956	12.540612	16.226569	20.984437
165.2	6.297603	9.928943	16.226546	21.000866
165.3	10.380602	5.845910	16.226512	21.044931
165.4	11.159443	5.067069	16.226512	21.102980
165.5	8.500674	7.725867	16.226541	21.155931
165.6	6.518994	9.707564	16.226558	21.187906
165.7	7.592412	8.634129	16.226541	21.194285
165.8	9.382858	6.843660	16.226518	21.185808
165.9	8.746251	7.480273	16.226524	21.186786
166	6.535613	9.690937	16.226550	21.227556
166.1	6.294696	9.931860	16.226556	21.333511
166.2	8.851486	7.375046	16.226532	21.514426
166.3	10.799274	5.427237	16.226511	21.757901
166.4	9.250934	6.975590	16.226525	22.029573
166.5	6.121939	10.104616	16.226555	22.280521
166.6	5.669294	10.557266	16.226560	22.459957
166.7	8.566386	7.660145	16.226532	22.529462
166.8	10.877447	5.349062	16.226510	22.474467
166.9	9.519017	6.707508	16.226525	22.309418
167	6.583062	9.643493	16.226555	22.075010
167.1	6.353506	9.873052	16.226558	21.828266
167.2	9.148436	7.078091	16.226528	21.628342
167.3	10.770558	5.455950	16.226508	21.522137
167.4	8.538633	7.687896	16.226529	21.533691
167.5	5.398331	10.828232	16.226563	21.660060
167.6	6.004230	10.222331	16.226560	21.874372
167.7	9.978064	6.248458	16.226522	22.134648
167.8	11.954420	4.272080	16.226500	22.395520
167.9	8.861871	7.364655	16.226527	22.619364
168	4.530662	11.695907	16.226569	22.783951
168.1	4.855892	11.370676	16.226568	22.884963
168.2	9.682715	6.543808	16.226523	22.933413
168.3	12.595609	3.630883	16.226493	22.949385
168.4	9.411297	6.815224	16.226521	22.954401
168.5	4.103730	12.122841	16.226571	22.964729
168.6	3.832887	12.393690	16.226577	22.987398
168.7	9.328252	6.898275	16.226527	23.019619
168.8	13.521277	2.705209	16.226486	23.051270
168.9	10.632484	5.594025	16.226509	23.069286
169	3.882849	12.343718	16.226567	23.062452
169.1	1.537319	14.689267	16.226586	23.025168
169.2	6.346681	9.879862	16.226543	22.959249
169.3	12.209981	4.016514	16.226495	22.873422
169.4	12.286474	3.940029	16.226503	22.780827
169.5	7.662289	8.564263	16.226552	22.695277
169.6	5.226001	11.000573	16.226574	22.627296
169.7	8.045098	8.181442	16.226540	22.580963
169.8	11.435220	4.791280	16.226500	22.552393
169.9	9.857878	6.368634	16.226512	22.530347
170	4.931362	11.295198	16.226560	22.498942
170.1	3.422268	12.804310	16.226579	22.441972
170.2	7.909904	8.316636	16.226540	22.347840
170.3	12.942403	3.284092	16.226494	22.213868
170.4	12.102523	4.123979	16.226503	22.048699
170.5	6.549578	9.676976	16.226554	21.871906
170.6	3.512137	12.714443	16.226580	21.710509
170.7	6.728409	9.498139	16.226548	21.593005
170.8	11.643923	4.582578	16.226501	21.542237
170.9	11.694401	4.532102	16.226503	21.568940
171	7.086645	9.139904	16.226549	21.667826
171.1	4.294872	11.931705	16.226576	21.817447
171.2	7.154835	9.071713	16.226548	21.984156
171.3	11.699805	4.526698	16.226503	22.129276
171.4	11.626335	4.600168	16.226503	22.217678
171.5	6.859266	9.367281	16.226547	22.225475
171.6	3.650069	12.576508	16.226577	22.144815
171.7	6.205260	10.021293	16.226553	21.984600
171.8	11.163798	5.062710	16.226508	21.767162
171.9	12.173517	4.052983	16.226501	21.522138
172	8.210456	8.016083	16.226539	21.279511
172.1	4.579743	11.646826	16.226570	21.063859
172.2	5.673156	10.553399	16.226555	20.891255
172.3	9.446097	6.780421	16.226518	20.769181
172.4	10.705149	5.521360	16.226509	20.698738
172.5	8.194317	8.032220	16.226537	20.677671
172.6	5.795068	10.431492	16.226560	20.702659
172.7	6.741786	9.484761	16.226547	20.769840
172.8	9.249378	6.977141	16.226519	20.873569
172.9	9.430982	6.795535	16.226517	21.004342
173	6.971678	9.254865	16.226543	21.147412
173.1	5.454621	10.771938	16.226559	21.283494
173.2	7.122922	9.103620	16.226542	21.392135
173.3	9.718256	6.508262	16.226518	21.457139
173.4	9.836888	6.389632	16.226521	21.472322
173.5	7.827944	8.398601	16.226546	21.445348
173.6	7.134422	9.092134	16.226555	21.397703
173.7	9.072413	7.154121	16.226534	21.360048
173.8	10.688932	5.537580	16.226512	21.363814
173.9	8.968686	7.257837	16.226523	21.431422
174	5.461826	10.764728	16.226554	21.568314
174.1	4.561626	11.664937	16.226564	21.759688
174.2	7.572501	8.654037	16.226537	21.973496
174.3	10.821092	5.405419	16.226511	22.169169
174.4	10.565805	5.660714	16.226519	22.309570
174.5	7.927234	8.299315	16.226548	22.372346
174.6	6.975069	9.251487	16.226556	22.356872
174.7	8.762679	7.463852	16.226531	22.284297
174.8	9.902936	6.323576	16.226512	22.190473
174.9	7.824735	8.401796	16.226531	22.114015
175	5.094372	11.132191	16.226563	22.083505
175.1	6.152824	10.073737	16.226561	22.108278
175.2	10.635652	5.590869	16.226521	22.176114
175.3	12.934156	3.292339	16.226495	22.258790
175.4	9.460206	6.766316	16.226522	22.323677
175.5	4.020673	12.205897	16.226570	22.347343
175.6	3.447454	12.779123	16.226577	22.326211
175.7	8.658088	7.568442	16.226530	22.280197
175.8	13.083401	3.143090	16.226490	22.247573
175.9	11.050156	5.176353	16.226509	22.272355
176	5.274937	10.951626	16.226563	22.388238
176.1	3.374051	12.852529	16.226581	22.604527
176.2	7.785776	8.440762	16.226538	22.899100
176.3	12.485844	3.740648	16.226492	23.221277
176.4	11.008680	5.217825	16.226505	23.504219
176.5	5.152553	11.074006	16.226560	23.683322
176.6	2.678276	13.548308	16.226584	23.714920
176.7	6.970075	9.256470	16.226544	23.589404
176.8	12.451993	3.774500	16.226493	23.334535
176.9	11.935676	4.290823	16.226498	23.007833
177	6.134609	10.091944	16.226553	22.680404
177.1	2.684707	13.541878	16.226584	22.417239
177.2	6.042915	10.183637	16.226552	22.260057
177.3	11.750921	4.475579	16.226501	22.217787
177.4	12.559118	3.667380	16.226498	22.267218
177.5	8.008499	8.218046	16.226545	22.363011
177.6	4.661445	11.565132	16.226576	22.453362
177.7	6.972536	9.254014	16.226551	22.496005
177.8	11.331142	4.895362	16.226504	22.469512
177.9	11.240247	4.986255	16.226502	22.376743
178	6.377393	9.849154	16.226547	22.240137
178.1	3.135719	13.090860	16.226579	22.091288
178.2	5.970141	10.256413	16.226554	21.958990
178.3	11.361596	4.864910	16.226506	21.860066
178.4	12.543767	3.682732	16.226499	21.795959
178.5	8.495215	7.731326	16.226540	21.755664
178.6	5.045629	11.180944	16.226573	21.723216
178.7	6.788581	9.437972	16.226553	21.686334
178.8	10.914901	5.311608	16.226509	21.642566
178.9	11.264854	4.961649	16.226502	21.600492
179	6.913483	9.313059	16.226543	21.575543
179.1	3.551140	12.675436	16.226576	21.582227
179.2	5.838016	10.388541	16.226557	21.625969
179.3	11.117993	5.108518	16.226511	21.697980
179.4	12.884444	3.342053	16.226498	21.775440
179.5	9.203780	7.022752	16.226532	21.827282
179.6	4.892424	11.334143	16.226567	21.823726
179.7	4.946231	11.280328	16.226559	21.746256
179.8	8.332040	7.894484	16.226524	21.594485
179.9	10.157042	6.069469	16.226511	21.387390
180	8.562248	7.664286	16.226534	21.158404
180.1	6.697650	9.528907	16.226556	20.945988
180.2	7.584918	8.641627	16.226545	20.782879
180.3	9.634602	6.591916	16.226518	20.687658
180.4	9.200719	7.025799	16.226518	20.661368
180.5	6.246846	9.979700	16.226546	20.690091
180.6	4.758527	11.468037	16.226564	20.752257
180.7	7.144231	9.082312	16.226544	20.827811
180.8	10.582542	5.643970	16.226512	20.905767
180.9	10.668854	5.557658	16.226512	20.987385
181	7.425191	8.801353	16.226544	21.083877
181.1	5.293610	10.932954	16.226564	21.209617
181.2	7.067332	9.159213	16.226545	21.373542
181.3	10.171784	6.054731	16.226515	21.572120
181.4	10.407397	5.819119	16.226516	21.786774
181.5	7.817069	8.409476	16.226545	21.987061
181.6	6.420711	9.805848	16.226560	22.138862
181.7	8.284108	7.942430	16.226538	22.214993
181.8	10.454067	5.772445	16.226512	22.204723
181.9	9.239942	6.986578	16.226520	22.118878
182	5.784425	10.442129	16.226553	21.988632
182.1	4.806955	11.419610	16.226566	21.858042
182.2	7.993832	8.232706	16.226537	21.772418
182.3	11.339901	4.886605	16.226506	21.765945
182.4	10.503407	5.723109	16.226516	21.852193
182.5	6.910071	9.316483	16.226554	22.020294
182.6	5.896996	10.329571	16.226567	22.237824
182.7	9.144715	7.081818	16.226533	22.459490
182.8	11.956911	4.269589	16.226499	22.639065
182.9	9.627581	6.598934	16.226515	22.741243
183	4.400441	11.826122	16.226563	22.750261
183.1	3.092516	13.134064	16.226580	22.673204
183.2	7.986447	8.240092	16.226539	22.537469
183.3	13.245974	2.980517	16.226492	22.383428
183.4	12.211968	4.014533	16.226501	22.254460
183.5	6.224579	10.001977	16.226556	22.186964
183.6	3.060825	13.165760	16.226584	22.202732
183.7	6.717551	9.508997	16.226548	22.305176
183.8	12.056053	4.170442	16.226495	22.479897
183.9	11.630092	4.596405	16.226497	22.698968
184	5.746011	10.480542	16.226553	22.927624
184.1	2.253560	13.973028	16.226588	23.131639
184.2	6.137238	10.089317	16.226555	23.283777
184.3	12.693409	3.533086	16.226495	23.368069
184.4	13.489787	2.736700	16.226487	23.381254
184.5	7.359764	8.866777	16.226541	23.331371
184.6	1.953804	14.272784	16.226588	23.234107
184.7	3.848489	12.378079	16.226568	23.107934
184.8	10.261599	5.964911	16.226510	22.969307
184.9	13.072589	3.153902	16.226490	22.829139
185	9.469684	6.756847	16.226531	22.691432
185.1	5.082292	11.144281	16.226573	22.554331
185.2	5.907601	10.318961	16.226561	22.413229
185.3	10.297508	5.929006	16.226514	22.264848
185.4	11.695663	4.530836	16.226499	22.110915
185.5	7.957674	8.268863	16.226537	21.960050
185.6	4.317697	11.908877	16.226574	21.826992
185.7	6.046629	10.179931	16.226559	21.729107
185.8	11.019801	5.206710	16.226511	21.681082
185.9	12.446478	3.780017	16.226495	21.689421
186	8.076405	8.150128	16.226534	21.748629
186.1	3.385053	12.841524	16.226576	21.840603
186.2	4.423317	11.803250	16.226567	21.937836
186.3	9.926526	6.299993	16.226519	22.009837
186.4	13.116614	3.109881	16.226495	22.031034
186.5	10.547488	5.679035	16.226524	21.987849
186.6	6.166556	10.060007	16.226563	21.882698
186.7	5.588535	10.638027	16.226562	21.733581
186.8	8.711807	7.514719	16.226526	21.569231
186.9	10.496914	5.729593	16.226507	21.421214
187	8.262026	7.964504	16.226530	21.315369
187.1	5.235651	10.990911	16.226561	21.265155
187.2	5.780447	10.446110	16.226557	21.268867
187.3	9.277710	6.948814	16.226524	21.311378
187.4	11.131081	5.095427	16.226509	21.369582
187.5	9.175966	7.050564	16.226531	21.419559
187.6	6.425292	9.801265	16.226557	21.443034
187.7	6.553904	9.672647	16.226551	21.431127
187.8	8.759241	7.467283	16.226523	21.384530
187.9	9.239346	6.987170	16.226516	21.310622
188	6.950065	9.276475	16.226540	21.219174
188.1	5.255660	10.970901	16.226561	21.118677
188.2	7.056209	9.170338	16.226547	21.014933
188.3	10.375587	5.850929	16.226516	20.912384
188.4	10.842582	5.383929	16.226511	20.817343
188.5	7.737444	8.489095	16.226539	20.741232
188.6	5.112130	11.114433	16.226563	20.701745
188.7	6.304272	9.922277	16.226550	20.720501
188.8	9.441985	6.784534	16.226519	20.817207
188.9	10.199512	6.027002	16.226514	21.001931
189	7.903307	8.323234	16.226541	21.268242
189.1	6.366695	9.859865	16.226561	21.590159
189.2	8.267914	7.958628	16.226543	21.924891
189.3	11.082998	5.143514	16.226512	22.221492
189.4	10.509848	5.716664	16.226513	22.433404
189.5	6.712566	9.513980	16.226547	22.531265
189.6	4.487297	11.739271	16.226568	22.511815
189.7	6.801887	9.424659	16.226546	22.399715
189.8	10.589101	5.637410	16.226511	22.241176
189.9	10.820870	5.405639	16.226510	22.090992
190	7.406758	8.819787	16.226545	21.996814
190.1	5.314893	10.911675	16.226567	21.985599
190.2	7.593711	8.632833	16.226544	22.056607
190.3	10.989946	5.236562	16.226508	22.183286
190.4	10.477641	5.748870	16.226511	22.323435
190.5	6.551346	9.675206	16.226552	22.434279
190.6	4.903343	11.323230	16.226573	22.487374
190.7	8.459580	7.766961	16.226541	22.478273
190.8	12.706986	3.519511	16.226496	22.427643
190.9	11.321066	4.905434	16.226501	22.373432
191	5.004431	11.222123	16.226554	22.356793
191.1	1.388147	14.838442	16.226590	22.406657
191.2	5.396152	10.830406	16.226558	22.528406
191.3	12.530314	3.696183	16.226498	22.700698
191.4	14.245727	1.980758	16.226485	22.881749
191.5	8.754241	7.472295	16.226536	23.023079
191.6	3.200683	13.025900	16.226583	23.086095
191.7	4.337716	11.888851	16.226567	23.055826
191.8	9.937112	6.289399	16.226511	22.947012
191.9	12.124542	4.101949	16.226491	22.800267
192	7.990820	8.235712	16.226532	22.669401
192.1	3.315099	12.911480	16.226579	22.603966
192.2	4.625250	11.601318	16.226568	22.632740
192.3	10.401892	5.824622	16.226515	22.753578
192.4	13.168566	3.057924	16.226490	22.932967
192.5	9.484361	6.742165	16.226526	23.115448
192.6	4.383993	11.842580	16.226573	23.239836
192.7	4.496334	11.730235	16.226569	23.257076
192.8	9.286914	6.939608	16.226522	23.144147
192.9	12.116687	4.109810	16.226496	22.909892
193	9.378613	6.847913	16.226526	22.591369
193.1	5.221884	11.004685	16.226569	22.242403
193.2	5.648567	10.577999	16.226566	21.918372
193.3	10.227507	5.999014	16.226521	21.662167
193.4	12.685686	3.540810	16.226495	21.495472
193.5	9.430071	6.796453	16.226523	21.417419
193.6	4.402479	11.824089	16.226568	21.410018
193.7	3.841589	12.384982	16.226570	21.447601
193.8	8.158166	8.068364	16.226530	21.506425
193.9	11.722744	4.503757	16.226502	21.571037
194	10.461095	5.765424	16.226520	21.635584
194.1	6.862804	9.363753	16.226556	21.700399
194.2	6.031831	10.194730	16.226561	21.766067
194.3	8.682542	7.543989	16.226531	21.828018
194.4	10.647726	5.578785	16.226510	21.874310
194.5	9.053511	7.173016	16.226527	21.887825
194.6	6.258997	9.967559	16.226556	21.852161
194.7	6.257050	9.969505	16.226555	21.758881
194.8	8.934106	7.292421	16.226527	21.613074
194.9	10.327704	5.898808	16.226512	21.434702
195	8.326713	7.899818	16.226531	21.254693
195.1	5.638351	10.588206	16.226557	21.106732
195.2	5.912382	10.314171	16.226553	21.017361
195.3	8.646599	7.579927	16.226526	20.997764
195.4	10.074509	6.152006	16.226515	21.040133
195.5	8.598625	7.627909	16.226534	21.120028
195.6	6.894265	9.332290	16.226555	21.204069
195.7	7.718057	8.508487	16.226544	21.260474
195.8	9.623870	6.602648	16.226518	21.268981
195.9	9.009098	7.217418	16.226516	21.226896
196	5.724978	10.501568	16.226546	21.149352
196.1	4.008170	12.218399	16.226568	21.063845
196.2	6.851744	9.374805	16.226549	21.001018
196.3	11.439362	4.787148	16.226510	20.984872
196.4	12.336190	3.890313	16.226503	21.025704
196.5	8.554091	7.672446	16.226537	21.117981
196.6	4.951498	11.275070	16.226568	21.243662
196.7	5.874657	10.351898	16.226555	21.379545
196.8	9.540555	6.685963	16.226518	21.505919
196.9	10.747273	5.479236	16.226508	21.613429
197	8.112756	8.113782	16.226538	21.705759
197.1	5.822711	10.403854	16.226565	21.797281
197.2	7.513530	8.713018	16.226549	21.906545
197.3	10.925302	5.301210	16.226512	22.047924
197.4	10.967992	5.258515	16.226507	22.224347
197.5	7.041769	9.184774	16.226544	22.423656
197.6	4.251020	11.975551	16.226572	22.619950
197.7	6.473695	9.752856	16.226551	22.779649
197.8	10.780291	5.446218	16.226508	22.870551
197.9	11.227926	4.998578	16.226503	22.871204
198	7.139773	9.086772	16.226545	22.777883
198.1	4.370285	11.856292	16.226577	22.607151
198.2	7.352738	8.873815	16.226553	22.393277
198.3	12.598916	3.627585	16.226501	22.181173
198.4	12.901142	3.325351	16.226492	22.016676
198.5	7.076411	9.150130	16.226542	21.936590
198.6	2.108340	14.118246	16.226586	21.960848
198.7	4.307367	11.919200	16.226567	22.088513
198.8	10.934997	5.291510	16.226508	22.298383
198.9	13.552426	2.674058	16.226485	22.553875
199	8.939847	7.286681	16.226528	22.810953
199.1	3.241506	12.985075	16.226581	23.027323
199.2	3.837249	12.389325	16.226573	23.170898
199.3	9.701000	6.525517	16.226517	23.225804
199.4	12.975724	3.250764	16.226488	23.194743
199.5	9.515264	6.711259	16.226523	23.097286
199.6	4.260386	11.966189	16.226574	22.964557
199.7	4.386724	11.839848	16.226572	22.831522
199.8	9.587597	6.638923	16.226520	22.728660
199.9	12.569758	3.656732	16.226489	22.674970
200	8.994515	7.232006	16.226522	22.673970
