#time	ekin		epot		etot		chain_length
0	11.210660	0.050000	11.260660	22.100000
0.1	7.554495	3.707779	11.262275	22.401880
0.2	1.789715	9.472612	11.262327	22.637183
0.3	1.289559	9.972770	11.262329	22.767353
0.4	6.415292	4.846988	11.262280	22.782647
0.5	10.209725	1.052520	11.262245	22.703800
0.6	7.761775	3.500496	11.262271	22.574363
0.7	2.635810	8.626511	11.262321	22.446421
0.8	1.863381	9.398946	11.262328	22.364467
0.9	6.419162	4.843120	11.262283	22.352684
1	10.021589	1.240659	11.262247	22.409589
1.1	7.710934	3.551335	11.262269	22.511364
1.2	2.516964	8.745354	11.262318	22.622247
1.3	1.303916	9.958412	11.262328	22.708046
1.4	5.560680	5.701608	11.262288	22.747976
1.5	9.553588	1.708663	11.262251	22.740807
1.6	8.121427	3.140840	11.262267	22.703503
1.7	3.449117	7.813195	11.262312	22.663266
1.8	1.839519	9.422806	11.262325	22.646173
1.9	5.160906	6.101384	11.262290	22.666708
2	8.601892	2.660365	11.262257	22.721998
2.1	7.477020	3.785250	11.262270	22.792763
2.2	3.557791	7.704518	11.262309	22.850467
2.3	2.400783	8.861537	11.262321	22.867982
2.4	5.626220	5.636069	11.262289	22.829801
2.5	8.806058	2.456201	11.262259	22.738126
2.6	7.649958	3.612313	11.262271	22.612668
2.7	3.818624	7.443684	11.262308	22.484271
2.8	2.488748	8.773571	11.262319	22.384660
2.9	5.267093	5.995198	11.262291	22.335927
3	8.231215	3.031048	11.262263	22.343348
3.1	7.519142	3.743131	11.262273	22.393903
3.2	4.514759	6.747545	11.262305	22.460810
3.3	3.582823	7.679490	11.262313	22.512312
3.4	5.846784	5.415503	11.262287	22.521587
3.5	7.815368	3.446898	11.262266	22.474423
3.6	6.570689	4.691591	11.262280	22.372263
3.7	3.973137	7.289171	11.262308	22.229951
3.8	3.919402	7.342908	11.262310	22.069439
3.9	6.664478	4.597804	11.262282	21.911984
4	8.376970	2.885294	11.262265	21.771755
4.1	6.595028	4.667255	11.262282	21.653018
4.2	3.789911	7.472400	11.262310	21.551576
4.3	3.883233	7.379075	11.262309	21.459514
4.4	6.618286	4.643992	11.262279	21.371055
4.5	7.866679	3.395585	11.262264	21.287024
4.6	5.584034	5.678253	11.262287	21.216012
4.7	2.954705	8.307611	11.262316	21.171714
4.8	4.018263	7.244046	11.262309	21.167379
4.9	7.744022	3.518251	11.262273	21.209518
5	9.061407	2.200850	11.262257	21.293315
5.1	5.804848	5.457437	11.262286	21.401650
5.2	2.013704	9.248617	11.262321	21.508388
5.3	2.697211	8.565105	11.262315	21.585070
5.4	6.977705	4.284570	11.262274	21.608951
5.5	9.108221	2.154033	11.262254	21.569833
5.6	6.238848	5.023435	11.262282	21.473493
5.7	2.375233	8.887088	11.262321	21.340608
5.8	2.940198	8.322119	11.262316	21.201489
5.9	7.243701	4.018572	11.262274	21.088205
6	9.278158	1.984093	11.262251	21.026425
6.1	5.976709	5.285573	11.262282	21.029269
6.2	1.663107	9.599218	11.262325	21.094760
6.3	2.358075	8.904247	11.262321	21.207317
6.4	7.481029	3.781244	11.262274	21.342591
6.5	10.342777	0.919469	11.262246	21.474060
6.6	7.056205	4.206071	11.262276	21.579521
6.7	1.904079	9.358246	11.262325	21.645836
6.8	1.735951	9.526376	11.262327	21.670969
6.9	6.776006	4.486273	11.262278	21.663172
7	10.258543	1.003703	11.262245	21.637884
7.1	7.511823	3.750449	11.262272	21.613410
7.2	2.291046	8.971276	11.262323	21.606502
7.3	1.749963	9.512366	11.262329	21.628867
7.4	6.756629	4.505653	11.262282	21.685198
7.5	10.629883	0.632361	11.262244	21.772980
7.6	8.083997	3.178271	11.262267	21.883895
7.7	2.383711	8.878609	11.262321	22.006380
7.8	1.057705	10.204628	11.262333	22.128709
7.9	5.881347	5.380941	11.262288	22.241842
8	10.530196	0.732050	11.262246	22.341366
8.1	8.993705	2.268557	11.262261	22.428000
8.2	3.454234	7.808079	11.262313	22.506470
8.3	1.193335	10.068996	11.262332	22.582984
8.4	4.864965	6.397329	11.262294	22.662013
8.5	9.202681	2.059571	11.262252	22.743374
8.6	8.340131	2.922131	11.262262	22.820704
8.7	3.664229	7.598080	11.262309	22.882103
8.8	1.693976	9.568352	11.262328	22.913117
8.9	5.128704	6.133590	11.262295	22.901430
9	9.281151	1.981104	11.262255	22.841927
9.1	8.541695	2.720567	11.262262	22.740419
9.2	3.917600	7.344705	11.262305	22.614507
9.3	1.506096	9.756230	11.262326	22.490809
9.4	4.236250	7.026047	11.262298	22.398875
9.5	8.162341	3.099920	11.262261	22.363296
9.6	8.075907	3.186358	11.262265	22.396295
9.7	4.507623	6.754679	11.262302	22.493177
9.8	2.648958	8.613362	11.262320	22.632331
9.9	5.028372	6.233923	11.262295	22.780148
10	8.163171	3.099092	11.262263	22.899657
10.1	7.594189	3.668079	11.262269	22.960433
10.2	4.100510	7.161794	11.262303	22.946787
10.3	2.520802	8.741516	11.262319	22.861708
10.4	5.020502	6.241793	11.262294	22.725300
10.5	8.207172	3.055093	11.262265	22.568228
10.6	7.920822	3.341448	11.262270	22.422297
10.7	4.871338	6.390963	11.262301	22.311206
10.8	3.377664	7.884650	11.262314	22.244446
10.9	5.249232	6.013060	11.262292	22.216161
11	7.481264	3.781004	11.262268	22.209115
11.1	6.800463	4.461814	11.262277	22.202090
11.2	4.389048	6.873257	11.262304	22.177933
11.3	4.043802	7.218508	11.262310	22.129296
11.4	6.519116	4.743169	11.262285	22.060078
11.5	8.282762	2.979502	11.262265	21.982212
11.6	6.580645	4.681635	11.262280	21.909266
11.7	3.578024	7.684286	11.262310	21.849525
11.8	3.490226	7.772087	11.262312	21.801458
11.9	6.579931	4.682351	11.262282	21.753572
12	8.574088	2.688173	11.262261	21.688938
12.1	6.578925	4.683355	11.262280	21.592798
12.2	3.279075	7.983238	11.262313	21.460343
12.3	3.330883	7.931431	11.262314	21.301475
12.4	6.770976	4.491303	11.262279	21.140337
12.5	8.729275	2.532982	11.262257	21.009246
12.6	6.158049	5.104232	11.262280	20.938780
12.7	2.335008	8.927311	11.262319	20.947322
12.8	2.618256	8.644063	11.262319	21.033803
12.9	6.994788	4.267491	11.262278	21.176437
13	9.748296	1.513955	11.262251	21.338262
13.1	7.063358	4.198917	11.262275	21.477895
13.2	2.343614	8.918705	11.262319	21.562032
13.3	1.800632	9.461692	11.262324	21.575478
13.4	6.075525	5.186757	11.262282	21.525256
13.5	9.300061	1.962189	11.262251	21.437327
13.6	7.056448	4.205825	11.262273	21.347054
13.7	2.479227	8.783092	11.262319	21.286716
13.8	2.056266	9.206060	11.262326	21.274494
13.9	6.685100	4.577182	11.262282	21.308820
14	10.211897	1.050349	11.262246	21.370121
14.1	7.677405	3.584863	11.262269	21.429303
14.2	2.199997	9.062323	11.262320	21.459889
14.3	1.017890	10.244442	11.262332	21.449327
14.4	5.814720	5.447567	11.262288	21.405205
14.5	10.349802	0.912443	11.262246	21.353886
14.6	8.721263	2.540999	11.262262	21.331780
14.7	3.238958	8.023357	11.262315	21.372170
14.8	1.305908	9.956425	11.262333	21.492224
14.9	5.469151	5.793141	11.262292	21.684917
15	10.022443	1.239805	11.262248	21.919014
15.1	8.732701	2.529559	11.262260	22.147492
15.2	3.272953	7.989359	11.262312	22.321879
15.3	0.999401	10.262934	11.262335	22.407799
15.4	5.070867	6.191430	11.262297	22.396534
15.5	10.193730	1.068519	11.262249	22.308599
15.6	9.667346	1.594909	11.262255	22.187995
15.7	4.243061	7.019244	11.262305	22.088871
15.8	0.999221	10.263113	11.262333	22.058892
15.9	3.911662	7.350641	11.262303	22.124652
16	8.795082	2.467175	11.262257	22.283799
16.1	9.161316	2.100940	11.262256	22.506264
16.2	4.853335	6.408965	11.262299	22.743959
16.3	1.902209	9.360118	11.262327	22.945616
16.4	4.163867	7.098436	11.262302	23.071830
16.5	8.251677	3.010585	11.262262	23.105545
16.6	8.431517	2.830744	11.262260	23.054922
16.7	4.505147	6.757152	11.262299	22.948201
16.8	1.920188	9.342137	11.262324	22.822804
16.9	4.208705	7.053597	11.262302	22.712753
17	8.235466	3.026798	11.262263	22.638693
17.1	8.604006	2.658255	11.262261	22.603681
17.2	4.970342	6.291955	11.262297	22.595618
17.3	2.290700	8.971620	11.262321	22.594852
17.4	3.946037	7.316265	11.262302	22.583705
17.5	7.328195	3.934073	11.262268	22.554219
17.6	7.742695	3.519571	11.262266	22.511281
17.7	4.927178	6.335119	11.262297	22.470163
17.8	3.153553	8.108763	11.262316	22.449637
17.9	5.052248	6.210049	11.262297	22.463454
18	7.951582	3.310685	11.262267	22.513529
18.1	7.748151	3.514118	11.262269	22.587451
18.2	4.702756	6.559544	11.262299	22.661317
18.3	3.013283	8.249032	11.262315	22.706913
18.4	4.897894	6.364401	11.262295	22.700685
18.5	7.588642	3.673627	11.262269	22.631377
18.6	7.381179	3.881094	11.262273	22.503675
18.7	4.876970	6.385331	11.262301	22.336697
18.8	3.963276	7.299035	11.262311	22.157970
18.9	6.072819	5.189469	11.262289	21.995046
19	8.027715	3.234550	11.262266	21.867641
19.1	6.655144	4.607133	11.262277	21.782862
19.2	3.591463	7.670846	11.262309	21.734875
19.3	3.222456	8.039859	11.262315	21.708756
19.4	6.425379	4.836906	11.262285	21.686870
19.5	8.997010	2.265249	11.262259	21.655326
19.6	7.315576	3.946698	11.262274	21.608252
19.7	3.511097	7.751214	11.262311	21.548568
19.8	2.743559	8.518760	11.262319	21.485304
19.9	6.074351	5.187934	11.262286	21.428791
20	8.820434	2.441822	11.262257	21.385748
20.1	6.951066	4.311208	11.262273	21.356224
20.2	2.840826	8.421488	11.262314	21.333551
20.3	2.233210	9.029113	11.262323	21.307281
20.4	6.290804	4.971481	11.262285	21.267938
20.5	9.675770	1.586481	11.262251	21.211747
20.6	7.633252	3.629016	11.262268	21.143502
20.7	2.615763	8.646552	11.262315	21.076419
20.8	1.245431	10.016898	11.262329	21.028875
20.9	5.436832	5.825458	11.262290	21.019017
21	9.673185	1.589065	11.262250	21.058939
21.1	8.325544	2.936719	11.262263	21.150281
21.2	3.251770	8.010542	11.262312	21.282620
21.3	1.330309	9.932022	11.262330	21.435179
21.4	5.145510	6.116783	11.262293	21.581367
21.5	9.439889	1.822361	11.262250	21.694921
21.6	8.251778	3.010483	11.262261	21.756000
21.7	3.120576	8.141736	11.262312	21.755732
21.8	1.136199	10.126134	11.262333	21.698183
21.9	5.317610	5.944686	11.262296	21.599436
22	10.328697	0.933551	11.262248	21.484134
22.1	9.483284	1.778970	11.262255	21.380381
22.2	3.736308	7.526000	11.262308	21.314114
22.3	0.539392	10.722944	11.262337	21.304109
22.4	3.995442	7.266861	11.262304	21.358533
22.5	9.458194	1.804059	11.262253	21.473663
22.6	9.779077	1.483175	11.262252	21.634974
22.7	4.793770	6.468530	11.262301	21.820373
22.8	1.373028	9.889305	11.262333	22.004964
22.9	4.106176	7.156130	11.262306	22.166353
23	9.204522	2.057735	11.262257	22.289356
23.1	9.719970	1.542282	11.262252	22.368967
23.2	4.908962	6.353335	11.262297	22.410804
23.3	1.150268	10.112064	11.262332	22.428823
23.4	3.349358	7.912952	11.262310	22.440814
23.5	8.485588	2.776675	11.262262	22.462891
23.6	9.824264	1.437988	11.262252	22.504572
23.7	5.882278	5.380013	11.262291	22.565978
23.8	2.098951	9.163374	11.262325	22.638116
23.9	3.297635	7.964675	11.262310	22.706263
24	7.364535	3.897734	11.262268	22.755432
24.1	8.512129	2.750129	11.262258	22.776114
24.2	5.296974	5.965318	11.262292	22.768270
24.3	2.371660	8.890661	11.262321	22.742021
24.4	3.863720	7.398586	11.262306	22.714543
24.5	7.706957	3.555311	11.262269	22.704024
24.6	8.622045	2.640216	11.262260	22.722627
24.7	5.403888	5.858404	11.262292	22.770979
24.8	2.444974	8.817345	11.262319	22.836313
24.9	3.609877	7.652428	11.262306	22.895302
25	7.064296	4.197975	11.262272	22.920992
25.1	8.052021	3.210243	11.262264	22.891784
25.2	5.498857	5.763435	11.262292	22.799492
25.3	3.246709	8.015605	11.262315	22.653657
25.4	4.461907	6.800393	11.262301	22.480363
25.5	7.243927	4.018345	11.262271	22.315602
25.6	7.513660	3.748609	11.262269	22.195068
25.7	4.903037	6.359259	11.262296	22.143557
25.8	3.250440	8.011874	11.262314	22.167384
25.9	5.071175	6.191122	11.262297	22.252336
26	7.919882	3.342387	11.262269	22.367853
26.1	7.830721	3.431548	11.262270	22.476114
26.2	4.947076	6.315223	11.262299	22.543035
26.3	3.325981	7.936333	11.262314	22.547603
26.4	5.168418	6.093876	11.262294	22.486582
26.5	7.686413	3.575854	11.262267	22.373266
26.6	7.130302	4.131971	11.262273	22.231057
26.7	4.281268	6.981036	11.262304	22.084403
26.8	3.469026	7.793290	11.262316	21.950504
26.9	6.300922	4.961367	11.262289	21.834751
27	9.010668	2.251592	11.262260	21.731411
27.1	7.517891	3.744379	11.262270	21.628989
27.2	3.359544	7.902765	11.262309	21.517922
27.3	2.001299	9.261024	11.262324	21.397326
27.4	5.437114	5.825178	11.262292	21.277866
27.5	9.202249	2.060007	11.262256	21.179333
27.6	8.228782	3.033482	11.262265	21.123575
27.7	3.785853	7.476455	11.262308	21.125366
27.8	1.907036	9.355290	11.262326	21.184773
27.9	5.186083	6.076212	11.262294	21.284234
28	9.093699	2.168555	11.262254	21.391987
28.1	8.061735	3.200527	11.262262	21.471146
28.2	3.212624	8.049685	11.262309	21.491599
28.3	1.080464	10.181867	11.262331	21.440628
28.4	4.792937	6.469361	11.262298	21.328396
28.5	9.626861	1.635391	11.262252	21.186035
28.6	9.175679	2.086577	11.262256	21.056609
28.7	3.979018	7.283286	11.262305	20.981727
28.8	0.910452	10.351881	11.262333	20.988207
28.9	3.991137	7.271166	11.262303	21.079310
29	8.974613	2.287642	11.262255	21.233597
29.1	9.082897	2.179357	11.262254	21.411897
29.2	4.202689	7.059613	11.262302	21.570091
29.3	1.076043	10.186291	11.262334	21.673375
29.4	4.150018	7.112288	11.262305	21.707176
29.5	9.447477	1.814778	11.262255	21.680984
29.6	9.831517	1.430733	11.262250	21.623887
29.7	4.645465	6.616833	11.262298	21.573446
29.8	0.717734	10.544601	11.262336	21.561902
29.9	3.296721	7.965591	11.262312	21.604626
30	9.044688	2.217571	11.262259	21.694914
30.1	10.473121	0.789126	11.262247	21.806977
30.2	5.856638	5.405653	11.262291	21.906048
30.3	1.387769	9.874562	11.262332	21.961989
30.4	2.832263	8.430053	11.262316	21.961495
30.5	7.966627	3.295639	11.262266	21.914448
30.6	9.812073	1.450177	11.262250	21.851981
30.7	6.071232	5.191056	11.262287	21.816743
30.8	2.022408	9.239918	11.262327	21.848541
30.9	3.200758	8.061557	11.262315	21.970258
31	7.949270	3.312999	11.262269	22.178843
31.1	9.814994	1.447257	11.262251	22.444531
31.2	6.300641	4.961643	11.262285	22.718683
31.3	2.079202	9.183121	11.262323	22.947731
31.4	2.564305	8.698011	11.262316	23.088740
31.5	6.761845	4.500430	11.262275	23.121596
31.6	8.945827	2.316430	11.262257	23.054042
31.7	6.504971	4.757312	11.262283	22.918182
31.8	3.166067	8.096249	11.262316	22.759907
31.9	3.525241	7.737069	11.262310	22.624872
32	6.742180	4.520096	11.262276	22.545634
32.1	8.016695	3.245567	11.262262	22.533863
32.2	5.465558	5.796730	11.262288	22.579681
32.3	2.700890	8.561427	11.262316	22.657686
32.4	3.672693	7.589615	11.262307	22.737064
32.5	7.136842	4.125432	11.262274	22.792049
32.6	8.433404	2.828859	11.262263	22.809222
32.7	5.947592	5.314696	11.262288	22.789534
32.8	3.209499	8.052815	11.262314	22.744983
32.9	3.858782	7.403523	11.262305	22.691790
33	6.661552	4.600723	11.262275	22.642975
33.1	7.492358	3.769910	11.262268	22.603257
33.2	5.287202	5.975090	11.262292	22.568047
33.3	3.471622	7.790691	11.262313	22.526645
33.4	4.919312	6.342987	11.262299	22.468095
33.5	7.719034	3.543236	11.262270	22.387201
33.6	7.851599	3.410669	11.262268	22.288213
33.7	4.995080	6.267217	11.262297	22.184641
33.8	3.129274	8.133042	11.262316	22.095196
33.9	4.938415	6.323883	11.262298	22.037308
34	7.909257	3.353011	11.262267	22.020605
34.1	7.793183	3.469085	11.262268	22.042741
34.2	4.684063	6.578237	11.262300	22.089123
34.3	3.048728	8.213591	11.262318	22.136683
34.4	5.425834	5.836462	11.262296	22.160452
34.5	8.601676	2.660586	11.262262	22.140727
34.6	7.908522	3.353744	11.262266	22.068527
34.7	3.909714	7.352590	11.262304	21.947652
34.8	2.015347	9.246979	11.262325	21.792898
34.9	5.137214	6.125084	11.262298	21.625243
35	9.377372	1.884885	11.262257	21.465771
35.1	9.002455	2.259804	11.262258	21.330363
35.2	4.250699	7.011603	11.262302	21.226730
35.3	1.270267	9.992063	11.262330	21.154465
35.4	3.956713	7.305591	11.262304	21.107649
35.5	8.632235	2.630023	11.262258	21.078768
35.6	8.935325	2.326930	11.262255	21.062363
35.7	4.460789	6.801511	11.262299	21.057081
35.8	1.389854	9.872477	11.262331	21.065542
35.9	4.085068	7.177238	11.262306	21.092253
36	9.006567	2.255690	11.262257	21.140535
36.1	9.364583	1.897669	11.262251	21.209685
36.2	4.376354	6.885943	11.262298	21.293505
36.3	0.551706	10.710628	11.262334	21.380748
36.4	3.062898	8.199414	11.262312	21.457415
36.5	8.734277	2.527982	11.262260	21.510201
36.6	10.177854	1.084393	11.262247	21.530085
36.7	5.624149	5.638141	11.262291	21.515050
36.8	1.250329	10.012003	11.262332	21.471193
36.9	2.859111	8.403205	11.262315	21.411944
37	8.112262	3.150002	11.262264	21.355566
37.1	9.774012	1.488236	11.262248	21.321480
37.2	5.552325	5.709964	11.262289	21.326157
37.3	1.225496	10.036836	11.262332	21.379402
37.4	2.830335	8.431983	11.262318	21.481782
37.5	8.463966	2.798300	11.262266	21.623772
37.6	10.758400	0.503845	11.262244	21.786964
37.7	6.695418	4.566864	11.262282	21.947311
37.8	1.593666	9.668663	11.262329	22.079961
37.9	2.004895	9.257428	11.262323	22.164815
38	7.115544	4.146730	11.262274	22.191595
38.1	10.069263	1.192985	11.262248	22.163098
38.2	7.189803	4.072475	11.262278	22.095574
38.3	2.651614	8.610708	11.262322	22.015752
38.4	2.580058	8.682262	11.262320	21.954909
38.5	6.825112	4.437166	11.262278	21.941269
38.6	9.453351	1.808902	11.262253	21.992692
38.7	6.948808	4.313471	11.262278	22.111699
38.8	2.835473	8.426844	11.262318	22.284445
38.9	2.664174	8.598144	11.262318	22.484121
39	6.481491	4.780789	11.262280	22.678018
39.1	9.005263	2.256994	11.262257	22.836256
39.2	6.943818	4.318461	11.262278	22.939586
39.3	3.289549	7.972764	11.262313	22.983860
39.4	2.941920	8.320394	11.262314	22.979772
39.5	6.001785	5.260496	11.262281	22.947970
39.6	7.955200	3.307063	11.262263	22.911185
39.7	6.155545	5.106738	11.262283	22.886082
39.8	3.401531	7.860781	11.262312	22.877638
39.9	3.774331	7.487978	11.262309	22.878047
40	6.799032	4.463246	11.262278	22.870572
40.1	8.158481	3.103782	11.262263	22.836984
40.2	5.836106	5.426180	11.262286	22.765916
40.3	2.975962	8.286352	11.262314	22.658997
40.4	3.477711	7.784597	11.262308	22.532341
40.5	6.579382	4.682895	11.262278	22.412566
40.6	8.018636	3.243629	11.262265	22.328448
40.7	6.040550	5.221737	11.262287	22.300990
40.8	3.739335	7.522977	11.262312	22.335372
40.9	4.498056	6.764247	11.262303	22.417746
41	7.099944	4.162330	11.262274	22.518275
41.1	7.526707	3.735561	11.262267	22.599649
41.2	4.891118	6.371176	11.262294	22.628420
41.3	2.945622	8.316695	11.262317	22.585401
41.4	4.805032	6.457269	11.262301	22.471648
41.5	8.282375	2.979893	11.262268	22.307967
41.6	8.652999	2.609264	11.262263	22.128120
41.7	5.251756	6.010539	11.262295	21.968016
41.8	2.636837	8.625484	11.262321	21.854573
41.9	4.396434	6.865869	11.262303	21.797999
42	8.063749	3.198517	11.262266	21.789984
42.1	8.395060	2.867201	11.262261	21.808211
42.2	4.721259	6.541039	11.262297	21.825323
42.3	2.134871	9.127455	11.262325	21.818973
42.4	4.541469	6.720836	11.262304	21.779251
42.5	9.000619	2.261642	11.262261	21.710882
42.6	9.407021	1.855233	11.262254	21.629558
42.7	4.833911	6.428385	11.262296	21.554058
42.8	1.130095	10.132235	11.262331	21.497371
42.9	3.241247	8.021065	11.262312	21.460468
43	8.453023	2.809239	11.262262	21.431350
43.1	9.846416	1.415833	11.262249	21.389952
43.2	5.542443	5.719846	11.262290	21.317194
43.3	1.291986	9.970345	11.262330	21.204725
43.4	2.775237	8.487078	11.262316	21.061430
43.5	7.919887	3.342378	11.262265	20.913806
43.6	9.672839	1.589409	11.262248	20.799451
43.7	5.571605	5.690682	11.262287	20.755472
43.8	1.163972	10.098359	11.262331	20.805631
43.9	2.547646	8.714673	11.262319	20.950749
44	8.052163	3.210104	11.262267	21.165996
44.1	10.362454	0.899791	11.262244	21.406446
44.2	6.323902	4.938380	11.262282	21.619484
44.3	1.235853	10.026476	11.262330	21.760180
44.4	1.804240	9.458084	11.262324	21.804677
44.5	7.200540	4.061732	11.262273	21.757115
44.6	10.232243	1.030002	11.262245	21.647777
44.7	7.007623	4.254655	11.262277	21.523031
44.8	2.073716	9.188609	11.262326	21.430408
44.9	2.180833	9.081491	11.262324	21.403776
45	7.166413	4.095863	11.262276	21.453508
45.1	10.239848	1.022398	11.262246	21.564784
45.2	7.189620	4.072655	11.262275	21.704364
45.3	2.052731	9.209592	11.262323	21.833287
45.4	1.678609	9.583718	11.262327	21.920953
45.5	6.595081	4.667200	11.262282	21.955683
45.6	10.405426	0.856822	11.262248	21.948159
45.7	8.334714	2.927555	11.262269	21.926700
45.8	3.370580	7.891735	11.262315	21.926220
45.9	1.984782	9.277542	11.262324	21.974887
46	5.515274	5.747013	11.262287	22.083263
46.1	8.791651	2.470606	11.262256	22.239780
46.2	7.443714	3.818558	11.262272	22.414133
46.3	3.690018	7.572293	11.262311	22.567398
46.4	2.928177	8.334141	11.262318	22.665339
46.5	6.186942	5.075344	11.262285	22.690295
46.6	8.869575	2.392683	11.262259	22.647558
46.7	7.242176	4.020099	11.262275	22.564086
46.8	3.520479	7.741831	11.262310	22.480012
46.9	2.663092	8.599224	11.262316	22.435837
47	5.555380	5.706907	11.262286	22.459570
47.1	8.025012	3.237251	11.262263	22.557984
47.2	6.788827	4.473451	11.262278	22.714693
47.3	3.879355	7.382953	11.262308	22.895406
47.4	3.520508	7.741803	11.262311	23.058401
47.5	6.095265	5.167018	11.262283	23.166642
47.6	7.741531	3.520734	11.262265	23.197693
47.7	5.988731	5.273552	11.262283	23.148523
47.8	3.328669	7.933642	11.262311	23.034185
47.9	3.654183	7.608126	11.262309	22.881422
48	6.663460	4.598819	11.262279	22.719782
48.1	8.211381	3.050883	11.262264	22.573373
48.2	6.148104	5.114180	11.262285	22.455824
48.3	3.379270	7.883043	11.262312	22.369583
48.4	3.776069	7.486239	11.262308	22.309080
48.5	6.695460	4.566818	11.262277	22.265903
48.6	7.904318	3.357946	11.262265	22.233679
48.7	5.659071	5.603218	11.262289	22.210713
48.8	3.293867	7.968449	11.262315	22.199555
48.9	4.494147	6.768158	11.262305	22.203986
49	7.855817	3.406454	11.262271	22.224963
49.1	8.598247	2.664014	11.262261	22.257462
49.2	5.315699	5.946592	11.262291	22.289735
49.3	2.296373	8.965949	11.262322	22.305519
49.4	3.813998	7.448312	11.262309	22.288564
49.5	8.072812	3.189456	11.262269	22.227893
49.6	9.372533	1.889722	11.262255	22.121905
49.7	5.861860	5.400428	11.262289	21.979804
49.8	2.263992	8.998332	11.262324	21.819748
49.9	3.547114	7.715198	11.262312	21.664264
50	8.009549	3.252719	11.262268	21.534340
50.1	9.400149	1.862102	11.262252	21.444060
50.2	5.477350	5.784938	11.262288	21.397360
50.3	1.355253	9.907075	11.262329	21.387783
50.4	2.776000	8.486318	11.262318	21.401090
50.5	8.204165	3.058103	11.262268	21.419749
50.6	10.578021	0.684224	11.262245	21.427836
50.7	6.653066	4.609214	11.262280	21.414915
50.8	1.444216	9.818112	11.262328	21.377940
50.9	1.649064	9.613260	11.262324	21.320935
51	6.760017	4.502258	11.262275	21.252898
51.1	9.806893	1.455353	11.262246	21.184797
51.2	6.760554	4.501723	11.262277	21.126670
51.3	1.925358	9.336967	11.262325	21.085578
51.4	2.036968	9.225357	11.262325	21.064782
51.5	7.059935	4.202342	11.262276	21.064103
51.6	10.175268	1.086977	11.262245	21.081076
51.7	7.019847	4.242427	11.262274	21.112433
51.8	1.681972	9.580353	11.262325	21.155436
51.9	1.294617	9.967712	11.262329	21.208731
52	6.466447	4.795834	11.262281	21.272576
52.1	10.431847	0.830397	11.262245	21.348379
52.2	8.064050	3.198218	11.262268	21.437662
52.3	2.645875	8.616444	11.262319	21.540637
52.4	1.378923	9.883407	11.262330	21.654737
52.5	5.770844	5.491443	11.262287	21.773549
52.6	9.797535	1.464714	11.262249	21.886638
52.7	8.129554	3.132713	11.262267	21.980673
52.8	3.220500	8.041815	11.262315	22.041961
52.9	1.816179	9.446149	11.262328	22.060045
53	5.807870	5.454419	11.262290	22.031558
53.1	9.803639	1.458613	11.262252	21.963145
53.2	8.494299	2.767966	11.262265	21.872248
53.3	3.711513	7.550797	11.262310	21.784961
53.4	1.779203	9.483124	11.262326	21.730920
53.5	5.013362	6.248932	11.262294	21.736204
53.6	8.888507	2.373751	11.262258	21.816034
53.7	8.377326	2.884941	11.262266	21.969455
53.8	4.583948	6.678356	11.262304	22.177893
53.9	2.822514	8.439805	11.262319	22.408508
54	5.201100	6.061192	11.262292	22.621844
54.1	8.009986	3.252278	11.262263	22.781894
54.2	7.188384	4.073888	11.262273	22.865719
54.3	3.985280	7.277025	11.262306	22.869721
54.4	3.014443	8.247872	11.262316	22.810499
54.5	5.686883	5.575406	11.262289	22.719825
54.6	8.290006	2.972257	11.262264	22.635151
54.7	7.251467	4.010808	11.262274	22.588480
54.8	4.075406	7.186899	11.262305	22.597099
54.9	3.096581	8.165732	11.262313	22.659068
55	5.381177	5.881111	11.262288	22.754887
55.1	7.401624	3.860643	11.262266	22.854699
55.2	6.219095	5.043185	11.262280	22.928549
55.3	3.700082	7.562226	11.262308	22.956215
55.4	3.762301	7.500009	11.262310	22.933259
55.5	6.619703	4.642579	11.262281	22.871310
55.6	8.307666	2.954597	11.262263	22.792614
55.7	6.281052	4.981230	11.262282	22.720915
55.8	3.169252	8.093060	11.262312	22.672059
55.9	3.239146	8.023165	11.262312	22.647800
56	6.414751	4.847530	11.262280	22.635153
56.1	8.306160	2.956102	11.262262	22.611594
56.2	6.346630	4.915653	11.262283	22.554281
56.3	3.448219	7.814095	11.262314	22.449904
56.4	3.910134	7.352177	11.262310	22.301479
56.5	7.224177	4.038099	11.262276	22.129396
56.6	8.604080	2.658179	11.262259	21.966064
56.7	5.754750	5.507536	11.262286	21.845814
56.8	2.428173	8.834148	11.262321	21.793457
56.9	3.463452	7.798862	11.262314	21.815498
57	7.905722	3.356551	11.262272	21.897157
57.1	9.892883	1.369368	11.262252	22.006347
57.2	6.527497	4.734784	11.262282	22.103367
57.3	2.077311	9.185013	11.262324	22.153030
57.4	2.460472	8.801848	11.262321	22.135132
57.5	7.219307	4.042969	11.262275	22.049708
57.6	9.954004	1.308244	11.262248	21.915441
57.7	6.904646	4.357631	11.262277	21.761969
57.8	2.146409	9.115915	11.262324	21.619027
57.9	2.185256	9.077069	11.262324	21.506399
58	7.092137	4.170140	11.262277	21.428307
58.1	10.232449	1.029796	11.262245	21.374136
58.2	7.166051	4.096222	11.262273	21.325010
58.3	1.775552	9.486772	11.262324	21.263524
58.4	1.215217	10.047113	11.262330	21.182719
58.5	6.324952	4.937331	11.262282	21.090669
58.6	10.409288	0.852957	11.262244	21.008697
58.7	8.121536	3.140730	11.262266	20.963647
58.8	2.569664	8.692654	11.262319	20.976996
58.9	1.103217	10.159114	11.262331	21.054919
59	5.465245	5.797043	11.262288	21.183269
59.1	9.563024	1.699224	11.262248	21.329782
59.2	7.798945	3.463321	11.262265	21.453251
59.3	2.654623	8.607693	11.262316	21.516823
59.4	1.286988	9.975343	11.262331	21.500930
59.5	5.783177	5.479112	11.262290	21.411263
59.6	10.270066	0.992181	11.262247	21.278734
59.7	8.773775	2.488485	11.262261	21.151041
59.8	3.221660	8.040653	11.262312	21.078330
59.9	0.852989	10.409344	11.262333	21.097516
60	4.600123	6.662173	11.262296	21.220424
60.1	9.352599	1.909654	11.262253	21.429666
60.2	8.942230	2.320030	11.262260	21.683659
60.3	4.296433	6.965873	11.262306	21.929181
60.4	1.895750	9.366578	11.262328	22.117334
60.5	4.908098	6.354200	11.262298	22.217770
60.6	9.076207	2.186050	11.262257	22.226640
60.7	8.696713	2.565548	11.262261	22.165932
60.8	4.342734	6.919569	11.262303	22.074754
60.9	1.916060	9.346265	11.262326	21.995776
61	4.590437	6.671862	11.262299	21.961511
61.1	8.686114	2.576147	11.262261	21.985003
61.2	8.837541	2.424721	11.262262	22.057774
61.3	5.150721	6.111577	11.262299	22.155306
61.4	2.702872	8.559448	11.262320	22.247721
61.5	4.469570	6.792729	11.262299	22.311649
61.6	7.546392	3.715875	11.262267	22.339014
61.7	7.557994	3.704276	11.262269	22.339729
61.8	4.765330	6.496969	11.262300	22.337536
61.9	3.392133	7.870181	11.262314	22.360677
62	5.441108	5.821184	11.262292	22.430830
62.1	7.878580	3.383686	11.262266	22.554293
62.2	7.061705	4.200569	11.262273	22.718478
62.3	3.994083	7.268221	11.262304	22.894894
62.4	2.934055	8.328259	11.262315	23.047540
62.5	5.366293	5.895997	11.262290	23.143796
62.6	7.895892	3.366373	11.262265	23.164194
62.7	7.037562	4.224713	11.262275	23.107929
62.8	4.109856	7.152449	11.262305	22.992521
62.9	3.308586	7.953727	11.262313	22.848026
63	5.706156	5.556131	11.262287	22.707922
63.1	7.721989	3.540276	11.262265	22.599743
63.2	6.287837	4.974442	11.262279	22.538342
63.3	3.374143	7.888167	11.262310	22.523594
63.4	3.320820	7.941493	11.262313	22.542723
63.5	6.595867	4.666415	11.262283	22.575941
63.6	8.858345	2.403914	11.262259	22.603180
63.7	6.905039	4.357238	11.262278	22.609599
63.8	3.283807	7.978506	11.262313	22.588344
63.9	2.939832	8.322484	11.262316	22.540148
64	6.341836	4.920446	11.262282	22.470602
64.1	8.698999	2.563258	11.262258	22.386573
64.2	6.602782	4.659496	11.262278	22.293400
64.3	2.956622	8.305695	11.262317	22.193865
64.4	3.118005	8.144313	11.262319	22.089114
64.5	7.326245	3.936033	11.262279	21.980780
64.6	9.978345	1.283906	11.262251	21.873088
64.7	7.152736	4.109538	11.262275	21.773770
64.8	2.245409	9.016912	11.262321	21.693117
64.9	1.734202	9.528125	11.262327	21.641335
65	6.463880	4.798403	11.262283	21.625059
65.1	10.273007	0.989240	11.262247	21.644305
65.2	8.113776	3.148491	11.262268	21.691024
65.3	2.869811	8.392507	11.262318	21.749920
65.4	1.564999	9.697331	11.262330	21.801441
65.5	5.909909	5.352378	11.262287	21.826144
65.6	9.936320	1.325928	11.262247	21.809219
65.7	8.037409	3.224855	11.262264	21.743945
65.8	2.626595	8.635721	11.262316	21.633207
65.9	0.995220	10.267113	11.262333	21.488799
66	5.486949	5.775342	11.262291	21.328839
66.1	10.225780	1.036467	11.262247	21.174039
66.2	8.900074	2.362185	11.262259	21.043775
66.3	3.203566	8.058746	11.262312	20.952767
66.4	0.592046	10.670289	11.262335	20.908934
66.5	4.360302	6.901996	11.262298	20.912666
66.6	9.345532	1.916719	11.262251	20.957451
66.7	8.945599	2.316657	11.262257	21.031629
66.8	3.928570	7.333736	11.262306	21.120914
66.9	1.219671	10.042661	11.262332	21.211240
67	4.456759	6.805541	11.262300	21.291451
67.1	9.140025	2.122229	11.262254	21.355323
67.2	8.840078	2.422179	11.262257	21.402429
67.3	3.944678	7.317627	11.262304	21.437594
67.4	1.110949	10.151383	11.262332	21.468943
67.5	4.258933	7.003370	11.262303	21.504997
67.6	9.314466	1.947791	11.262256	21.551618
67.7	9.701359	1.560895	11.262254	21.609779
67.8	5.067341	6.194957	11.262298	21.675027
67.9	1.564066	9.698263	11.262329	21.738997
68	3.551270	7.711037	11.262307	21.792677
68.1	8.007772	3.254493	11.262264	21.830387
68.2	8.935711	2.326547	11.262258	21.853043
68.3	5.460281	5.802014	11.262295	21.869296
68.4	2.667765	8.594557	11.262322	21.893736
68.5	4.419238	6.843066	11.262304	21.942360
68.6	8.177260	3.085006	11.262267	22.026538
68.7	8.727189	2.535072	11.262262	22.147519
68.8	5.364877	5.897417	11.262294	22.293582
68.9	2.665644	8.596675	11.262319	22.441330
69	4.078739	7.183563	11.262303	22.561297
69.1	7.367767	3.894504	11.262270	22.626561
69.2	7.997437	3.264829	11.262267	22.621806
69.3	5.437030	5.825264	11.262295	22.549827
69.4	3.584935	7.677379	11.262313	22.433006
69.5	5.025401	6.236895	11.262296	22.308767
69.6	7.414950	3.847320	11.262270	22.219901
69.7	7.024353	4.237919	11.262272	22.202472
69.8	4.223348	7.038953	11.262301	22.274955
69.9	3.017603	8.244712	11.262315	22.432101
70	5.294253	5.968040	11.262293	22.645648
70.1	8.005898	3.256368	11.262266	22.871874
70.2	7.381517	3.880754	11.262272	23.063763
70.3	4.259097	7.003205	11.262303	23.184049
70.4	2.958667	8.303648	11.262315	23.215057
70.5	5.209048	6.053244	11.262291	23.162308
70.6	7.699771	3.562494	11.262265	23.050904
70.7	6.792962	4.469312	11.262274	22.916099
70.8	3.776971	7.485335	11.262306	22.791380
70.9	3.132191	8.130124	11.262316	22.698118
71	6.101012	5.161275	11.262287	22.640231
71.1	8.668323	2.593937	11.262260	22.605436
71.2	7.063780	4.198494	11.262273	22.572316
71.3	3.236819	8.025492	11.262311	22.520375
71.4	2.453950	8.808371	11.262321	22.439217
71.5	6.033923	5.228364	11.262287	22.333378
71.6	9.278129	1.984127	11.262256	22.221003
71.7	7.759104	3.503166	11.262270	22.126864
71.8	3.494168	7.768143	11.262312	22.072355
71.9	2.351700	8.910624	11.262324	22.066286
72	5.988348	5.273940	11.262288	22.100055
72.1	9.389126	1.873127	11.262253	22.149210
72.2	7.659854	3.602414	11.262268	22.181102
72.3	2.935649	8.326665	11.262315	22.166027
72.4	1.755399	9.506930	11.262329	22.087912
72.5	6.147746	5.114544	11.262290	21.950676
72.6	10.534584	0.727663	11.262248	21.777823
72.7	8.982088	2.280172	11.262260	21.605260
72.8	3.250630	8.011682	11.262312	21.469702
72.9	0.687791	10.574544	11.262335	21.396677
73	4.543759	6.718539	11.262298	21.392293
73.1	9.626772	1.635478	11.262250	21.441630
73.2	9.212111	2.050144	11.262255	21.514302
73.3	4.005223	7.257083	11.262306	21.575139
73.4	1.125341	10.136993	11.262334	21.596196
73.5	4.473440	6.788861	11.262301	21.565790
73.6	9.464780	1.797472	11.262252	21.491421
73.7	9.230664	2.031589	11.262253	21.395650
73.8	3.919827	7.342476	11.262303	21.306602
73.9	0.548343	10.713993	11.262335	21.246724
74	3.600685	7.661622	11.262306	21.224062
74.1	9.037266	2.224990	11.262256	21.229395
74.2	9.728899	1.533352	11.262251	21.240377
74.3	4.947115	6.315182	11.262297	21.231214
74.4	1.180380	10.081952	11.262332	21.184272
74.5	3.331738	7.930571	11.262309	21.099196
74.6	8.246215	3.016046	11.262261	20.995881
74.7	9.177017	2.085235	11.262253	20.909794
74.8	4.961398	6.300897	11.262295	20.880911
74.9	1.476518	9.785812	11.262329	20.939886
75	3.570279	7.692031	11.262310	21.096231
75.1	8.510715	2.751548	11.262263	21.332772
75.2	9.740444	1.521808	11.262252	21.608598
75.3	5.699038	5.563252	11.262291	21.869887
75.4	1.793040	9.469287	11.262326	22.065297
75.5	3.060962	8.201351	11.262312	22.161028
75.6	7.579638	3.682632	11.262270	22.150696
75.7	9.335635	1.926621	11.262256	22.056850
75.8	6.342194	4.920093	11.262287	21.923718
75.9	2.971302	8.291017	11.262319	21.803573
76	3.707945	7.554363	11.262309	21.741174
76.1	7.157351	4.104922	11.262273	21.761208
76.2	8.347140	2.915122	11.262262	21.862541
76.3	5.748978	5.513312	11.262290	22.020738
76.4	3.204737	8.057579	11.262316	22.197564
76.5	4.354595	6.907709	11.262304	22.353997
76.6	7.562338	3.699934	11.262272	22.462322
76.7	8.340194	2.922071	11.262265	22.513457
76.8	5.655762	5.606530	11.262292	22.517509
76.9	3.239950	8.022364	11.262314	22.497914
77	4.241627	7.020674	11.262301	22.481695
77.1	6.899519	4.362754	11.262273	22.489469
77.2	7.262603	3.999667	11.262270	22.528686
77.3	4.920791	6.341505	11.262296	22.592205
77.4	3.519405	7.742908	11.262313	22.662329
77.5	5.365168	5.897127	11.262295	22.718458
77.6	7.918352	3.343915	11.262267	22.745404
77.7	7.318639	3.943631	11.262270	22.739312
77.8	4.020415	7.241886	11.262302	22.709157
77.9	2.429520	8.832798	11.262318	22.673463
78	4.817735	6.444561	11.262295	22.653559
78.1	8.012831	3.249434	11.262264	22.665878
78.2	7.681827	3.580442	11.262268	22.715947
78.3	4.372523	6.889779	11.262302	22.796086
78.4	2.810005	8.452314	11.262318	22.887398
78.5	5.267126	5.995168	11.262294	22.965231
78.6	8.256213	3.006049	11.262262	23.006168
78.7	7.353776	3.908493	11.262269	22.994287
78.8	3.567948	7.694359	11.262307	22.924843
78.9	2.216604	9.045719	11.262323	22.804552
79	5.562304	5.699990	11.262293	22.648811
79.1	9.368315	1.893941	11.262256	22.477102
79.2	8.455772	2.806491	11.262263	22.308223
79.3	3.884722	7.377585	11.262307	22.156768
79.4	1.775023	9.487305	11.262328	22.031570
79.5	5.051759	6.210538	11.262297	21.936066
79.6	9.307406	1.954849	11.262255	21.869850
79.7	8.664938	2.597322	11.262260	21.830431
79.8	3.865965	7.396341	11.262307	21.814400
79.9	1.470746	9.791585	11.262332	21.817662
80	4.981067	6.281233	11.262300	21.834939
80.1	9.866304	1.395948	11.262252	21.859118
80.2	9.470603	1.791650	11.262254	21.881123
80.3	4.046618	7.215686	11.262304	21.890704
80.4	0.663207	10.599129	11.262336	21.878161
80.5	3.866291	7.396016	11.262307	21.836545
80.6	9.529908	1.732347	11.262254	21.763656
80.7	10.239087	1.023161	11.262248	21.663159
80.8	5.105681	6.156615	11.262296	21.544381
80.9	0.902458	10.359876	11.262334	21.420798
81	3.009247	8.253065	11.262312	21.307533
81.1	8.320274	2.941987	11.262261	21.218495
81.2	9.572038	1.690211	11.262249	21.163766
81.3	5.164162	6.098131	11.262293	21.147755
81.4	1.223737	10.038595	11.262332	21.168379
81.5	3.220045	8.042269	11.262313	21.217361
81.6	8.531953	2.730309	11.262262	21.281522
81.7	9.988616	1.273631	11.262248	21.344927
81.8	5.537421	5.724868	11.262289	21.391625
81.9	0.990459	10.271871	11.262331	21.408683
82	2.233825	9.028493	11.262318	21.389045
82.1	7.455141	3.807128	11.262269	21.333660
82.2	9.747522	1.514727	11.262249	21.252230
82.3	6.379720	4.882564	11.262284	21.162105
82.4	2.213353	9.048971	11.262324	21.085207
82.5	2.902297	8.360019	11.262316	21.043384
82.6	7.296927	3.965345	11.262272	21.053203
82.7	9.253002	2.009251	11.262253	21.121544
82.8	6.109409	5.152875	11.262284	21.243352
82.9	2.215483	9.046839	11.262322	21.402476
83	2.898547	8.363769	11.262316	21.575622
83.1	7.270634	3.991640	11.262275	21.738473
83.2	9.577336	1.684919	11.262255	21.872236
83.3	6.993469	4.268812	11.262281	21.968542
83.4	3.194372	8.067944	11.262316	22.031051
83.5	3.127269	8.135044	11.262313	22.073095
83.6	6.414151	4.848128	11.262279	22.112044
83.7	8.291932	2.970331	11.262262	22.162237
83.8	6.373056	4.889229	11.262284	22.229001
83.9	3.713989	7.548323	11.262312	22.305997
84	4.209533	7.052774	11.262307	22.377104
84.1	7.069334	4.192943	11.262276	22.422452
84.2	8.107683	3.154582	11.262265	22.426642
84.3	5.792362	5.469927	11.262289	22.386249
84.4	3.391241	7.871073	11.262313	22.313690
84.5	4.261877	7.000427	11.262303	22.235652
84.6	7.073596	4.188678	11.262274	22.186059
84.7	7.754011	3.508257	11.262267	22.195559
84.8	5.335397	5.926896	11.262293	22.280878
84.9	3.332283	7.930031	11.262314	22.437723
85	4.664261	6.598038	11.262300	22.639936
85.1	7.381550	3.880720	11.262270	22.845661
85.2	7.390752	3.871516	11.262268	23.008914
85.3	4.409291	6.853006	11.262298	23.093083
85.4	2.611870	8.650448	11.262318	23.082050
85.5	4.806158	6.456140	11.262299	22.985271
85.6	8.252531	3.009734	11.262265	22.835048
85.7	8.219145	3.043119	11.262264	22.676749
85.8	4.564530	6.697768	11.262298	22.555058
85.9	2.140581	9.121740	11.262322	22.500679
86	4.205364	7.056937	11.262301	22.521722
86.1	7.869482	3.392783	11.262264	22.602453
86.2	8.030159	3.232104	11.262263	22.709588
86.3	4.504774	6.757525	11.262300	22.803792
86.4	2.409491	8.852832	11.262323	22.852369
86.5	5.027475	6.234825	11.262299	22.838859
86.6	8.982354	2.279905	11.262259	22.766447
86.7	8.659573	2.602686	11.262259	22.654397
86.8	4.067328	7.194974	11.262302	22.529183
86.9	1.229162	10.033168	11.262331	22.413844
87	4.174142	7.088163	11.262305	22.319595
87.1	9.271414	1.990844	11.262258	22.242778
87.2	9.849528	1.412724	11.262252	22.168148
87.3	5.139019	6.123278	11.262297	22.077049
87.4	1.436431	9.825901	11.262332	21.957190
87.5	3.698486	7.563824	11.262310	21.810071
87.6	8.809596	2.452664	11.262260	21.652982
87.7	9.723365	1.538884	11.262250	21.514511
87.8	5.029731	6.232563	11.262294	21.424992
87.9	1.008467	10.253867	11.262334	21.405258
88	3.237929	8.024386	11.262315	21.457876
88.1	8.980993	2.281268	11.262261	21.564236
88.2	10.683599	0.578646	11.262244	21.688882
88.3	6.017027	5.245260	11.262287	21.789845
88.4	1.022479	10.239854	11.262333	21.831595
88.5	2.111719	9.150602	11.262321	21.796183
88.6	7.614514	3.647754	11.262268	21.688718
88.7	10.137282	1.124964	11.262246	21.535262
88.8	6.466973	4.795309	11.262282	21.373867
88.9	1.713100	9.549227	11.262327	21.241863
89	2.269927	8.992394	11.262321	21.163850
89.1	7.223931	4.038341	11.262272	21.144504
89.2	9.746563	1.515685	11.262248	21.168654
89.3	6.411301	4.850980	11.262280	21.208389
89.4	1.767589	9.494736	11.262325	21.234534
89.5	2.102998	9.159324	11.262322	21.228211
89.6	6.965687	4.296589	11.262276	21.188251
89.7	9.869809	1.392440	11.262249	21.131732
89.8	7.055158	4.207119	11.262277	21.087427
89.9	2.401186	8.861134	11.262320	21.084556
90	2.038749	9.223572	11.262321	21.140960
90.1	6.164048	5.098233	11.262281	21.255109
90.2	9.067799	2.194455	11.262254	21.404996
90.3	7.026329	4.235947	11.262277	21.554568
90.4	3.178724	8.083592	11.262316	21.665638
90.5	2.965599	8.296718	11.262317	21.711214
90.6	6.649634	4.612647	11.262281	21.685624
90.7	9.132249	2.130008	11.262257	21.607800
90.8	7.046030	4.216248	11.262278	21.516403
90.9	3.260409	8.001904	11.262313	21.458227
91	2.805937	8.456379	11.262316	21.473580
91.1	6.068166	5.194118	11.262284	21.583387
91.2	8.551541	2.710721	11.262262	21.782183
91.3	7.194940	4.067339	11.262279	22.039201
91.4	4.329598	6.932711	11.262308	22.307137
91.5	4.038562	7.223746	11.262308	22.535707
91.6	6.370430	4.891851	11.262281	22.685681
91.7	7.564217	3.698051	11.262267	22.739082
91.8	5.692944	5.569343	11.262287	22.702659
91.9	3.500741	7.761571	11.262312	22.603995
92	4.386091	6.876214	11.262305	22.481979
92.1	7.357226	3.905049	11.262275	22.375000
92.2	8.277665	2.984599	11.262265	22.310670
92.3	5.728952	5.533337	11.262289	22.300075
92.4	3.139756	8.122559	11.262314	22.337772
92.5	4.028085	7.234220	11.262305	22.406839
92.6	7.009250	4.253023	11.262273	22.486622
92.7	7.707852	3.554413	11.262265	22.560291
92.8	5.002252	6.260040	11.262293	22.619622
92.9	2.758226	8.504092	11.262317	22.665771
93	4.408948	6.853355	11.262303	22.706270
93.1	7.907564	3.354704	11.262268	22.749868
93.2	8.335130	2.927132	11.262261	22.801397
93.3	4.795886	6.466408	11.262294	22.858667
93.4	1.961752	9.300571	11.262323	22.912448
93.5	3.801048	7.461259	11.262306	22.949384
93.6	7.984176	3.278090	11.262266	22.956622
93.7	8.864716	2.397541	11.262257	22.926388
93.8	5.202468	6.059825	11.262293	22.858890
93.9	2.011342	9.250983	11.262325	22.762587
94	3.757691	7.504618	11.262308	22.651879
94.1	8.117406	3.144859	11.262265	22.543093
94.2	9.019975	2.242280	11.262255	22.450161
94.3	5.039521	6.222772	11.262293	22.381321
94.4	1.604150	9.658179	11.262329	22.337694
94.5	3.705286	7.557026	11.262312	22.313914
94.6	8.885340	2.376922	11.262263	22.300298
94.7	10.251624	1.010624	11.262248	22.285689
94.8	5.745522	5.516767	11.262289	22.260080
94.9	1.150555	10.111777	11.262332	22.216395
95	2.523625	8.738694	11.262319	22.151228
95.1	8.064669	3.197598	11.262267	22.064738
95.2	10.432579	0.829666	11.262245	21.960062
95.3	6.542952	4.719330	11.262283	21.842619
95.4	1.709253	9.553076	11.262330	21.719487
95.5	2.493203	8.769119	11.262322	21.598831
95.6	7.841121	3.421150	11.262270	21.489258
95.7	10.464225	0.798018	11.262244	21.398945
95.8	6.655233	4.607046	11.262279	21.334573
95.9	1.342714	9.919614	11.262329	21.300233
96	1.558327	9.704000	11.262327	21.296597
96.1	7.063453	4.198823	11.262276	21.320605
96.2	10.677715	0.584529	11.262244	21.365805
96.3	7.807106	3.455166	11.262272	21.423222
96.4	2.398008	8.864314	11.262322	21.482545
96.5	1.489074	9.773254	11.262327	21.533308
96.6	5.858128	5.404155	11.262283	21.565894
96.7	9.288893	1.973357	11.262250	21.572355
96.8	7.166381	4.095891	11.262272	21.547179
96.9	2.621048	8.641270	11.262318	21.488211
97	2.046862	9.215462	11.262324	21.397712
97.1	6.315562	4.946721	11.262283	21.283351
97.2	9.653739	1.608512	11.262251	21.158588
97.3	7.541483	3.720788	11.262271	21.041871
97.4	2.793569	8.468747	11.262315	20.954206
97.5	1.673775	9.588549	11.262325	20.915214
97.6	5.492665	5.769622	11.262288	20.938363
97.7	9.056509	2.205746	11.262255	21.026660
97.8	7.808368	3.453902	11.262270	21.170295
97.9	3.800983	7.461327	11.262310	21.347399
98	2.582721	8.679599	11.262320	21.528302
98.1	5.589403	5.672885	11.262288	21.682531
98.2	8.472303	2.789957	11.262261	21.786787
98.3	7.320427	3.941847	11.262274	21.831534
98.4	3.965525	7.296783	11.262308	21.824014
98.5	3.195076	8.067239	11.262315	21.786450
98.6	6.040044	5.222243	11.262287	21.749644
98.7	8.503118	2.759145	11.262263	21.743737
98.8	7.254482	4.007794	11.262277	21.788948
98.9	4.173802	7.088505	11.262307	21.889283
99	3.515464	7.746847	11.262311	22.031363
99.1	5.920442	5.341843	11.262285	22.188916
99.2	7.735672	3.526595	11.262267	22.331535
99.3	6.398412	4.863870	11.262282	22.434829
99.4	4.075783	7.186526	11.262309	22.488504
99.5	4.391760	6.870547	11.262306	22.499525
99.6	7.029284	4.232995	11.262278	22.489152
99.7	8.056781	3.205483	11.262265	22.484775
99.8	5.624539	5.637748	11.262287	22.509356
99.9	2.871508	8.390807	11.262315	22.572231
100	3.682289	7.580019	11.262308	22.664685
100.1	7.123992	4.138283	11.262275	22.762121
100.2	8.520453	2.741808	11.262261	22.832344
100.3	5.909544	5.352742	11.262287	22.847269
100.4	2.891555	8.370762	11.262317	22.794015
100.5	3.689887	7.572422	11.262309	22.681368
100.6	7.168807	4.093466	11.262273	22.539087
100.7	8.274905	2.987354	11.262259	22.409882
100.8	5.137753	6.124536	11.262289	22.336470
100.9	1.959136	9.303186	11.262322	22.347868
101	3.381234	7.881078	11.262312	22.449496
101.1	7.899195	3.363075	11.262270	22.620470
101.2	9.571685	1.690567	11.262252	22.819116
101.3	6.029898	5.232387	11.262285	22.995007
101.4	1.891269	9.371056	11.262324	23.103647
101.5	2.664811	8.597506	11.262317	23.119042
101.6	7.257354	4.004918	11.262272	23.040183
101.7	9.374528	1.887723	11.262251	22.889526
101.8	6.105092	5.157191	11.262284	22.704311
101.9	2.011515	9.250811	11.262325	22.523897
102	2.962173	8.300145	11.262319	22.377569
102.1	7.969557	3.292713	11.262271	22.276863
102.2	10.280030	0.982216	11.262246	22.214761
102.3	6.504495	4.757786	11.262280	22.171530
102.4	1.458415	9.803914	11.262329	22.124624
102.5	1.917887	9.344439	11.262326	22.058713
102.6	7.490444	3.771831	11.262275	21.971983
102.7	10.940362	0.321881	11.262242	21.876415
102.8	7.732825	3.529448	11.262272	21.792077
102.9	2.088972	9.173353	11.262325	21.737827
103	1.393869	9.868461	11.262330	21.722163
103.1	6.395574	4.866707	11.262282	21.737990
103.2	10.298533	0.963712	11.262245	21.763567
103.3	7.916879	3.345390	11.262269	21.769587
103.4	2.571151	8.691169	11.262320	21.729943
103.5	1.520898	9.741432	11.262330	21.632262
103.6	6.170790	5.091495	11.262285	21.484190
103.7	10.233837	1.028410	11.262246	21.312839
103.8	8.223633	3.038632	11.262265	21.157219
103.9	2.777708	8.484608	11.262316	21.056008
104	1.039542	10.222789	11.262331	21.034781
104.1	5.116623	6.145668	11.262291	21.097096
104.2	9.447066	1.815185	11.262251	21.222633
104.3	8.400030	2.862234	11.262264	21.373141
104.4	3.698464	7.563846	11.262310	21.504289
104.5	1.789981	9.472346	11.262326	21.579449
104.6	5.030978	6.231314	11.262293	21.580789
104.7	8.708513	2.553743	11.262256	21.514000
104.8	7.695258	3.567008	11.262266	21.405169
104.9	3.445888	7.816421	11.262309	21.291077
105	1.866767	9.395558	11.262325	21.206387
105.1	5.196054	6.066239	11.262293	21.172250
105.2	9.034706	2.227552	11.262258	21.190223
105.3	8.391096	2.871169	11.262265	21.243482
105.4	4.329484	6.932820	11.262304	21.304677
105.5	2.284453	8.977868	11.262321	21.347444
105.6	4.650314	6.611981	11.262295	21.357328
105.7	7.844385	3.417879	11.262264	21.338119
105.8	7.547212	3.715059	11.262271	21.311285
105.9	4.589987	6.672316	11.262303	21.308644
106	3.449771	7.812544	11.262315	21.360820
106.1	5.800243	5.462047	11.262290	21.485540
106.2	8.260315	3.001950	11.262265	21.679869
106.3	7.310970	3.951305	11.262275	21.919173
106.4	4.274080	6.988225	11.262305	22.163288
106.5	3.368689	7.893624	11.262313	22.367938
106.6	5.737529	5.524759	11.262288	22.497736
106.7	7.933990	3.328276	11.262266	22.536580
106.8	6.910553	4.351725	11.262278	22.492205
106.9	4.324560	6.937747	11.262306	22.393568
107	4.038416	7.223893	11.262309	22.282091
107.1	6.455018	4.807265	11.262283	22.199626
107.2	7.879613	3.382652	11.262265	22.176951
107.3	5.916489	5.345794	11.262284	22.226162
107.4	3.164971	8.097343	11.262313	22.338940
107.5	3.712107	7.550204	11.262311	22.490714
107.6	7.184838	4.077439	11.262277	22.648937
107.7	8.895931	2.366327	11.262258	22.782615
107.8	6.246695	5.015587	11.262282	22.870163
107.9	2.565906	8.696412	11.262317	22.903510
108	2.776869	8.485446	11.262315	22.887810
108.1	6.615131	4.647148	11.262278	22.837549
108.2	8.827285	2.434971	11.262256	22.770858
108.3	6.336917	4.925363	11.262280	22.704079
108.4	2.588235	8.674083	11.262318	22.648228
108.5	2.895523	8.366794	11.262317	22.608029
108.6	7.015792	4.246485	11.262276	22.583217
108.7	9.261732	2.000520	11.262252	22.571052
108.8	6.277539	4.984740	11.262279	22.568777
108.9	1.888096	9.374227	11.262322	22.575018
109	2.127587	9.134736	11.262322	22.589734
109.1	6.974093	4.288185	11.262278	22.613000
109.2	10.120297	1.141950	11.262248	22.643360
109.3	7.374841	3.887432	11.262274	22.676594
109.4	2.410663	8.851658	11.262321	22.705503
109.5	1.914613	9.347713	11.262326	22.720867
109.6	6.536240	4.726041	11.262281	22.713267
109.7	9.928170	1.334077	11.262247	22.675183
109.8	7.344299	3.917972	11.262271	22.602720
109.9	2.212271	9.050051	11.262322	22.496532
110	1.641117	9.621213	11.262330	22.361802
110.1	6.765902	4.496382	11.262283	22.207415
110.2	10.987176	0.275068	11.262243	22.044647
110.3	8.664354	2.597910	11.262264	21.885657
110.4	2.694382	8.567937	11.262318	21.742014
110.5	0.765412	10.496923	11.262335	21.623351
110.6	5.221030	6.041262	11.262292	21.536188
110.7	10.048550	1.213697	11.262247	21.483008
110.8	8.952903	2.309357	11.262260	21.461759
110.9	3.655309	7.607002	11.262311	21.466000
111	1.379281	9.883051	11.262332	21.485852
111.1	5.075626	6.186670	11.262295	21.509753
111.2	9.578495	1.683757	11.262251	21.526719
111.3	8.715554	2.546706	11.262260	21.528567
111.4	3.632755	7.629553	11.262308	21.511495
111.5	1.148406	10.113925	11.262331	21.476489
111.6	4.532157	6.730141	11.262299	21.428432
111.7	9.207073	2.055182	11.262255	21.374207
111.8	9.008937	2.253321	11.262258	21.320488
111.9	4.381381	6.880922	11.262302	21.272045
112	1.534051	9.728277	11.262327	21.231194
112.1	3.994394	7.267907	11.262301	21.198563
112.2	8.094866	3.167396	11.262261	21.174740
112.3	8.252241	3.010021	11.262262	21.161919
112.4	4.548414	6.713887	11.262300	21.164582
112.5	2.323672	8.938650	11.262322	21.188544
112.6	4.665118	6.597181	11.262298	21.238411
112.7	8.253028	3.009235	11.262263	21.314275
112.8	8.098503	3.163761	11.262264	21.409026
112.9	4.427444	6.834856	11.262300	21.507732
113	2.259806	9.002515	11.262321	21.589995
113.1	4.479757	6.782542	11.262299	21.635145
113.2	8.026271	3.235994	11.262266	21.628981
113.3	8.256307	3.005960	11.262266	21.569926
113.4	5.228620	6.033677	11.262298	21.472240
113.5	3.297451	7.964864	11.262315	21.364658
113.6	4.910338	6.351958	11.262296	21.284175
113.7	7.408551	3.853718	11.262269	21.266341
113.8	7.097410	4.164863	11.262274	21.334824
113.9	4.571717	6.690584	11.262302	21.493539
114	3.729368	7.532944	11.262312	21.724067
114.1	6.029676	5.232613	11.262289	21.989609
114.2	8.298860	2.963405	11.262266	22.244604
114.3	7.249625	4.012651	11.262276	22.447252
114.4	4.247194	7.015111	11.262305	22.571099
114.5	3.448355	7.813958	11.262313	22.611972
114.6	5.882609	5.379678	11.262287	22.588016
114.7	7.928356	3.333908	11.262264	22.532777
114.8	6.486605	4.775673	11.262279	22.483617
114.9	3.553546	7.708765	11.262310	22.469317
115	3.528946	7.733368	11.262314	22.501044
115.1	6.847532	4.414750	11.262282	22.569701
115.2	8.997369	2.264889	11.262258	22.650512
115.3	6.669576	4.592701	11.262277	22.713149
115.4	2.627027	8.635288	11.262316	22.733772
115.5	2.254311	9.008009	11.262320	22.704640
115.6	6.197263	5.065020	11.262283	22.637780
115.7	9.239358	2.022896	11.262254	22.561301
115.8	7.265817	3.996455	11.262273	22.509524
115.9	2.941292	8.321023	11.262315	22.510377
116	2.182891	9.079432	11.262323	22.574536
116.1	6.048289	5.213995	11.262284	22.690262
116.2	9.164207	2.098046	11.262252	22.825975
116.3	7.059330	4.202942	11.262272	22.939881
116.4	2.465008	8.797310	11.262317	22.993503
116.5	1.782629	9.479697	11.262327	22.964534
116.6	6.295337	4.966948	11.262285	22.854607
116.7	10.135554	1.126693	11.262248	22.689254
116.8	8.060330	3.201935	11.262266	22.510033
116.9	2.655679	8.606638	11.262317	22.361419
117	1.072717	10.189615	11.262332	22.276877
117.1	5.472875	5.789416	11.262291	22.268741
117.2	10.040815	1.221432	11.262248	22.325166
117.3	8.730878	2.531383	11.262261	22.414982
117.4	3.399214	7.863099	11.262313	22.498512
117.5	1.319553	9.942780	11.262333	22.540508
117.6	5.356615	5.905680	11.262294	22.520713
117.7	10.049224	1.213024	11.262248	22.438610
117.8	8.954368	2.307890	11.262258	22.311076
117.9	3.395437	7.866873	11.262310	22.164265
118	0.791650	10.470686	11.262336	22.023040
118.1	4.745687	6.516613	11.262300	21.902043
118.2	10.177482	1.084768	11.262250	21.801694
118.3	10.032379	1.229873	11.262252	21.710441
118.4	4.581155	6.681147	11.262303	21.612150
118.5	0.933674	10.328661	11.262334	21.495502
118.6	3.565365	7.696941	11.262306	21.361518
118.7	8.584808	2.677450	11.262258	21.225997
118.8	9.220663	2.041591	11.262254	21.115599
118.9	4.901968	6.360330	11.262298	21.058749
119	1.740656	9.521673	11.262329	21.074594
119.1	4.062171	7.200134	11.262305	21.164142
119.2	8.614876	2.647385	11.262261	21.307083
119.3	9.151235	2.111021	11.262256	21.465881
119.4	4.922740	6.339556	11.262296	21.596128
119.5	1.558630	9.703696	11.262326	21.659900
119.6	3.373654	7.888653	11.262307	21.637681
119.7	7.692742	3.569524	11.262266	21.534779
119.8	8.720301	2.541958	11.262259	21.379975
119.9	5.394488	5.867805	11.262293	21.216748
120	2.523345	8.738975	11.262321	21.089916
120.1	3.977183	7.285121	11.262304	21.032089
120.2	7.490763	3.771505	11.262268	21.054337
120.3	8.058873	3.203390	11.262263	21.144031
120.4	4.944721	6.317574	11.262295	21.270349
120.5	2.572614	8.689705	11.262319	21.395377
120.6	4.284584	6.977718	11.262302	21.486910
120.7	7.760606	3.501663	11.262269	21.528614
120.8	8.341191	2.921074	11.262265	21.524262
120.9	5.441669	5.820625	11.262294	21.494872
121	3.157333	8.104983	11.262315	21.470056
121.1	4.454189	6.808111	11.262300	21.476824
121.2	7.203133	4.059138	11.262271	21.529839
121.3	7.459972	3.802299	11.262271	21.626464
121.4	5.114316	6.147981	11.262298	21.748200
121.5	3.863886	7.398426	11.262312	21.867795
121.6	5.703927	5.558366	11.262293	21.959398
121.7	7.947624	3.314643	11.262267	22.008127
121.8	7.114153	4.148121	11.262274	22.015726
121.9	4.114507	7.147797	11.262304	22.000393
122	3.178862	8.083453	11.262315	21.990914
122.1	5.850887	5.411403	11.262290	22.017122
122.2	8.572223	2.690040	11.262263	22.099883
122.3	7.515294	3.746978	11.262272	22.243872
122.4	4.031037	7.231270	11.262307	22.435381
122.5	2.930299	8.332018	11.262318	22.645721
122.6	5.760302	5.501987	11.262289	22.838990
122.7	8.471341	2.790919	11.262260	22.981698
122.8	6.992619	4.269654	11.262272	23.051356
122.9	3.115242	8.147069	11.262311	23.041624
123	2.299031	8.963291	11.262323	22.962880
123.1	6.096170	5.166118	11.262288	22.838479
123.2	9.642374	1.619879	11.262253	22.698199
123.3	8.032896	3.229370	11.262266	22.570953
123.4	3.114497	8.147814	11.262311	22.478785
123.5	1.267891	9.994438	11.262328	22.433428
123.6	4.885958	6.376335	11.262294	22.435819
123.7	9.060165	2.202088	11.262253	22.478039
123.8	8.157713	3.104549	11.262263	22.546639
123.9	3.493384	7.768925	11.262309	22.626194
124	1.594969	9.667361	11.262329	22.702220
124.1	5.265387	5.996908	11.262294	22.763023
124.2	9.597108	1.665143	11.262251	22.800535
124.3	8.544485	2.717774	11.262259	22.810403
124.4	3.262595	7.999714	11.262309	22.791709
124.5	0.788340	10.473994	11.262334	22.746518
124.6	4.618995	6.643304	11.262300	22.679340
124.7	9.860702	1.401548	11.262251	22.596444
124.8	9.644446	1.617807	11.262253	22.504999
124.9	4.309522	6.952782	11.262304	22.412077
125	0.986898	10.275437	11.262335	22.323708
125.1	4.065406	7.196899	11.262305	22.244191
125.2	9.329419	1.932836	11.262254	22.175814
125.3	9.658669	1.603582	11.262251	22.118993
125.4	4.620671	6.641629	11.262300	22.072664
125.5	1.045964	10.216371	11.262335	22.034669
125.6	3.828388	7.433921	11.262309	22.001945
125.7	9.337492	1.924765	11.262257	21.970469
125.8	10.271320	0.990928	11.262248	21.935158
125.9	5.388747	5.873547	11.262294	21.890036
126	1.092961	10.169372	11.262333	21.829006
126.1	2.872599	8.389715	11.262314	21.747281
126.2	8.142112	3.120153	11.262265	21.643236
126.3	9.917977	1.344273	11.262250	21.520077
126.4	6.139164	5.123124	11.262288	21.386583
126.5	2.107733	9.154592	11.262325	21.256335
126.6	3.093342	8.168971	11.262313	21.145277
126.7	7.346826	3.915443	11.262270	21.068083
126.8	8.827038	2.435217	11.262256	21.034316
126.9	5.573207	5.689082	11.262289	21.045621
127	2.218552	9.043771	11.262322	21.095004
127.1	3.457421	7.804889	11.262310	21.168613
127.2	7.620066	3.642204	11.262270	21.249585
127.3	9.069114	2.193143	11.262257	21.322772
127.4	5.906794	5.355494	11.262287	21.378721
127.5	2.402214	8.860105	11.262319	21.415529
127.6	3.048532	8.213778	11.262310	21.437856
127.7	6.591613	4.670661	11.262275	21.453507
127.8	8.080645	3.181618	11.262262	21.468892
127.9	5.779342	5.482947	11.262288	21.485269
128	3.304799	7.957515	11.262315	21.497424
128.1	4.299844	6.962460	11.262304	21.495608
128.2	7.315056	3.947217	11.262273	21.470258
128.3	8.000532	3.261734	11.262265	21.417801
128.4	5.323277	5.939015	11.262292	21.345198
128.5	3.001862	8.260453	11.262315	21.271063
128.6	4.241865	7.020437	11.262302	21.222268
128.7	7.276617	3.985655	11.262273	21.226561
128.8	7.949677	3.312591	11.262268	21.303339
128.9	5.577110	5.685184	11.262294	21.455663
129	3.771105	7.491208	11.262313	21.666558
129.1	5.148361	6.113936	11.262297	21.901446
129.2	7.552687	3.709583	11.262270	22.116583
129.3	7.230378	4.031893	11.262271	22.271274
129.4	4.412181	6.850120	11.262301	22.340165
129.5	3.193820	8.068496	11.262316	22.321572
129.6	5.674176	5.588117	11.262293	22.238907
129.7	8.664940	2.597323	11.262263	22.134361
129.8	7.918748	3.343520	11.262268	22.056548
129.9	4.181978	7.080326	11.262304	22.045881
130	2.460315	8.802006	11.262321	22.122303
130.1	5.173667	6.088628	11.262295	22.279348
130.2	8.622368	2.639892	11.262260	22.486464
130.3	7.930120	3.332145	11.262265	22.698844
130.4	3.869306	7.392999	11.262305	22.871524
130.5	2.028455	9.233870	11.262325	22.973077
130.6	5.153826	6.108469	11.262296	22.994416
130.7	9.124737	2.137519	11.262256	22.949937
130.8	8.371886	2.890374	11.262261	22.870821
130.9	3.588156	7.674150	11.262306	22.793055
131	1.093593	10.168737	11.262331	22.744476
131.1	4.389433	6.872868	11.262301	22.735415
131.2	9.258473	2.003782	11.262255	22.756163
131.3	9.255953	2.006302	11.262255	22.782021
131.4	4.369131	6.893170	11.262301	22.783948
131.5	1.110787	10.151544	11.262332	22.740848
131.6	3.772001	7.490305	11.262305	22.648916
131.7	8.616316	2.645942	11.262257	22.524560
131.8	8.956768	2.305486	11.262254	22.399727
131.9	4.308108	6.954192	11.262300	22.311169
132	1.146680	10.115653	11.262333	22.287428
132.1	4.108018	7.154289	11.262307	22.338142
132.2	9.513158	1.749097	11.262256	22.449506
132.3	10.132173	1.130075	11.262248	22.587582
132.4	4.918886	6.343410	11.262296	22.708414
132.5	0.589471	10.672865	11.262336	22.771528
132.6	2.785879	8.476436	11.262315	22.752257
132.7	8.595784	2.666478	11.262261	22.648764
132.8	10.443778	0.818468	11.262246	22.481543
132.9	6.135961	5.126327	11.262288	22.285788
133	1.631898	9.630433	11.262331	22.099479
133.1	2.945115	8.317202	11.262317	21.951416
133.2	8.135588	3.126679	11.262266	21.853292
133.3	10.079740	1.182508	11.262248	21.798305
133.4	6.124562	5.137724	11.262285	21.766403
133.5	1.587581	9.674747	11.262329	21.733829
133.6	2.530025	8.732294	11.262319	21.683205
133.7	7.664147	3.598124	11.262271	21.610301
133.8	10.207695	1.054554	11.262249	21.525027
133.9	6.972258	4.290022	11.262280	21.446447
134	2.406196	8.856126	11.262322	21.393895
134.1	2.407161	8.855158	11.262319	21.377795
134.2	6.514139	4.748138	11.262277	21.393897
134.3	8.914645	2.347610	11.262255	21.423379
134.4	6.507723	4.754558	11.262281	21.439037
134.5	2.897278	8.365040	11.262317	21.415462
134.6	3.142390	8.119924	11.262314	21.339509
134.7	6.779408	4.482869	11.262277	21.217105
134.8	8.664030	2.598228	11.262258	21.073631
134.9	6.187382	5.074901	11.262283	20.947345
135	2.787299	8.475017	11.262316	20.877784
135.1	3.078317	8.183995	11.262312	20.892913
135.2	6.531284	4.730994	11.262278	20.999344
135.3	8.385790	2.876471	11.262261	21.178991
135.4	6.288635	4.973649	11.262284	21.393442
135.5	3.362248	7.900065	11.262313	21.594722
135.6	3.642179	7.620129	11.262308	21.739062
135.7	6.476341	4.785937	11.262278	21.799288
135.8	7.680855	3.581411	11.262266	21.771968
135.9	5.598491	5.663798	11.262289	21.677230
136	3.402456	7.859857	11.262313	21.551576
136.1	4.465279	6.797024	11.262304	21.436270
136.2	7.466423	3.795851	11.262274	21.365160
136.3	8.220414	3.041852	11.262266	21.355799
136.4	5.625844	5.636447	11.262291	21.406421
136.5	3.267933	7.994382	11.262314	21.499279
136.6	4.364870	6.897433	11.262302	21.608730
136.7	7.219381	4.042891	11.262272	21.710986
136.8	7.674406	3.587862	11.262268	21.792145
136.9	5.122593	6.139703	11.262296	21.851910
137	3.457560	7.804756	11.262316	21.902063
137.1	5.449752	5.812545	11.262297	21.960603
137.2	8.501512	2.760753	11.262265	22.043884
137.3	8.063103	3.199162	11.262265	22.159626
137.4	4.190934	7.071367	11.262301	22.303206
137.5	1.932878	9.329446	11.262324	22.458393
137.6	4.557387	6.704914	11.262301	22.602107
137.7	8.811861	2.450400	11.262261	22.711507
137.8	9.036894	2.225364	11.262258	22.770998
137.9	4.844322	6.417976	11.262298	22.776945
138	1.828564	9.433763	11.262327	22.738724
138.1	4.050882	7.211423	11.262305	22.675983
138.2	8.418187	2.844074	11.262261	22.613126
138.3	8.792162	2.470094	11.262256	22.572795
138.4	4.434036	6.828262	11.262298	22.570206
138.5	1.224263	10.038067	11.262330	22.609791
138.6	3.742309	7.519999	11.262308	22.684764
138.7	8.862489	2.399770	11.262260	22.779391
138.8	9.745157	1.517092	11.262250	22.873085
138.9	5.053193	6.209101	11.262293	22.945144
139	0.920548	10.341785	11.262332	22.979029
139.1	2.818328	8.443986	11.262314	22.965377
139.2	8.183213	3.079050	11.262263	22.903385
139.3	9.818506	1.443742	11.262248	22.800551
139.4	5.580258	5.682032	11.262289	22.671022
139.5	1.281170	9.981162	11.262331	22.532939
139.6	2.828967	8.433350	11.262317	22.405229
139.7	8.192039	3.070226	11.262265	22.304324
139.8	10.096633	1.165613	11.262246	22.241338
139.9	5.875749	5.386537	11.262286	22.220181
140	1.165718	10.096614	11.262332	22.237029
140.1	2.391145	8.871177	11.262321	22.281289
140.2	8.109003	3.153266	11.262269	22.337918
140.3	10.863006	0.399237	11.262243	22.390571
140.4	7.081319	4.180960	11.262279	22.424806
140.5	1.770486	9.491841	11.262328	22.430552
140.6	1.797593	9.464732	11.262325	22.403226
140.7	6.840995	4.421281	11.262276	22.343368
140.8	10.055881	1.206366	11.262247	22.255098
140.9	7.337894	3.924382	11.262276	22.144143
141	2.648741	8.613581	11.262322	22.016240
141.1	2.433064	8.829259	11.262323	21.876526
141.2	6.898392	4.363887	11.262279	21.730052
141.3	9.904933	1.357317	11.262250	21.582966
141.4	7.363257	3.899018	11.262274	21.443566
141.5	2.656659	8.605659	11.262318	21.322351
141.6	1.933882	9.328440	11.262323	21.230575
141.7	5.892502	5.369782	11.262284	21.177449
141.8	9.125355	2.136900	11.262255	21.166828
141.9	7.568408	3.693865	11.262274	21.194670
142	3.742249	7.520063	11.262311	21.248496
142.1	2.913129	8.349187	11.262316	21.309530
142.2	5.829571	5.432713	11.262284	21.357260
142.3	8.030969	3.231292	11.262261	21.375218
142.4	6.323772	4.938507	11.262279	21.356103
142.5	3.204644	8.057667	11.262312	21.304441
142.6	3.198128	8.064185	11.262313	21.235603
142.7	6.444790	4.817492	11.262281	21.171244
142.8	8.526844	2.735417	11.262261	21.132484
142.9	6.640802	4.621478	11.262280	21.133067
143	3.423095	7.839216	11.262311	21.174880
143.1	3.189193	8.073118	11.262311	21.247512
143.2	5.984541	5.277741	11.262282	21.332145
143.3	7.740376	3.521889	11.262265	21.408492
143.4	6.122579	5.139705	11.262284	21.462351
143.5	3.729106	7.533204	11.262310	21.490937
143.6	4.207725	7.054581	11.262306	21.503904
143.7	6.945185	4.317092	11.262277	21.519453
143.8	7.943714	3.318552	11.262266	21.556747
143.9	5.629788	5.632501	11.262289	21.627375
144	3.251536	8.010778	11.262314	21.729130
144.1	4.321549	6.940756	11.262305	21.844725
144.2	7.513729	3.748544	11.262273	21.946426
144.3	8.372986	2.889278	11.262264	22.005416
144.4	5.606383	5.655908	11.262291	22.002837
144.5	3.065277	8.197040	11.262317	21.938598
144.6	4.405932	6.856372	11.262304	21.834511
144.7	7.808826	3.453443	11.262269	21.730083
144.8	8.348138	2.914123	11.262261	21.671770
144.9	4.967311	6.294984	11.262294	21.698831
145	2.280136	8.982187	11.262323	21.830310
145.1	4.324315	6.937991	11.262307	22.057536
145.2	8.711874	2.550390	11.262264	22.344902
145.3	9.509446	1.752808	11.262254	22.639034
145.4	5.297802	5.964490	11.262292	22.883674
145.5	1.410263	9.852065	11.262328	23.035661
145.6	2.955523	8.306790	11.262314	23.076955
145.7	7.874212	3.388054	11.262267	23.018884
145.8	9.571121	1.691130	11.262251	22.897349
145.9	5.788120	5.474168	11.262288	22.760682
146	1.723016	9.539312	11.262328	22.654246
146.1	3.005815	8.256501	11.262316	22.606854
146.2	7.956870	3.305397	11.262267	22.623378
146.3	9.734789	1.527459	11.262248	22.685696
146.4	5.640959	5.621326	11.262285	22.761243
146.5	0.980259	10.282072	11.262330	22.815872
146.6	2.064258	9.198063	11.262322	22.826345
146.7	7.663787	3.598483	11.262270	22.788069
146.8	10.499482	0.762762	11.262244	22.715544
146.9	6.907254	4.355024	11.262278	22.635624
147	1.725474	9.536853	11.262327	22.576340
147.1	1.802340	9.459985	11.262325	22.555523
147.2	6.841842	4.420434	11.262275	22.573500
147.3	9.903342	1.358904	11.262246	22.612568
147.4	6.841846	4.420430	11.262276	22.643419
147.5	1.914961	9.347364	11.262325	22.636165
147.6	1.989453	9.272873	11.262326	22.571884
147.7	7.198680	4.063597	11.262277	22.450447
147.8	10.684301	0.577944	11.262244	22.291704
147.9	7.777153	3.485118	11.262271	22.129502
148	2.259963	9.002360	11.262322	22.000593
148.1	1.330661	9.931669	11.262330	21.932291
148.2	6.077830	5.184455	11.262285	21.933221
148.3	10.186570	1.075677	11.262248	21.990339
148.4	8.423469	2.838798	11.262267	22.073226
148.5	3.426162	7.836153	11.262314	22.144066
148.6	1.882681	9.379646	11.262327	22.169790
148.7	5.543554	5.718735	11.262289	22.132164
148.8	9.180584	2.081670	11.262254	22.032465
148.9	7.906411	3.355857	11.262269	21.889358
149	3.690138	7.572172	11.262310	21.731069
149.1	2.388349	8.873974	11.262322	21.584907
149.2	5.678133	5.584156	11.262289	21.468067
149.3	8.955040	2.307218	11.262258	21.383000
149.4	7.785018	3.477252	11.262270	21.318868
149.5	3.858887	7.403420	11.262308	21.258274
149.6	2.438238	8.824081	11.262319	21.186492
149.7	5.122181	6.140109	11.262290	21.099489
149.8	7.936823	3.325440	11.262263	21.007521
149.9	7.075598	4.186677	11.262274	20.932729
150	4.082977	7.179329	11.262306	20.901452
150.1	3.393199	7.869114	11.262313	20.933968
150.2	5.959150	5.303136	11.262286	21.035442
150.3	7.993734	3.268530	11.262264	21.191525
150.4	6.447409	4.814870	11.262279	21.370483
150.5	3.375161	7.887148	11.262309	21.531495
150.6	3.048555	8.213758	11.262313	21.636552
150.7	5.951435	5.310849	11.262284	21.662118
150.8	8.129524	3.132740	11.262264	21.606706
150.9	6.750223	4.512056	11.262280	21.491834
151	3.992652	7.269657	11.262308	21.355993
151.1	3.825170	7.437139	11.262309	21.243523
151.2	6.324008	4.938273	11.262281	21.191893
151.3	7.643230	3.619035	11.262266	21.221324
151.4	5.670448	5.591838	11.262286	21.329844
151.5	3.237401	8.024913	11.262313	21.495032
151.6	4.149358	7.112949	11.262308	21.681584
151.7	7.571215	3.691060	11.262275	21.852074
151.8	8.883551	2.378709	11.262260	21.977462
151.9	6.099143	5.163143	11.262286	22.044220
152	2.875726	8.386592	11.262318	22.056265
152.1	3.632518	7.629793	11.262311	22.031616
152.2	7.353739	3.908535	11.262274	21.995370
152.3	8.820641	2.441617	11.262258	21.971538
152.4	5.844485	5.417801	11.262287	21.976387
152.5	2.510469	8.751852	11.262322	22.015135
152.6	3.660335	7.601978	11.262313	22.082570
152.7	8.016094	3.246176	11.262270	22.166838
152.8	9.601855	1.660396	11.262252	22.254724
152.9	5.887643	5.374642	11.262285	22.336478
153	1.570837	9.691490	11.262327	22.408641
153.1	2.492650	8.769670	11.262320	22.474184
153.2	7.662625	3.599647	11.262272	22.540233
153.3	10.308827	0.953419	11.262246	22.614420
153.4	6.846902	4.415377	11.262278	22.701190
153.5	1.775189	9.487136	11.262325	22.799304
153.6	1.748036	9.514289	11.262325	22.901206
153.7	6.666149	4.596128	11.262277	22.994362
153.8	9.808691	1.453555	11.262247	23.064059
153.9	6.916157	4.346118	11.262275	23.096867
154	1.977850	9.284473	11.262324	23.083885
154.1	1.836275	9.426051	11.262326	23.023056
154.2	6.851521	4.410757	11.262278	22.920112
154.3	10.295775	0.966469	11.262244	22.787999
154.4	7.399458	3.862813	11.262271	22.644891
154.5	1.867738	9.394584	11.262323	22.511126
154.6	1.010630	10.251701	11.262331	22.405530
154.7	5.976115	5.286170	11.262284	22.341787
154.8	10.216464	1.045781	11.262245	22.325547
154.9	8.247937	3.014329	11.262266	22.352952
155	2.920249	8.342068	11.262317	22.411086
155.1	1.470787	9.791544	11.262330	22.480431
155.2	5.766073	5.496215	11.262288	22.538971
155.3	9.885309	1.376939	11.262248	22.567060
155.4	8.201440	3.060825	11.262264	22.551859
155.5	2.978943	8.283372	11.262315	22.490168
155.6	1.286653	9.975679	11.262331	22.388821
155.7	5.490695	5.771598	11.262293	22.262510
155.8	10.133245	1.129005	11.262250	22.129638
155.9	9.253784	2.008476	11.262260	22.007448
156	4.205185	7.057122	11.262307	21.907888
156.1	1.607000	9.655329	11.262328	21.835423
156.2	4.482463	6.779834	11.262298	21.787331
156.3	8.557232	2.705027	11.262259	21.756163
156.4	8.364645	2.897619	11.262264	21.733274
156.5	4.559078	6.703225	11.262303	21.712006
156.6	2.627509	8.634813	11.262322	21.689309
156.7	5.174798	6.087497	11.262295	21.665252
156.8	8.505557	2.756705	11.262262	21.640802
156.9	7.941069	3.321198	11.262267	21.615027
157	4.270690	6.991613	11.262303	21.583200
157.1	2.495900	8.766419	11.262319	21.537000
157.2	4.872240	6.390055	11.262294	21.467126
157.3	7.964949	3.297315	11.262265	21.367634
157.4	7.580654	3.681617	11.262270	21.240340
157.5	4.503311	6.758991	11.262302	21.097399
157.6	3.131569	8.130745	11.262314	20.960529
157.7	5.200330	6.061961	11.262291	20.856527
157.8	7.497427	3.764840	11.262267	20.810059
157.9	6.624695	4.637581	11.262276	20.835920
158	3.891314	7.370991	11.262306	20.933410
158.1	3.386837	7.875475	11.262312	21.085025
158.2	6.045965	5.216321	11.262286	21.260325
158.3	8.205967	3.056296	11.262264	21.424111
158.4	6.760526	4.501751	11.262277	21.546464
158.5	3.618633	7.643675	11.262308	21.611382
158.6	3.098958	8.163355	11.262313	21.621079
158.7	5.873235	5.389050	11.262285	21.594379
158.8	8.019083	3.243181	11.262264	21.559616
158.9	6.580100	4.682180	11.262280	21.544416
159	3.786352	7.475959	11.262310	21.565908
159.1	3.877013	7.385298	11.262311	21.624840
159.2	6.937196	4.325084	11.262280	21.705792
159.3	8.568080	2.694180	11.262260	21.783531
159.4	6.105611	5.156671	11.262282	21.833300
159.5	2.691792	8.570525	11.262317	21.841337
159.6	3.185814	8.076502	11.262316	21.811676
159.7	7.309809	3.952468	11.262277	21.766472
159.8	9.661414	1.600840	11.262254	21.739368
159.9	6.969996	4.292282	11.262279	21.763921
160	2.752239	8.510080	11.262319	21.861012
160.1	2.715430	8.546890	11.262320	22.029749
160.2	6.926342	4.335936	11.262278	22.245348
160.3	9.529482	1.732769	11.262251	22.465165
160.4	6.699802	4.562474	11.262277	22.641283
160.5	2.084473	9.177849	11.262322	22.735657
160.6	2.073590	9.188735	11.262325	22.732821
160.7	7.052384	4.209896	11.262279	22.645779
160.8	10.561725	0.700520	11.262245	22.512904
160.9	7.812490	3.449779	11.262269	22.386629
161	2.219045	9.043275	11.262321	22.317457
161.1	1.013195	10.249136	11.262331	22.338442
161.2	5.647920	5.614367	11.262286	22.455130
161.3	9.860674	1.401572	11.262247	22.644173
161.4	8.067944	3.194322	11.262265	22.860934
161.5	2.830508	8.431808	11.262316	23.053441
161.6	1.328632	9.933699	11.262331	23.178033
161.7	5.609877	5.652412	11.262289	23.211591
161.8	9.806879	1.455369	11.262248	23.156580
161.9	8.107574	3.154689	11.262263	23.037654
162	2.693927	8.568388	11.262315	22.891479
162.1	0.873465	10.388869	11.262333	22.753641
162.2	5.232720	6.029574	11.262293	22.647313
162.3	10.093871	1.168377	11.262248	22.577492
162.4	9.070402	2.191856	11.262258	22.532432
162.5	3.570415	7.691894	11.262309	22.491253
162.6	0.860099	10.402235	11.262334	22.434497
162.7	4.369048	6.893251	11.262299	22.353434
162.8	9.263500	1.998754	11.262253	22.254539
162.9	9.082869	2.179388	11.262257	22.157481
163	4.358131	6.904173	11.262304	22.087431
163.1	1.673068	9.589262	11.262330	22.064662
163.2	4.665544	6.596756	11.262301	22.095450
163.3	9.214000	2.048257	11.262257	22.167798
163.4	9.150126	2.112131	11.262258	22.253772
163.5	4.579429	6.682872	11.262301	22.317784
163.6	1.606224	9.656104	11.262328	22.327990
163.7	4.072265	7.190039	11.262304	22.266828
163.8	8.570511	2.691751	11.262262	22.136961
163.9	9.240605	2.021654	11.262259	21.960555
164	5.563740	5.698556	11.262295	21.772130
164.1	2.670094	8.592227	11.262321	21.607488
164.2	4.160606	7.101697	11.262302	21.492555
164.3	7.459713	3.802555	11.262268	21.435943
164.4	7.785156	3.477111	11.262266	21.427629
164.5	4.854525	6.407773	11.262298	21.443999
164.6	3.023531	8.238786	11.262317	21.457220
164.7	4.979719	6.282578	11.262297	21.445475
164.8	7.988069	3.274198	11.262267	21.400393
164.9	7.827056	3.435212	11.262268	21.329120
165	4.712219	6.550080	11.262299	21.250517
165.1	2.898000	8.364316	11.262315	21.187065
165.2	4.672919	6.589377	11.262295	21.155660
165.3	7.272295	3.989974	11.262268	21.160738
165.4	6.954130	4.308143	11.262273	21.192353
165.5	4.335552	6.926750	11.262302	21.229898
165.6	3.408700	7.853613	11.262313	21.250156
165.7	5.706827	5.555463	11.262290	21.236707
165.8	7.998943	3.263322	11.262265	21.187255
165.9	6.870425	4.391850	11.262275	21.116112
166	3.705787	7.556520	11.262306	21.050783
166.1	2.901661	8.360654	11.262315	21.023638
166.2	5.689677	5.572611	11.262288	21.061373
166.3	8.286559	2.975704	11.262263	21.175732
166.4	7.126544	4.135731	11.262275	21.358561
166.5	3.905895	7.356413	11.262308	21.582854
166.6	3.255004	8.007312	11.262315	21.809510
166.7	6.169963	5.092322	11.262285	21.997712
166.8	8.472891	2.789370	11.262260	22.115770
166.9	6.679571	4.582706	11.262277	22.149234
167	3.137905	8.124409	11.262314	22.104040
167.1	3.002653	8.259666	11.262319	22.004046
167.2	6.948885	4.313397	11.262282	21.884003
167.3	9.815296	1.446957	11.262253	21.780267
167.4	7.478105	3.784167	11.262272	21.721975
167.5	2.726721	8.535596	11.262317	21.725022
167.6	1.831146	9.431180	11.262326	21.790114
167.7	6.103489	5.158797	11.262286	21.904868
167.8	9.913147	1.349102	11.262250	22.048824
167.9	8.141377	3.120889	11.262267	22.199564
168	3.151024	8.111291	11.262315	22.338169
168.1	1.706596	9.555733	11.262329	22.452715
168.2	5.809355	5.452934	11.262289	22.539278
168.3	9.854137	1.408112	11.262249	22.600735
168.4	8.147223	3.115040	11.262263	22.644128
168.5	2.733944	8.528370	11.262314	22.677612
168.6	0.841016	10.421318	11.262334	22.707843
168.7	5.186997	6.075297	11.262294	22.738383
168.8	10.184509	1.077738	11.262248	22.769293
168.9	9.277962	1.984295	11.262256	22.797789
169	3.664325	7.597984	11.262308	22.819643
169.1	0.691019	10.571316	11.262335	22.830887
169.2	4.063711	7.198589	11.262301	22.829411
169.3	9.004223	2.258030	11.262253	22.816023
169.4	8.807526	2.454730	11.262256	22.794684
169.5	3.888599	7.373705	11.262305	22.771723
169.6	1.121257	10.141076	11.262333	22.754113
169.7	4.442991	6.819311	11.262302	22.747137
169.8	9.479473	1.782780	11.262254	22.752081
169.9	9.440132	1.822121	11.262253	22.764694
170	4.283935	6.978367	11.262301	22.775138
170.1	0.792650	10.469683	11.262334	22.769757
170.2	3.509312	7.752995	11.262307	22.734496
170.3	8.758022	2.504237	11.262259	22.659186
170.4	9.676246	1.586006	11.262252	22.541447
170.5	5.343998	5.918297	11.262295	22.388903
170.6	1.773487	9.488842	11.262329	22.218748
170.7	3.677723	7.584585	11.262309	22.054424
170.8	8.265289	2.996975	11.262264	21.920124
170.9	9.265993	1.996263	11.262255	21.834583
171	5.458166	5.804127	11.262293	21.806010
171.1	2.131447	9.130878	11.262325	21.829754
171.2	3.771862	7.490447	11.262308	21.889515
171.3	8.082633	3.179634	11.262267	21.961792
171.4	9.298776	1.963481	11.262257	22.022226
171.5	5.988754	5.273536	11.262290	22.051813
171.6	2.716967	8.545352	11.262320	22.041081
171.7	3.644620	7.617688	11.262307	21.990999
171.8	7.063440	4.198832	11.262273	21.910560
171.9	8.144399	3.117865	11.262264	21.812166
172	5.695832	5.566459	11.262292	21.706693
172.1	3.498897	7.763417	11.262314	21.600172
172.2	4.695714	6.566586	11.262300	21.493323
172.3	7.365344	3.896927	11.262271	21.383985
172.4	7.441220	3.821048	11.262269	21.271262
172.5	4.633422	6.628875	11.262297	21.159416
172.6	2.883678	8.378637	11.262315	21.059526
172.7	4.749130	6.513168	11.262298	20.987750
172.8	7.724061	3.538207	11.262268	20.960402
172.9	7.727557	3.534712	11.262269	20.987435
173	4.824678	6.437620	11.262298	21.066833
173.1	3.091663	8.170652	11.262314	21.182362
173.2	4.828226	6.434069	11.262295	21.306129
173.3	7.332309	3.929959	11.262268	21.405736
173.4	6.832259	4.430014	11.262273	21.454032
173.5	3.990327	7.271976	11.262303	21.438315
173.6	3.067552	8.194763	11.262316	21.365675
173.7	5.792303	5.469988	11.262291	21.262307
173.8	8.632577	2.629685	11.262262	21.166504
173.9	7.567702	3.694569	11.262270	21.117277
174	3.834724	7.427583	11.262306	21.142166
174.1	2.462199	8.800121	11.262320	21.248265
174.2	5.359073	5.903218	11.262292	21.419592
174.3	8.537139	2.725120	11.262260	21.621864
174.4	7.554112	3.708158	11.262269	21.813250
174.5	3.783265	7.479044	11.262308	21.957595
174.6	2.668477	8.593846	11.262322	22.035663
174.7	6.113772	5.148518	11.262290	22.050587
174.8	9.538334	1.723920	11.262254	22.025644
174.9	7.996771	3.265495	11.262266	21.995133
175	3.182999	8.079313	11.262312	21.991556
175.1	1.508000	9.754330	11.262330	22.033655
175.2	5.476786	5.785508	11.262294	22.119569
175.3	10.025220	1.237031	11.262251	22.227649
175.4	9.095640	2.166619	11.262259	22.324720
175.5	3.813728	7.448581	11.262308	22.378942
175.6	1.143172	10.119161	11.262333	22.372685
175.7	4.598751	6.663549	11.262300	22.310727
175.8	9.466898	1.795354	11.262252	22.220626
175.9	9.100627	2.161628	11.262255	22.144834
176	3.913555	7.348750	11.262305	22.126992
176.1	0.904608	10.357727	11.262335	22.196979
176.2	4.237118	7.025185	11.262304	22.359810
176.3	9.538166	1.724087	11.262253	22.592290
176.4	9.681007	1.581244	11.262251	22.848730
176.5	4.349541	6.912759	11.262300	23.074010
176.6	0.521116	10.741220	11.262336	23.219788
176.7	3.182342	8.079968	11.262310	23.258604
176.8	8.723214	2.539044	11.262258	23.191358
176.9	9.831393	1.430856	11.262249	23.045899
177	5.243093	6.019201	11.262294	22.867405
177.1	1.265005	9.997326	11.262331	22.703957
177.2	3.165822	8.096489	11.262311	22.592140
177.3	8.146778	3.115484	11.262262	22.547317
177.4	9.302780	1.959471	11.262251	22.561444
177.5	5.059092	6.203201	11.262293	22.608612
177.6	1.271227	9.991104	11.262331	22.655879
177.7	3.238902	8.023411	11.262313	22.675291
177.8	8.517380	2.744884	11.262264	22.652823
177.9	10.199305	1.062944	11.262249	22.591364
178	6.137945	5.124342	11.262287	22.507131
178.1	1.696851	9.565476	11.262327	22.421367
178.2	2.511625	8.750692	11.262316	22.350806
178.3	7.144034	4.118238	11.262272	22.300665
178.4	9.347911	1.914343	11.262254	22.262847
178.5	6.542525	4.719759	11.262284	22.219920
178.6	2.968966	8.293353	11.262320	22.153227
178.7	3.593703	7.668609	11.262312	22.051856
178.8	7.376038	3.886236	11.262274	21.918893
178.9	8.979047	2.283212	11.262258	21.772372
179	6.220942	5.041344	11.262286	21.640334
179.1	2.922170	8.340147	11.262317	21.551602
179.2	3.484750	7.777560	11.262310	21.525528
179.3	6.921992	4.340284	11.262276	21.564404
179.4	8.475309	2.786953	11.262263	21.651340
179.5	6.260324	5.001963	11.262287	21.754517
179.6	3.623833	7.638479	11.262313	21.836493
179.7	4.193832	7.068472	11.262304	21.865452
179.8	6.818159	4.444116	11.262275	21.824679
179.9	7.454228	3.808040	11.262268	21.717116
180	5.097690	6.164603	11.262293	21.563634
180.1	3.218276	8.044038	11.262314	21.395766
180.2	4.703656	6.558644	11.262300	21.245540
180.3	7.596640	3.665630	11.262270	21.135899
180.4	7.778843	3.483424	11.262267	21.074886
180.5	4.844886	6.417410	11.262296	21.055325
180.6	2.794859	8.467457	11.262316	21.059742
180.7	4.452159	6.810141	11.262299	21.068502
180.8	7.450612	3.811657	11.262269	21.068033
180.9	7.535342	3.726925	11.262268	21.056183
181	4.605477	6.656822	11.262298	21.042835
181.1	2.926631	8.335686	11.262317	21.045701
181.2	5.072177	6.190119	11.262296	21.082933
181.3	8.109313	3.152951	11.262264	21.165294
181.4	7.595473	3.666794	11.262267	21.290753
181.5	3.960243	7.302060	11.262303	21.443467
181.6	2.214475	9.047847	11.262322	21.597598
181.7	5.068129	6.194168	11.262297	21.724720
181.8	8.928883	2.333377	11.262260	21.802412
181.9	8.595902	2.666360	11.262262	21.821261
182	4.436377	6.825925	11.262302	21.788045
182.1	2.079600	9.182725	11.262326	21.724156
182.2	4.766954	6.495345	11.262299	21.659792
182.3	8.779826	2.482433	11.262259	21.625730
182.4	8.439067	2.823193	11.262260	21.645104
182.5	4.029995	7.232309	11.262304	21.727496
182.6	1.679104	9.583226	11.262330	21.866804
182.7	5.022696	6.239605	11.262301	22.043240
182.8	9.935045	1.327209	11.262254	22.228603
182.9	9.783309	1.478943	11.262252	22.393263
183	4.405969	6.856332	11.262301	22.512964
183.1	0.634559	10.627777	11.262336	22.573866
183.2	3.355133	7.907177	11.262310	22.574858
183.3	8.963828	2.298430	11.262258	22.526925
183.4	10.088537	1.173711	11.262248	22.450056
183.5	5.373013	5.889281	11.262294	22.368590
183.6	1.227986	10.034347	11.262333	22.306109
183.7	3.183961	8.078352	11.262313	22.280886
183.8	8.470304	2.791958	11.262261	22.302703
183.9	9.804191	1.458056	11.262248	22.371524
184	5.261096	6.001194	11.262291	22.478157
184.1	0.901107	10.361226	11.262333	22.606705
184.2	2.612905	8.649412	11.262317	22.738246
184.3	8.180647	3.081618	11.262265	22.854932
184.4	10.247665	1.014580	11.262246	22.943573
184.5	6.148063	5.114222	11.262285	22.997841
184.6	1.385083	9.877246	11.262329	23.018551
184.7	2.182599	9.079721	11.262320	23.011982
184.8	7.226409	4.035861	11.262271	22.986771
184.9	9.635162	1.627087	11.262249	22.950402
185	6.305589	4.956693	11.262282	22.906475
185.1	1.957270	9.305055	11.262325	22.853742
185.2	2.578688	8.683630	11.262319	22.787327
185.3	7.318214	3.944059	11.262273	22.701756
185.4	9.755315	1.506935	11.262250	22.594714
185.5	6.641024	4.621256	11.262280	22.470066
185.6	2.204404	9.057918	11.262322	22.338806
185.7	2.354239	8.908081	11.262320	22.217243
185.8	6.793968	4.468310	11.262278	22.122730
185.9	9.629713	1.632540	11.262253	22.068169
186	7.360806	3.901471	11.262277	22.057172
186.1	3.331300	7.931015	11.262315	22.081659
186.2	2.895898	8.366418	11.262316	22.123044
186.3	6.219051	5.043230	11.262282	22.156931
186.4	8.457261	2.805000	11.262261	22.160035
186.5	6.655280	4.607001	11.262281	22.117167
186.6	3.651137	7.611175	11.262312	22.025972
186.7	3.828810	7.433501	11.262311	21.897760
186.8	6.936694	4.325585	11.262279	21.754070
186.9	8.580562	2.681700	11.262263	21.620022
187	6.458872	4.803412	11.262284	21.516677
187.1	3.495791	7.766521	11.262312	21.454976
187.2	3.624900	7.637408	11.262308	21.433269
187.3	6.330793	4.931486	11.262279	21.439193
187.4	7.602242	3.660025	11.262267	21.455079
187.5	5.750387	5.511901	11.262288	21.464790
187.6	3.727982	7.534329	11.262311	21.459369
187.7	4.707944	6.554358	11.262302	21.439395
187.8	7.350293	3.911980	11.262273	21.413161
187.9	7.638868	3.623399	11.262267	21.391516
188	4.749272	6.513022	11.262294	21.381510
188.1	2.511545	8.750772	11.262317	21.381612
188.2	4.154392	7.107911	11.262303	21.380705
188.3	7.631129	3.631141	11.262269	21.361685
188.4	8.259243	3.003020	11.262263	21.308628
188.5	5.196134	6.066160	11.262294	21.214941
188.6	2.699904	8.562414	11.262318	21.089253
188.7	4.240321	7.021981	11.262303	20.956335
188.8	7.593978	3.668289	11.262268	20.852006
188.9	7.895784	3.366479	11.262263	20.813105
189	4.547264	6.715033	11.262297	20.865609
189.1	2.275096	8.987227	11.262322	21.014878
189.2	4.596211	6.666091	11.262302	21.241641
189.3	8.666230	2.596032	11.262262	21.505564
189.4	8.911105	2.351153	11.262258	21.755760
189.5	4.741790	6.520507	11.262297	21.945164
189.6	1.676595	9.585733	11.262328	22.044256
189.7	3.977443	7.284864	11.262307	22.049626
189.8	8.697442	2.564819	11.262262	21.984476
189.9	9.472068	1.790186	11.262253	21.890779
190	5.168310	6.093985	11.262295	21.815610
190.1	1.605368	9.656962	11.262330	21.796140
190.2	3.746931	7.515379	11.262311	21.848254
190.3	8.828755	2.433506	11.262261	21.962552
190.4	9.911087	1.351161	11.262249	22.108945
190.5	5.287714	5.974578	11.262292	22.248146
190.6	1.020391	10.241942	11.262333	22.345963
190.7	2.937416	8.324901	11.262317	22.385397
190.8	8.719403	2.542861	11.262263	22.372324
190.9	10.807918	0.454326	11.262244	22.332836
191	6.407141	4.855143	11.262284	22.303247
191.1	1.224580	10.037751	11.262331	22.316375
191.2	1.902175	9.360148	11.262323	22.389007
191.3	7.248080	4.014191	11.262271	22.515064
191.4	9.978117	1.284129	11.262246	22.666938
191.5	6.541782	4.720499	11.262280	22.804629
191.6	1.790478	9.471849	11.262327	22.889540
191.7	2.289993	8.972330	11.262322	22.898128
191.8	7.401867	3.860406	11.262273	22.830658
191.9	10.172375	1.089870	11.262246	22.711969
192	6.749917	4.512360	11.262277	22.583920
192.1	1.581439	9.680886	11.262325	22.492041
192.2	1.439410	9.822916	11.262326	22.470858
192.3	6.405137	4.857142	11.262279	22.532798
192.4	9.897720	1.364528	11.262248	22.664266
192.5	7.530420	3.731852	11.262273	22.830059
192.6	2.792657	8.469661	11.262318	22.984435
192.7	2.092581	9.169742	11.262323	23.085015
192.8	6.112839	5.149444	11.262282	23.104902
192.9	9.153116	2.109137	11.262253	23.039202
193	7.066564	4.195711	11.262274	22.904211
193.1	2.835958	8.426358	11.262316	22.730090
193.2	2.346099	8.916222	11.262321	22.550022
193.3	6.340766	4.921517	11.262284	22.389811
193.4	9.519096	1.743159	11.262255	22.261470
193.5	7.778026	3.484247	11.262273	22.162636
193.6	3.614629	7.647683	11.262312	22.081403
193.7	2.526066	8.736253	11.262319	22.004225
193.8	5.608788	5.653500	11.262287	21.923485
193.9	8.431172	2.831090	11.262261	21.841684
194	7.339510	3.922766	11.262276	21.770636
194.1	4.279052	6.983256	11.262308	21.726074
194.2	3.696715	7.565597	11.262312	21.719923
194.3	6.223698	5.038586	11.262284	21.753397
194.4	8.021900	3.240365	11.262265	21.813840
194.5	6.435067	4.827215	11.262282	21.876812
194.6	3.766588	7.495721	11.262310	21.912969
194.7	3.893839	7.368470	11.262309	21.897468
194.8	6.671121	4.591159	11.262280	21.818606
194.9	8.128613	3.133652	11.262265	21.682601
195	6.151328	5.110957	11.262285	21.512692
195.1	3.513094	7.749218	11.262311	21.342716
195.2	3.916227	7.346079	11.262307	21.207173
195.3	6.672106	4.590171	11.262277	21.131035
195.4	7.656849	3.605417	11.262265	21.122590
195.5	5.270753	5.991536	11.262289	21.171583
195.6	2.899135	8.363180	11.262316	21.253110
195.7	4.187401	7.074904	11.262306	21.335842
195.8	7.685574	3.576697	11.262271	21.391765
195.9	8.579268	2.682992	11.262260	21.404282
196	5.371495	5.890795	11.262290	21.372191
196.1	2.207701	9.054619	11.262320	21.308546
196.2	3.341668	7.920641	11.262309	21.235154
196.3	7.230685	4.031586	11.262271	21.174819
196.4	8.546688	2.715571	11.262259	21.144068
196.5	5.530112	5.732177	11.262290	21.148710
196.6	2.520487	8.741834	11.262321	21.183473
196.7	3.960939	7.301370	11.262309	21.235495
196.8	8.053159	3.209108	11.262267	21.290161
196.9	9.018167	2.244087	11.262255	21.337086
197	5.132855	6.129435	11.262291	21.374146
197.1	1.463382	9.798946	11.262328	21.408252
197.2	3.186081	8.076233	11.262314	21.452731
197.3	8.380223	2.882043	11.262266	21.522316
197.4	10.292806	0.969442	11.262248	21.627481
197.5	6.345102	4.917183	11.262285	21.769968
197.6	1.750366	9.511962	11.262328	21.940921
197.7	2.628920	8.633400	11.262320	22.122133
197.8	7.748328	3.513942	11.262270	22.290020
197.9	10.111686	1.150561	11.262246	22.421172
198	6.413139	4.849143	11.262282	22.497973
198.1	1.616663	9.645665	11.262329	22.512899
198.2	2.335657	8.926667	11.262324	22.470495
198.3	7.832367	3.429905	11.262272	22.386678
198.4	10.833256	0.428986	11.262243	22.285595
198.5	7.216045	4.046231	11.262275	22.194781
198.6	1.603622	9.658705	11.262327	22.139622
198.7	1.292505	9.969825	11.262329	22.138227
198.8	6.587215	4.675064	11.262279	22.197717
198.9	10.450843	0.811401	11.262244	22.312680
199	7.887800	3.374469	11.262269	22.466176
199.1	2.474313	8.788008	11.262321	22.633186
199.2	1.398760	9.863568	11.262329	22.785891
199.3	5.832481	5.429804	11.262284	22.899717
199.4	9.566904	1.695345	11.262249	22.958764
199.5	7.549138	3.713131	11.262269	22.959302
199.6	2.655949	8.606368	11.262317	22.910345
199.7	1.645139	9.617188	11.262327	22.831049
199.8	5.945980	5.316306	11.262286	22.745512
199.9	9.783162	1.479088	11.262250	22.676326
200	8.027289	3.234977	11.262267	22.638693
