#time	ekin		epot		etot		chain_length
0	11.210660	1.250000	12.460660	22.500000
0.1	6.744664	5.723949	12.468613	22.782404
0.2	1.465054	11.003608	12.468661	22.962691
0.3	2.192342	10.276313	12.468654	23.012855
0.4	7.956708	4.511893	12.468601	22.937916
0.5	11.252331	1.216241	12.468572	22.774117
0.6	7.969202	4.499403	12.468605	22.577790
0.7	2.751704	9.716951	12.468655	22.408480
0.8	2.658654	9.810001	12.468655	22.311723
0.9	7.689063	4.779542	12.468606	22.306922
1	10.875455	1.593119	12.468574	22.383955
1.1	7.725786	4.742817	12.468602	22.509225
1.2	2.273595	10.195059	12.468653	22.638701
1.3	1.668964	10.799695	12.468658	22.733320
1.4	6.662423	5.806189	12.468612	22.771493
1.5	10.708910	1.759666	12.468576	22.754699
1.6	8.711492	3.757105	12.468597	22.704637
1.7	3.594699	8.873946	12.468645	22.653426
1.8	2.103667	10.364989	12.468656	22.630630
1.9	5.792889	6.675729	12.468617	22.651878
2	9.331401	3.137183	12.468584	22.713076
2.1	8.028903	4.439697	12.468600	22.792096
2.2	4.093325	8.375316	12.468641	22.857115
2.3	3.265212	9.203438	12.468650	22.878434
2.4	6.776929	5.691686	12.468615	22.839455
2.5	9.741653	2.726932	12.468585	22.742913
2.6	7.988469	4.480132	12.468601	22.610209
2.7	3.804972	8.663670	12.468641	22.474191
2.8	2.780088	9.688562	12.468651	22.368002
2.9	6.231128	6.237490	12.468618	22.313918
3	9.562782	2.905806	12.468588	22.315997
3.1	8.574159	3.894442	12.468600	22.358934
3.2	4.947045	7.521591	12.468635	22.413294
3.3	3.615970	8.852675	12.468645	22.445146
3.4	5.996370	6.472249	12.468619	22.426688
3.5	8.429464	4.039131	12.468595	22.344334
3.6	7.607728	4.860879	12.468607	22.201784
3.7	5.107776	7.360858	12.468635	22.017462
3.8	4.806688	7.661950	12.468638	21.817702
3.9	7.165700	5.302912	12.468612	21.628363
4	8.619307	3.849289	12.468595	21.467901
4.1	6.825663	5.642949	12.468612	21.344106
4.2	4.140664	8.327975	12.468639	21.255166
4.3	4.289030	8.179607	12.468637	21.194063
4.4	7.004461	5.464148	12.468609	21.154093
4.5	8.376124	4.092471	12.468595	21.133060
4.6	6.487342	5.981274	12.468616	21.134362
4.7	4.255748	8.212894	12.468642	21.164558
4.8	5.243706	7.224928	12.468634	21.228526
4.9	8.307573	4.161028	12.468601	21.324307
5	8.901094	3.567496	12.468590	21.439993
5.1	5.542024	6.926596	12.468620	21.554263
5.2	2.352054	10.116597	12.468651	21.640834
5.3	3.696230	8.772410	12.468640	21.675621
5.4	8.047061	4.421539	12.468600	21.644295
5.5	9.728178	2.740406	12.468584	21.547665
5.6	6.527313	5.941302	12.468615	21.402949
5.7	2.828807	9.639845	12.468652	21.240272
5.8	3.735375	8.733268	12.468643	21.095304
5.9	8.031277	4.437323	12.468600	21.000168
6	9.720959	2.747623	12.468582	20.975284
6.1	6.271869	6.196746	12.468615	21.024502
6.2	2.309346	10.159309	12.468655	21.134835
6.3	3.463837	9.004810	12.468647	21.280669
6.4	8.564202	3.904398	12.468600	21.431065
6.5	10.932319	1.536257	12.468576	21.557945
6.6	7.307008	5.161602	12.468609	21.642864
6.7	2.380615	10.088041	12.468656	21.680689
6.8	2.632760	9.835893	12.468653	21.679487
6.9	7.639140	4.829465	12.468604	21.657068
7	10.629754	1.838822	12.468576	21.635454
7.1	7.643952	4.824654	12.468606	21.634966
7.2	2.907763	9.560891	12.468654	21.669454
7.3	3.069908	9.398745	12.468653	21.743738
7.4	8.059986	4.408618	12.468605	21.853552
7.5	11.046876	1.421698	12.468574	21.987674
7.6	7.705520	4.763084	12.468604	22.131413
7.7	2.274037	10.194619	12.468656	22.270447
7.8	2.049480	10.419180	12.468660	22.394047
7.9	7.569843	4.898766	12.468609	22.496999
8	11.699501	0.769069	12.468570	22.579866
8.1	8.986956	3.481639	12.468595	22.647641
8.2	2.870942	9.597708	12.468650	22.707168
8.3	1.144832	11.323832	12.468664	22.764052
8.4	5.753136	6.715483	12.468619	22.819903
8.5	10.459516	2.009061	12.468577	22.870772
8.6	9.282494	3.186097	12.468592	22.907431
8.7	4.276569	8.192072	12.468641	22.917673
8.8	2.402992	10.065666	12.468658	22.890259
8.9	6.022492	6.446129	12.468621	22.819501
9	9.900824	2.567757	12.468581	22.709119
9.1	8.526540	3.942053	12.468594	22.573930
9.2	3.610945	8.857695	12.468640	22.438401
9.3	1.675847	10.792811	12.468658	22.331914
9.4	5.223748	7.244876	12.468624	22.281647
9.5	9.509268	2.959317	12.468585	22.304877
9.6	9.067718	3.400875	12.468593	22.402984
9.7	4.944038	7.524596	12.468634	22.559182
9.8	2.937301	9.531351	12.468652	22.741099
9.9	5.588478	6.880146	12.468624	22.907932
10	8.945142	3.523448	12.468590	23.020437
10.1	8.263627	4.204970	12.468597	23.051021
10.2	4.558390	7.910244	12.468635	22.990976
10.3	3.053193	9.415457	12.468650	22.852606
10.4	5.911106	6.557517	12.468623	22.665521
10.5	9.332972	3.135619	12.468591	22.468106
10.6	8.839053	3.629544	12.468597	22.296743
10.7	5.289351	7.179280	12.468631	22.176049
10.8	3.467040	9.001607	12.468646	22.113083
10.9	5.479686	6.988938	12.468623	22.097162
11	8.175989	4.292608	12.468597	22.105087
11.1	7.857920	4.610684	12.468603	22.109812
11.2	5.403720	7.064911	12.468631	22.089510
11.3	4.683524	7.785115	12.468639	22.033983
11.4	6.817156	5.651460	12.468616	21.946403
11.5	8.588830	3.879766	12.468596	21.840106
11.6	7.204687	5.263922	12.468609	21.731974
11.7	4.455548	8.013089	12.468637	21.635128
11.8	4.229673	8.238967	12.468640	21.553853
11.9	6.897343	5.571269	12.468612	21.482716
12	8.664487	3.804107	12.468594	21.410209
12.1	6.955881	5.512730	12.468611	21.325387
12.2	4.185485	8.283155	12.468640	21.224765
12.3	4.391541	8.077098	12.468639	21.116507
12.4	7.372966	5.095641	12.468608	21.019910
12.5	8.765349	3.703241	12.468591	20.959933
12.6	6.244299	6.224316	12.468614	20.958498
12.7	3.154295	9.314352	12.468647	21.025641
12.8	4.096382	8.372261	12.468642	21.153891
12.9	8.295517	4.173086	12.468602	21.318249
13	10.148045	2.320537	12.468581	21.482229
13.1	6.714184	5.754426	12.468610	21.608214
13.2	2.058879	10.409773	12.468652	21.668754
13.3	2.168406	10.300247	12.468652	21.654920
13.4	6.967904	5.500704	12.468608	21.578774
13.5	10.266338	2.202240	12.468579	21.468980
13.6	7.952646	4.515958	12.468603	21.361008
13.7	3.477931	8.990718	12.468648	21.285339
13.8	3.125070	9.343582	12.468652	21.257811
13.9	7.398161	5.070448	12.468609	21.275532
14	10.282684	2.185895	12.468578	21.319818
14.1	7.513534	4.955069	12.468603	21.365024
14.2	2.613469	9.855183	12.468651	21.389981
14.3	2.303207	10.165450	12.468657	21.387701
14.4	7.331477	5.137134	12.468611	21.369575
14.5	11.214476	1.254098	12.468574	21.362220
14.6	8.818817	3.649780	12.468597	21.397843
14.7	3.308870	9.159778	12.468649	21.501441
14.8	1.993044	10.475617	12.468660	21.679495
14.9	6.539264	5.929352	12.468616	21.914487
15	10.730963	1.737613	12.468576	22.167677
15.1	8.851283	3.617310	12.468594	22.389716
15.2	3.428501	9.040145	12.468646	22.535866
15.3	1.869757	10.598906	12.468663	22.580798
15.4	6.467448	6.001172	12.468620	22.527907
15.5	11.224448	1.244127	12.468575	22.409721
15.6	9.800619	2.667969	12.468587	22.278914
15.7	3.948512	8.520129	12.468641	22.192578
15.8	1.178993	11.289672	12.468664	22.194687
15.9	4.848498	7.620130	12.468628	22.302389
16	9.904337	2.564245	12.468582	22.500528
16.1	9.781090	2.687496	12.468586	22.746147
16.2	5.030205	7.438428	12.468633	22.981462
16.3	2.227249	10.241409	12.468658	23.151101
16.4	4.966966	7.501663	12.468629	23.218100
16.5	9.222171	3.246417	12.468587	23.173701
16.6	9.091279	3.377310	12.468589	23.038162
16.7	4.843092	7.625539	12.468631	22.852791
16.8	2.356734	10.111921	12.468655	22.666233
16.9	4.990612	7.478017	12.468629	22.519750
17	9.089506	3.379083	12.468590	22.436256
17.1	9.089521	3.379069	12.468590	22.416346
17.2	5.049409	7.419220	12.468629	22.441958
17.3	2.392163	10.076489	12.468653	22.485736
17.4	4.481607	7.987023	12.468631	22.522319
17.5	8.284319	4.184276	12.468595	22.537403
17.6	8.799219	3.669375	12.468594	22.531534
17.7	5.860691	6.607936	12.468627	22.517635
17.8	3.993509	8.475137	12.468646	22.513669
17.9	5.867597	6.601029	12.468625	22.533498
18	8.637567	3.831029	12.468595	22.579547
18.1	8.129169	4.339429	12.468599	22.640063
18.2	4.814168	7.654462	12.468631	22.691983
18.3	3.189461	9.279186	12.468647	22.708301
18.4	5.528594	6.940031	12.468625	22.667246
18.5	8.770821	3.697774	12.468596	22.559957
18.6	8.784161	3.684438	12.468599	22.393951
18.7	5.941970	6.526658	12.468628	22.191255
18.8	4.310090	8.158552	12.468642	21.981943
18.9	5.835305	6.633317	12.468622	21.795390
19	7.829971	4.638628	12.468599	21.652251
19.1	7.147860	5.320747	12.468607	21.559728
19.2	4.866495	7.602139	12.468634	21.511460
19.3	4.667867	7.800772	12.468639	21.491652
19.4	7.268547	5.200067	12.468613	21.481660
19.5	9.064576	3.404017	12.468593	21.466509
19.6	7.199305	5.269304	12.468608	21.439094
19.7	3.905171	8.563470	12.468641	21.400830
19.8	3.673547	8.795097	12.468644	21.358931
19.9	6.922786	5.545826	12.468612	21.321764
20	9.132504	3.336084	12.468588	21.294333
20.1	7.033636	5.434971	12.468607	21.275784
20.2	3.387219	9.081426	12.468645	21.259895
20.3	3.420044	9.048604	12.468648	21.238301
20.4	7.495069	4.973540	12.468609	21.205078
20.5	10.209711	2.258870	12.468581	21.160756
20.6	7.594524	4.874079	12.468603	21.114027
20.7	2.769198	9.699450	12.468648	21.080241
20.8	2.069213	10.399442	12.468656	21.076998
20.9	6.540414	5.928200	12.468614	21.118196
21	10.325327	2.143251	12.468578	21.208531
21.1	8.402033	4.066564	12.468597	21.340356
21.2	3.376117	9.092528	12.468645	21.494081
21.3	2.044595	10.424063	12.468658	21.642165
21.4	6.221473	6.247144	12.468618	21.755676
21.5	10.241241	2.227338	12.468579	21.811566
21.6	8.644254	3.824340	12.468595	21.798682
21.7	3.677331	8.791314	12.468644	21.720885
21.8	2.322672	10.145988	12.468660	21.596527
21.9	6.737674	5.730944	12.468619	21.454520
22	11.096278	1.372298	12.468575	21.328090
22.1	9.320941	3.147648	12.468589	21.247773
22.2	3.400138	9.068505	12.468643	21.235284
22.3	0.978547	11.490119	12.468666	21.299537
22.4	5.264853	7.203774	12.468627	21.435497
22.5	10.730017	1.738560	12.468578	21.625887
22.6	10.403869	2.064714	12.468583	21.845225
22.7	5.042888	7.425747	12.468635	22.065224
22.8	1.946966	10.521698	12.468663	22.260429
22.9	5.111937	7.356694	12.468631	22.412962
23	9.978807	2.489776	12.468582	22.515441
23.1	9.742485	2.726099	12.468584	22.571496
23.2	4.602314	7.866319	12.468633	22.593786
23.3	1.483661	10.985003	12.468664	22.599978
23.4	4.690844	7.777791	12.468635	22.607625
23.5	10.115289	2.353295	12.468585	22.629266
23.6	10.709678	1.758902	12.468580	22.669058
23.7	5.782624	6.686001	12.468625	22.721977
23.8	1.726389	10.742271	12.468660	22.775890
23.9	3.459318	9.009322	12.468640	22.816000
24	8.176582	4.292012	12.468594	22.830337
24.1	9.521438	2.947147	12.468585	22.814512
24.2	6.152062	6.316560	12.468622	22.774070
24.3	3.123617	9.345034	12.468651	22.723410
24.4	4.641859	7.826775	12.468635	22.681351
24.5	8.378440	4.090156	12.468596	22.664621
24.6	8.963821	3.504769	12.468590	22.681366
24.7	5.511663	6.956961	12.468624	22.727011
24.8	2.741159	9.727491	12.468650	22.784194
24.9	4.370176	8.098457	12.468633	22.827231
25	8.064866	4.403732	12.468598	22.830031
25.1	8.813253	3.655340	12.468592	22.775080
25.2	5.844239	6.624385	12.468623	22.660515
25.3	3.502417	8.966230	12.468647	22.502724
25.4	5.076148	7.392482	12.468630	22.333223
25.5	8.295285	4.173313	12.468598	22.190368
25.6	8.658756	3.809840	12.468595	22.108264
25.7	5.762513	6.706112	12.468625	22.106254
25.8	3.766743	8.701902	12.468645	22.182369
25.9	5.488564	6.980064	12.468628	22.312960
26	8.485440	3.983158	12.468598	22.458784
26.1	8.553525	3.915073	12.468597	22.575753
26.2	5.618708	6.849919	12.468627	22.627012
26.3	3.748591	8.720053	12.468644	22.592610
26.4	5.389655	7.078971	12.468626	22.473814
26.5	8.031963	4.436636	12.468599	22.290968
26.6	7.945653	4.522949	12.468602	22.075883
26.7	5.550589	6.918041	12.468630	21.861584
26.8	4.696084	7.772557	12.468641	21.672959
26.9	6.891870	5.576748	12.468618	21.521371
27	8.875196	3.593397	12.468593	21.404736
27.1	7.245356	5.223249	12.468605	21.312507
27.2	3.678535	8.790105	12.468639	21.233214
27.3	3.040023	9.428626	12.468649	21.161348
27.4	6.616601	5.852016	12.468617	21.100728
27.5	9.914904	2.553682	12.468585	21.062982
27.6	8.511857	3.956741	12.468598	21.061750
27.7	4.176541	8.292098	12.468639	21.105013
27.8	2.675726	9.792927	12.468653	21.188825
27.9	5.951270	6.517350	12.468620	21.295308
28	9.353927	3.114657	12.468585	21.396236
28.1	7.972254	4.496343	12.468597	21.461380
28.2	3.545254	8.923388	12.468641	21.468839
28.3	2.312104	10.156553	12.468657	21.413619
28.4	6.430498	6.038122	12.468620	21.311085
28.5	10.667260	1.801319	12.468578	21.193606
28.6	9.209721	3.258869	12.468589	21.101081
28.7	3.621611	8.847029	12.468640	21.068298
28.8	1.054277	11.414387	12.468664	21.113371
28.9	4.824313	7.644316	12.468628	21.231292
29	9.944230	2.524350	12.468581	21.395019
29.1	9.739951	2.728633	12.468585	21.563928
29.2	4.761496	7.707138	12.468634	21.696904
29.3	1.980614	10.488048	12.468662	21.765668
29.4	5.313171	7.155460	12.468630	21.763755
29.5	10.269926	2.198656	12.468582	21.708054
29.6	10.025922	2.442661	12.468583	21.632365
29.7	4.740793	7.727840	12.468633	21.575229
29.8	1.475682	10.992983	12.468665	21.566333
29.9	4.713615	7.755020	12.468635	21.616314
30	10.240145	2.228438	12.468583	21.713593
30.1	10.698107	1.770471	12.468578	21.829402
30.2	5.419213	7.049414	12.468627	21.929232
30.3	1.343612	11.125053	12.468665	21.986590
30.4	3.791508	8.677134	12.468641	21.994062
30.5	9.444368	3.024221	12.468589	21.967559
30.6	10.861094	1.607483	12.468577	21.941965
30.7	6.374453	6.094167	12.468621	21.959439
30.8	2.134585	10.334075	12.468660	22.054249
30.9	3.749321	8.719322	12.468644	22.239350
31	8.862370	3.606224	12.468594	22.499433
31.1	10.501661	1.966918	12.468578	22.793068
31.2	6.459933	6.008683	12.468617	23.063537
31.3	2.085629	10.383027	12.468656	23.255018
31.4	3.001473	9.467173	12.468646	23.328978
31.5	7.748236	4.720365	12.468601	23.275556
31.6	10.062351	2.406231	12.468583	23.116340
31.7	7.310328	5.158284	12.468612	22.897779
31.8	3.610205	8.858442	12.468647	22.677456
31.9	3.836640	8.632000	12.468640	22.507690
32	7.082871	5.385734	12.468605	22.421579
32.1	8.396745	4.071847	12.468592	22.425642
32.2	5.933261	6.535357	12.468618	22.500859
32.3	3.420310	9.048336	12.468646	22.611159
32.4	4.710731	7.757904	12.468635	22.716088
32.5	8.252944	4.215656	12.468600	22.783288
32.6	9.214177	3.254414	12.468590	22.796858
32.7	6.193342	6.275277	12.468619	22.759362
32.8	3.149391	9.319255	12.468646	22.687574
32.9	3.961423	8.507214	12.468636	22.604164
33	7.249557	5.219047	12.468604	22.528676
33.1	8.531033	3.937562	12.468595	22.471097
33.2	6.482189	5.986430	12.468620	22.430017
33.3	4.518838	7.949803	12.468641	22.395550
33.4	5.690977	6.777652	12.468629	22.355388
33.5	8.287815	4.180786	12.468601	22.301304
33.6	8.373599	4.094998	12.468598	22.233428
33.7	5.549561	6.919064	12.468625	22.160661
33.8	3.659893	8.808751	12.468645	22.097135
33.9	5.374592	7.094035	12.468628	22.056213
34	8.338532	4.130066	12.468598	22.044397
34.1	8.429572	4.039026	12.468598	22.057571
34.2	5.586975	6.881652	12.468627	22.081049
34.3	3.925470	8.543174	12.468645	22.093505
34.4	5.872566	6.596058	12.468625	22.073432
34.5	8.620410	3.848185	12.468595	22.005904
34.6	8.065319	4.403280	12.468599	21.887321
34.7	4.787781	7.680852	12.468633	21.726624
34.8	3.483435	8.985214	12.468649	21.542687
34.9	6.337299	6.131323	12.468622	21.358927
35	9.597049	2.871539	12.468588	21.197051
35.1	8.502075	3.966520	12.468595	21.071984
35.2	4.043131	8.425505	12.468636	20.989495
35.3	2.034232	10.434425	12.468656	20.946968
35.4	5.326402	7.142225	12.468627	20.936610
35.5	9.693918	2.774667	12.468585	20.949655
35.6	9.311876	3.156713	12.468588	20.979855
35.7	4.661152	7.807481	12.468633	21.025019
35.8	2.042940	10.425719	12.468659	21.086200
35.9	5.086879	7.381751	12.468630	21.165066
36	9.688581	2.780003	12.468584	21.260688
36.1	9.440205	3.028379	12.468585	21.367164
36.2	4.395419	8.073213	12.468632	21.473164
36.3	1.235343	11.233320	12.468663	21.563741
36.4	4.369927	8.098709	12.468636	21.623947
36.5	9.883665	2.584920	12.468585	21.643132
36.6	10.614020	1.854559	12.468579	21.618561
36.7	5.678547	6.790078	12.468625	21.557189
36.8	1.651011	10.817651	12.468662	21.474978
36.9	3.756817	8.711824	12.468641	21.393876
37	8.927858	3.540732	12.468590	21.337168
37.1	10.073425	2.395155	12.468580	21.324362
37.2	5.760312	6.708312	12.468624	21.366787
37.3	2.157501	10.311160	12.468662	21.464903
37.4	4.575087	7.893554	12.468641	21.607890
37.5	10.070009	2.398580	12.468588	21.775606
37.6	11.226731	1.241843	12.468574	21.942533
37.7	6.132051	6.336568	12.468619	22.082982
37.8	1.126919	11.341745	12.468664	22.176564
37.9	2.554346	9.914304	12.468650	22.212844
38	8.463560	4.005037	12.468597	22.194155
38.1	11.263097	1.205477	12.468574	22.135807
38.2	7.682537	4.786073	12.468610	22.063393
38.3	2.798033	9.670622	12.468655	22.007487
38.4	3.022741	9.445909	12.468650	21.996738
38.5	7.670091	4.798513	12.468604	22.050874
38.6	10.252234	2.216346	12.468580	22.175387
38.7	7.376809	5.091800	12.468609	22.359438
38.8	3.111978	9.356672	12.468650	22.577789
38.9	3.210778	9.257870	12.468647	22.796552
39	7.338851	5.129756	12.468607	22.981390
39.1	9.781406	2.687178	12.468584	23.105991
39.2	7.317942	5.150666	12.468609	23.158396
39.3	3.401999	9.066646	12.468646	23.143288
39.4	3.217786	9.250859	12.468645	23.079470
39.5	6.689439	5.779171	12.468610	22.993289
39.6	8.935730	3.532860	12.468590	22.910041
39.7	7.146808	5.321803	12.468611	22.846144
39.8	4.213733	8.254908	12.468641	22.804662
39.9	4.349370	8.119268	12.468638	22.775711
40	7.140415	5.328192	12.468607	22.741611
40.1	8.350423	4.118171	12.468594	22.685015
40.2	6.097073	6.371544	12.468617	22.597100
40.3	3.556169	8.912474	12.468643	22.482805
40.4	4.429634	8.039002	12.468636	22.361007
40.5	7.667997	4.800607	12.468605	22.259257
40.6	8.912312	3.556281	12.468593	22.204663
40.7	6.587351	5.881267	12.468617	22.213935
40.8	4.047003	8.421639	12.468642	22.286110
40.9	4.795202	7.673432	12.468633	22.400704
41	7.580151	4.888453	12.468604	22.522278
41.1	8.290539	4.178057	12.468596	22.610241
41.2	5.915256	6.553367	12.468622	22.630856
41.3	4.043469	8.425175	12.468644	22.567568
41.4	5.699012	6.769617	12.468630	22.426212
41.5	8.835077	3.633521	12.468598	22.233325
41.6	9.024384	3.444210	12.468594	22.028040
41.7	5.719873	6.748752	12.468625	21.850226
41.8	3.230188	9.238460	12.468648	21.728724
41.9	4.828416	7.640215	12.468631	21.673524
42	8.154035	4.314563	12.468597	21.674269
42.1	8.478229	3.990366	12.468594	21.705338
42.2	5.411185	7.057442	12.468627	21.735456
42.3	3.577060	8.891590	12.468650	21.738344
42.4	6.053038	6.415590	12.468627	21.700675
42.5	9.681157	2.787433	12.468589	21.624721
42.6	9.130830	3.337759	12.468589	21.525151
42.7	4.449478	8.019153	12.468631	21.421556
42.8	1.551452	10.917208	12.468660	21.329888
42.9	4.456903	8.011732	12.468635	21.256274
43	9.618834	2.849753	12.468587	21.195658
43.1	10.324003	2.144578	12.468580	21.135778
43.2	5.598743	6.869881	12.468624	21.064789
43.3	1.640063	10.828598	12.468661	20.979332
43.4	3.620326	8.848315	12.468641	20.889503
43.5	8.767497	3.701095	12.468592	20.818278
43.6	10.101814	2.366766	12.468579	20.795023
43.7	5.875864	6.592757	12.468621	20.845051
43.8	1.951728	10.516932	12.468660	20.978908
43.9	3.819873	8.648769	12.468643	21.185472
44	9.045003	3.423589	12.468592	21.431839
44.1	10.467763	2.000813	12.468576	21.670708
44.2	5.940402	6.528216	12.468619	21.853302
44.3	1.401376	11.067286	12.468662	21.943798
44.4	2.990617	9.478031	12.468648	21.930470
44.5	8.756558	3.712037	12.468595	21.829688
44.6	11.178379	1.290194	12.468573	21.681218
44.7	7.190256	5.278356	12.468612	21.536157
44.8	2.248038	10.220621	12.468659	21.441382
44.9	2.972337	9.496315	12.468651	21.425595
45	8.279507	4.189093	12.468600	21.491545
45.1	10.921145	1.547429	12.468574	21.616926
45.2	7.303440	5.165169	12.468609	21.763496
45.3	2.331320	10.137337	12.468657	21.891162
45.4	2.786902	9.681752	12.468654	21.972120
45.5	8.197158	4.271445	12.468603	22.000167
45.6	11.447975	1.020598	12.468573	21.992031
45.7	8.244972	4.223631	12.468603	21.980393
45.8	2.730267	9.738385	12.468652	22.001164
45.9	1.890219	10.578437	12.468657	22.079600
46	6.412023	6.056590	12.468613	22.220194
46.1	10.127653	2.340927	12.468580	22.403978
46.2	8.426106	4.042495	12.468601	22.594223
46.3	4.149594	8.319049	12.468644	22.748607
46.4	3.318314	9.150336	12.468650	22.833668
46.5	6.883413	5.585200	12.468613	22.836545
46.6	9.709646	2.758939	12.468585	22.769959
46.7	7.799326	4.669277	12.468603	22.668659
46.8	3.668060	8.800582	12.468642	22.578505
46.9	2.724049	9.744599	12.468648	22.541769
47	5.936958	6.531658	12.468616	22.583501
47.1	8.828784	3.639807	12.468591	22.703371
47.2	7.793513	4.675092	12.468605	22.875519
47.3	4.796303	7.672334	12.468636	23.056305
47.4	4.195448	8.273192	12.468640	23.197297
47.5	6.533659	5.934954	12.468613	23.259271
47.6	8.062702	4.405893	12.468596	23.222886
47.7	6.380164	6.088449	12.468613	23.092970
47.8	3.954405	8.514235	12.468640	22.895584
47.9	4.522533	7.946104	12.468637	22.669340
48	7.587051	4.881555	12.468607	22.454146
48.1	8.944751	3.523841	12.468592	22.281047
48.2	6.587836	5.880779	12.468614	22.166088
48.3	3.636751	8.831892	12.468643	22.109502
48.4	4.085664	8.382974	12.468638	22.099616
48.5	7.275573	5.193034	12.468607	22.119381
48.6	8.852912	3.615681	12.468593	22.152844
48.7	6.870825	5.597790	12.468616	22.189306
48.8	4.438596	8.030046	12.468642	22.224080
48.9	5.186428	7.282205	12.468634	22.256238
49	7.999198	4.469405	12.468603	22.284883
49.1	8.580745	3.887849	12.468594	22.305919
49.2	5.731267	6.737354	12.468622	22.310930
49.3	3.359552	9.109096	12.468648	22.288792
49.4	5.092519	7.376115	12.468634	22.229406
49.5	8.913208	3.555388	12.468597	22.128064
49.6	9.594538	2.874049	12.468588	21.988621
49.7	5.914961	6.553661	12.468622	21.824086
49.8	2.648060	9.820593	12.468653	21.654175
49.9	4.215979	8.252659	12.468638	21.500500
50	8.520756	3.947840	12.468596	21.380939
50.1	9.615483	2.853101	12.468584	21.304997
50.2	5.862927	6.605694	12.468621	21.271663
50.3	2.409869	10.058787	12.468657	21.270365
50.4	4.279115	8.189526	12.468641	21.284618
50.5	9.302678	3.165915	12.468593	21.297094
50.6	10.714775	1.753802	12.468577	21.294488
50.7	6.233818	6.234798	12.468616	21.270718
50.8	1.398039	11.070621	12.468660	21.227677
50.9	2.394485	10.074165	12.468650	21.173606
51	7.830580	4.638019	12.468599	21.119867
51.1	10.549598	1.918977	12.468575	21.077357
51.2	7.167022	5.301588	12.468610	21.053688
51.3	2.532098	9.936558	12.468656	21.051897
51.4	3.084832	9.383819	12.468651	21.070819
51.5	8.080988	4.387614	12.468601	21.106691
51.6	10.589702	1.878873	12.468575	21.155230
51.7	6.954441	5.514167	12.468608	21.213391
51.8	1.891304	10.577353	12.468657	21.280242
51.9	2.235712	10.232943	12.468655	21.356751
52	7.713948	4.754657	12.468605	21.444673
52.1	11.210176	1.258397	12.468573	21.544947
52.2	8.228021	4.240581	12.468602	21.656135
52.3	2.848001	9.620652	12.468653	21.773364
52.4	2.208968	10.259690	12.468657	21.888094
52.5	6.986760	5.481851	12.468611	21.988895
52.6	10.650040	1.818537	12.468576	22.063196
52.7	8.361129	4.107471	12.468600	22.099832
52.8	3.434727	9.033921	12.468649	22.091986
52.9	2.713089	9.755567	12.468656	22.039951
53	7.241340	5.227272	12.468612	21.952966
53.1	10.869915	1.598662	12.468577	21.849383
53.2	8.584938	3.883660	12.468597	21.754649
53.3	3.266341	9.202306	12.468646	21.697029
53.4	1.833595	10.635064	12.468659	21.701657
53.5	6.072018	6.396601	12.468619	21.784166
53.6	10.413188	2.055392	12.468581	21.945562
53.7	9.406174	3.062419	12.468593	22.170037
53.8	4.717584	7.751053	12.468637	22.426812
53.9	2.519125	9.949528	12.468654	22.676131
54	5.208778	7.259846	12.468624	22.878235
54.1	8.668817	3.799774	12.468591	23.003118
54.2	8.283910	4.184689	12.468599	23.038339
54.3	5.105948	7.362685	12.468633	22.992465
54.4	3.907054	8.561591	12.468645	22.892873
54.5	6.310898	6.157721	12.468619	22.778217
54.6	8.693524	3.775069	12.468593	22.687585
54.7	7.497121	4.971483	12.468604	22.649477
54.8	4.256138	8.212498	12.468636	22.673926
54.9	3.347960	9.120683	12.468643	22.750238
55	5.844791	6.623827	12.468617	22.851063
55.1	8.164118	4.304478	12.468595	22.941524
55.2	7.248057	5.220551	12.468608	22.990450
55.3	4.806643	7.661993	12.468635	22.980074
55.4	4.666658	7.801980	12.468638	22.911017
55.5	7.145205	5.323406	12.468611	22.800996
55.6	8.552163	3.916432	12.468594	22.677801
55.7	6.548988	5.919624	12.468612	22.569059
55.8	3.682077	8.786564	12.468641	22.492435
55.9	3.938770	8.529870	12.468640	22.449739
56	7.105400	5.363209	12.468609	22.427036
56.1	8.952215	3.516377	12.468592	22.400735
56.2	7.110534	5.358079	12.468613	22.347447
56.3	4.390802	8.077839	12.468641	22.254011
56.4	4.781312	7.687325	12.468637	22.123983
56.5	7.717385	4.751221	12.468606	21.978038
56.6	8.811039	3.657553	12.468592	21.847935
56.7	6.179859	6.288759	12.468618	21.765952
56.8	3.416263	9.052384	12.468648	21.753431
56.9	4.707477	7.761162	12.468638	21.812423
57	8.722917	3.745683	12.468600	21.923481
57.1	10.025288	2.443296	12.468584	22.050518
57.2	6.486452	5.982163	12.468616	22.151225
57.3	2.544205	9.924448	12.468653	22.189602
57.4	3.449929	9.018717	12.468645	22.146430
57.5	8.072291	4.396310	12.468601	22.024251
57.6	10.205237	2.263343	12.468580	21.845330
57.7	6.921218	5.547394	12.468612	21.643544
57.8	2.679071	9.789583	12.468654	21.453207
57.9	3.369681	9.098968	12.468648	21.298820
58	8.198714	4.269888	12.468601	21.189247
58.1	10.548966	1.919610	12.468576	21.118113
58.2	6.929916	5.538693	12.468609	21.069824
58.3	1.950929	10.517728	12.468657	21.028567
58.4	2.344229	10.124426	12.468655	20.986548
58.5	7.861828	4.606776	12.468605	20.948117
58.6	11.354999	1.113573	12.468571	20.928062
58.7	8.161022	4.307578	12.468600	20.944715
58.8	2.331296	10.137357	12.468653	21.010583
58.9	1.319003	11.149657	12.468660	21.124363
59	6.174853	6.293760	12.468614	21.267819
59.1	10.326287	2.142289	12.468576	21.409277
59.2	8.475740	3.992857	12.468597	21.513022
59.3	3.589225	8.879422	12.468647	21.551545
59.4	2.638773	9.829884	12.468657	21.516307
59.5	7.008023	5.460590	12.468613	21.422905
59.6	10.620213	1.848364	12.468576	21.308324
59.7	8.285367	4.183230	12.468597	21.220646
59.8	2.878551	9.590097	12.468648	21.204257
59.9	1.572004	10.896657	12.468661	21.285353
60	6.200569	6.268049	12.468618	21.462594
60.1	10.774436	1.694141	12.468577	21.706244
60.2	9.471493	2.997098	12.468592	21.966297
60.3	4.324736	8.143905	12.468641	22.187159
60.4	2.333769	10.134891	12.468659	22.324204
60.5	6.032767	6.435855	12.468622	22.356879
60.6	10.237848	2.230733	12.468581	22.294189
60.7	9.186521	3.282070	12.468591	22.170895
60.8	4.288597	8.180042	12.468638	22.035877
60.9	2.107887	10.360771	12.468658	21.936613
61	5.505007	6.963619	12.468626	21.904965
61.1	9.929824	2.538762	12.468585	21.948826
61.2	9.638590	2.830000	12.468590	22.052123
61.3	5.245829	7.222802	12.468631	22.182738
61.4	2.574386	9.894267	12.468653	22.305278
61.5	4.752723	7.715905	12.468629	22.394074
61.6	8.375877	4.092717	12.468594	22.441885
61.7	8.554569	3.914027	12.468596	22.461422
61.8	5.531748	6.936881	12.468629	22.479413
61.9	3.880523	8.588122	12.468645	22.525512
62	5.863627	6.604995	12.468623	22.620109
62.1	8.407233	4.061363	12.468595	22.765406
62.2	7.692092	4.776510	12.468602	22.942857
62.3	4.633924	7.834708	12.468633	23.117867
62.4	3.527357	8.941286	12.468644	23.250116
62.5	5.925627	6.542993	12.468620	23.306021
62.6	8.469001	3.999594	12.468595	23.269210
62.7	7.656186	4.812418	12.468604	23.145645
62.8	4.736381	7.732252	12.468633	22.961909
62.9	3.836011	8.632630	12.468641	22.757411
63	6.075346	6.393271	12.468617	22.573196
63.1	8.070541	4.398055	12.468596	22.440952
63.2	6.909537	5.559072	12.468609	22.375503
63.3	4.428565	8.040072	12.468638	22.372745
63.4	4.582632	7.886008	12.468639	22.413105
63.5	7.591748	4.876862	12.468610	22.468869
63.6	9.314613	3.153977	12.468590	22.512718
63.7	7.010087	5.458522	12.468610	22.524757
63.8	3.449738	9.018906	12.468643	22.496180
63.9	3.366161	9.102484	12.468645	22.429054
64	6.933669	5.534942	12.468611	22.333084
64.1	9.394645	3.073943	12.468588	22.221050
64.2	7.571712	4.896896	12.468608	22.104761
64.3	4.296639	8.172005	12.468643	21.992811
64.4	4.450381	8.018262	12.468643	21.890474
64.5	7.982669	4.485938	12.468606	21.801127
64.6	9.752620	2.715965	12.468584	21.728030
64.7	6.721176	5.747434	12.468611	21.675295
64.8	2.581726	9.886926	12.468651	21.647362
64.9	3.054611	9.414040	12.468650	21.647093
65	7.940353	4.528253	12.468606	21.673314
65.1	10.936266	1.532310	12.468576	21.718950
65.2	7.931833	4.536770	12.468603	21.770790
65.3	2.727538	9.741114	12.468652	21.811338
65.4	2.183883	10.284775	12.468657	21.822451
65.5	7.033959	5.434652	12.468611	21.789757
65.6	10.752779	1.715795	12.468575	21.706563
65.7	8.245504	4.223093	12.468598	21.576057
65.8	2.784838	9.683812	12.468650	21.411123
65.9	1.744476	10.724186	12.468661	21.231834
66	6.693658	5.774957	12.468615	21.061328
66.1	11.154628	1.313945	12.468573	20.921190
66.2	9.161585	3.307006	12.468591	20.827492
66.3	3.229564	9.239081	12.468645	20.788347
66.4	1.045973	11.422691	12.468664	20.803345
66.5	5.291479	7.177144	12.468623	20.864700
66.6	10.194641	2.273937	12.468578	20.959620
66.7	9.345495	3.123094	12.468588	21.073197
66.8	4.194963	8.273676	12.468639	21.191186
66.9	1.879452	10.589209	12.468661	21.302210
67	5.482477	6.986148	12.468625	21.399105
67.1	9.960945	2.507636	12.468581	21.479321
67.2	9.141353	3.327236	12.468589	21.544400
67.3	4.170159	8.298480	12.468638	21.598682
67.4	1.937945	10.530716	12.468661	21.647501
67.5	5.676548	6.792079	12.468627	21.695270
67.6	10.514115	1.954465	12.468581	21.743949
67.7	9.990322	2.478263	12.468585	21.792393
67.8	4.708847	7.759786	12.468634	21.836908
67.9	1.509730	10.958931	12.468662	21.872983
68	4.388499	8.080135	12.468634	21.897761
68.1	9.382021	3.086567	12.468588	21.912392
68.2	10.077391	2.391194	12.468586	21.923282
68.3	6.091170	6.377456	12.468627	21.941443
68.4	3.179154	9.289500	12.468654	21.979721
68.5	5.203347	7.265285	12.468632	22.048444
68.6	9.041938	3.426654	12.468592	22.150792
68.7	9.142781	3.325809	12.468590	22.279572
68.8	5.199306	7.269322	12.468627	22.416922
68.9	2.465055	10.003598	12.468653	22.537684
69	4.535111	7.933522	12.468633	22.615991
69.1	8.590041	3.878555	12.468595	22.633415
69.2	9.395135	3.073456	12.468591	22.586145
69.3	6.300610	6.168012	12.468623	22.488650
69.4	3.722180	8.746466	12.468645	22.372102
69.5	4.855063	7.613566	12.468630	22.277355
69.6	7.533496	4.935104	12.468601	22.244075
69.7	7.717369	4.751231	12.468600	22.299057
69.8	5.317304	7.151323	12.468627	22.447304
69.9	4.098589	8.370053	12.468642	22.668856
70	6.051216	6.417406	12.468622	22.922732
70.1	8.429098	4.039498	12.468596	23.157176
70.2	7.693663	4.774939	12.468602	23.323328
70.3	4.672154	7.796478	12.468632	23.388282
70.4	3.498239	8.970405	12.468644	23.343544
70.5	5.775774	6.692847	12.468620	23.206321
70.6	8.265836	4.202760	12.468595	23.013288
70.7	7.458774	5.009830	12.468604	22.808938
70.8	4.594103	7.874532	12.468635	22.632292
70.9	3.944600	8.524043	12.468643	22.506262
71	6.686123	5.782493	12.468616	22.432980
71.1	9.055349	3.413242	12.468591	22.396306
71.2	7.585182	4.883422	12.468605	22.370315
71.3	4.144566	8.324073	12.468639	22.330483
71.4	3.537578	8.931069	12.468646	22.263488
71.5	6.788904	5.679711	12.468615	22.172125
71.6	9.514824	2.953763	12.468588	22.073666
71.7	7.901862	4.566742	12.468603	21.992425
71.8	4.110656	8.357985	12.468641	21.949412
71.9	3.431041	9.037608	12.468649	21.953021
72	6.905762	5.562852	12.468614	21.994338
72.1	9.694641	2.773944	12.468585	22.048963
72.2	7.733278	4.735325	12.468603	22.084839
72.3	3.605259	8.863386	12.468645	22.073368
72.4	3.246759	9.221894	12.468653	21.999808
72.5	7.656289	4.812323	12.468612	21.869173
72.6	11.046760	1.421816	12.468576	21.705359
72.7	8.438771	4.029825	12.468596	21.543697
72.8	2.660374	9.808274	12.468648	21.419420
72.9	1.028288	11.440376	12.468664	21.356068
73	5.748087	6.720535	12.468621	21.357867
73.1	10.821418	1.647158	12.468576	21.408717
73.2	9.823772	2.644815	12.468587	21.478091
73.3	4.335643	8.132997	12.468640	21.531690
73.4	1.759043	10.709620	12.468663	21.543008
73.5	5.398448	7.070178	12.468626	21.501736
73.6	10.094730	2.373850	12.468579	21.416091
73.7	9.269200	3.199386	12.468586	21.308457
73.8	3.876036	8.592602	12.468638	21.206140
73.9	1.175101	11.293564	12.468665	21.130858
74	4.953931	7.514699	12.468630	21.090994
74.1	10.363917	2.104663	12.468580	21.079544
74.2	10.331636	2.136945	12.468581	21.078545
74.3	4.943171	7.525460	12.468631	21.068221
74.4	1.252636	11.216028	12.468664	21.037245
74.5	3.875592	8.593045	12.468637	20.989975
74.6	9.022497	3.446090	12.468588	20.947521
74.7	9.821676	2.646907	12.468583	20.941779
74.8	5.554941	6.913685	12.468627	21.004178
74.9	2.369867	10.098792	12.468659	21.153021
75	4.748355	7.720280	12.468635	21.384029
75.1	9.443987	3.024602	12.468589	21.667831
75.2	10.015443	2.453140	12.468583	21.955854
75.3	5.624929	6.843697	12.468625	22.193169
75.4	2.137440	10.331218	12.468658	22.334407
75.5	4.166806	8.301832	12.468638	22.357607
75.6	8.935046	3.533547	12.468593	22.271416
75.7	10.141962	2.326622	12.468584	22.113138
75.8	6.413271	6.055349	12.468621	21.938102
75.9	2.914147	9.554506	12.468653	21.803630
76	4.219029	8.249610	12.468638	21.752670
76.1	8.289567	4.179032	12.468599	21.802177
76.2	9.548023	2.920565	12.468588	21.939757
76.3	6.515446	5.953173	12.468619	22.129328
76.4	3.553287	8.915361	12.468648	22.323649
76.5	4.654034	7.814601	12.468635	22.479439
76.6	8.053018	4.415583	12.468601	22.570155
76.7	8.920491	3.548101	12.468592	22.592495
76.8	6.089431	6.379189	12.468620	22.564959
76.9	3.463914	9.004731	12.468645	22.519476
77	4.446761	8.021871	12.468632	22.489357
77.1	7.366005	5.102599	12.468603	22.497837
77.2	8.133269	4.335329	12.468598	22.551022
77.3	6.072363	6.396261	12.468623	22.637295
77.4	4.607701	7.860939	12.468640	22.732959
77.5	6.047702	6.420922	12.468624	22.811721
77.6	8.127911	4.340687	12.468598	22.854477
77.7	7.345044	5.123558	12.468602	22.855958
77.8	4.273091	8.195541	12.468632	22.826056
77.9	3.085056	9.383590	12.468646	22.785631
78	5.719893	6.748730	12.468623	22.758487
78.1	8.913276	3.555317	12.468593	22.762475
78.2	8.493742	3.974856	12.468598	22.802788
78.3	5.118138	7.350493	12.468631	22.869660
78.4	3.402466	9.066180	12.468646	22.941058
78.5	5.538977	6.929647	12.468623	22.989297
78.6	8.287432	4.181162	12.468594	22.989272
78.7	7.618631	4.849970	12.468601	22.925672
78.8	4.527471	7.941164	12.468635	22.797037
78.9	3.728125	8.740522	12.468647	22.615729
79	6.880895	5.587724	12.468618	22.404220
79.1	9.894668	2.573919	12.468587	22.189202
79.2	8.410741	4.057857	12.468598	21.995456
79.3	4.057503	8.411137	12.468639	21.841203
79.4	2.589472	9.879183	12.468654	21.735889
79.5	6.089145	6.379476	12.468621	21.680448
79.6	9.901313	2.567271	12.468584	21.669259
79.7	8.817539	3.651055	12.468594	21.692737
79.8	4.276797	8.191842	12.468639	21.739535
79.9	2.591276	9.877381	12.468657	21.797886
80	6.317521	6.151101	12.468622	21.856113
80.1	10.511104	1.957476	12.468580	21.902810
80.2	9.267591	3.200998	12.468589	21.927261
80.3	3.894984	8.573655	12.468640	21.920461
80.4	1.477513	10.991151	12.468664	21.876698
80.5	5.423843	7.044785	12.468628	21.795222
80.6	10.659644	1.808934	12.468578	21.681334
80.7	10.182870	2.285711	12.468581	21.546296
80.8	4.420360	8.048274	12.468634	21.405795
80.9	0.817737	11.650930	12.468667	21.277189
81	4.038922	8.429714	12.468637	21.176141
81.1	9.792040	2.676543	12.468583	21.113498
81.2	10.548383	1.920194	12.468578	21.093162
81.3	5.526941	6.941686	12.468627	21.111468
81.4	1.612496	10.856168	12.468664	21.158116
81.5	4.050113	8.418526	12.468640	21.218385
81.6	9.443360	3.025227	12.468587	21.276070
81.7	10.401461	2.067116	12.468577	21.316565
81.8	5.498706	6.969917	12.468623	21.329555
81.9	1.162409	11.306254	12.468663	21.310950
82	3.060973	9.407672	12.468645	21.263820
82.1	8.627148	3.841445	12.468593	21.198193
82.2	10.639237	1.829341	12.468578	21.129645
82.3	6.841517	5.627099	12.468616	21.076756
82.4	2.663253	9.805403	12.468656	21.057687
82.5	3.654633	8.814011	12.468643	21.086390
82.6	8.091205	4.377393	12.468598	21.169245
82.7	9.646010	2.822573	12.468583	21.302986
82.8	6.194055	6.274563	12.468618	21.474695
82.9	2.652285	9.816369	12.468655	21.664164
83	4.133357	8.335285	12.468642	21.848295
83.1	8.899962	3.568635	12.468598	22.006516
83.2	10.689894	1.778687	12.468581	22.125711
83.3	7.129383	5.339231	12.468614	22.203125
83.4	2.819928	9.648724	12.468652	22.246222
83.5	3.117168	9.351478	12.468645	22.269354
83.6	7.179426	5.289180	12.468606	22.288224
83.7	9.503904	2.964683	12.468588	22.313950
83.8	7.450237	5.018375	12.468612	22.348839
83.9	4.406407	8.062236	12.468643	22.385548
84	4.674608	7.794029	12.468637	22.410188
84.1	7.532968	4.935638	12.468606	22.408527
84.2	8.611136	3.857458	12.468594	22.373185
84.3	6.259703	6.208915	12.468618	22.309145
84.4	3.809027	8.659616	12.468643	22.235211
84.5	4.709153	7.759480	12.468633	22.180334
84.6	7.613264	4.855339	12.468603	22.175430
84.7	8.358792	4.109804	12.468596	22.243093
84.8	5.919409	6.549212	12.468621	22.388561
84.9	3.825383	8.643260	12.468643	22.595231
85	5.073857	7.394773	12.468630	22.826761
85.1	7.826631	4.641970	12.468601	23.035700
85.2	8.057457	4.411141	12.468598	23.176387
85.3	5.386537	7.082089	12.468626	23.218272
85.4	3.724978	8.743667	12.468645	23.155410
85.5	5.679462	6.789164	12.468626	23.008922
85.6	8.636919	3.831676	12.468595	22.821350
85.7	8.267051	4.201545	12.468596	22.644437
85.8	4.706709	7.761921	12.468629	22.524024
85.9	2.660805	9.807845	12.468650	22.486767
86	5.002044	7.466585	12.468628	22.532816
86.1	8.680662	3.787931	12.468593	22.636723
86.2	8.798696	3.669897	12.468593	22.756127
86.3	5.372873	7.095756	12.468629	22.845289
86.4	3.359553	9.109097	12.468650	22.869000
86.5	5.733477	6.735149	12.468627	22.812386
86.6	9.194944	3.273646	12.468590	22.683633
86.7	8.665002	3.803591	12.468593	22.509143
86.8	4.519022	7.949611	12.468633	22.323204
86.9	2.408940	10.059716	12.468656	22.156048
87	5.573617	6.895012	12.468629	22.024560
87.1	10.113335	2.355251	12.468586	21.928767
87.2	9.998184	2.470402	12.468586	21.855012
87.3	5.264329	7.204302	12.468630	21.784231
87.4	2.164090	10.304570	12.468660	21.701893
87.5	4.787674	7.680959	12.468633	21.605623
87.6	9.444001	3.024586	12.468587	21.507465
87.7	9.612539	2.856045	12.468584	21.429813
87.8	4.919325	7.549305	12.468630	21.396494
87.9	1.857851	10.610812	12.468663	21.422389
88	5.001453	7.467183	12.468636	21.505591
88.1	10.513419	1.955164	12.468583	21.625303
88.2	10.972768	1.495807	12.468575	21.746569
88.3	5.318222	7.150403	12.468625	21.830464
88.4	0.558976	11.909691	12.468668	21.846310
88.5	2.719178	9.749469	12.468647	21.781649
88.6	8.930835	3.537755	12.468591	21.646449
88.7	11.201636	1.266936	12.468572	21.469972
88.8	6.876633	5.591982	12.468615	21.291357
88.9	1.930461	10.538200	12.468661	21.147171
89	2.859288	9.609362	12.468650	21.060251
89.1	8.121576	4.347022	12.468598	21.033694
89.2	10.475904	1.992672	12.468576	21.051960
89.3	6.830596	5.638016	12.468612	21.088505
89.4	2.274037	10.194619	12.468657	21.116999
89.5	3.027497	9.441152	12.468649	21.121916
89.6	8.020502	4.448099	12.468600	21.104546
89.7	10.442295	2.026282	12.468577	21.082189
89.8	6.999257	5.469352	12.468610	21.080840
89.9	2.298767	10.169887	12.468654	21.124110
90	2.571530	9.897120	12.468651	21.222586
90.1	7.362412	5.106193	12.468606	21.367746
90.2	10.335206	2.133374	12.468580	21.532976
90.3	7.852249	4.616357	12.468607	21.681633
90.4	3.640395	8.828252	12.468648	21.779545
90.5	3.470026	8.998622	12.468648	21.807601
90.6	7.347954	5.120655	12.468608	21.769873
90.7	9.779477	2.689107	12.468585	21.694176
90.8	7.425118	5.043490	12.468608	21.624463
90.9	3.557105	8.911540	12.468645	21.607312
91	3.430532	9.038114	12.468646	21.676806
91.1	7.152931	5.315679	12.468611	21.842779
91.2	9.746185	2.722403	12.468588	22.086359
91.3	7.996957	4.471650	12.468607	22.364369
91.4	4.566858	7.901782	12.468640	22.621301
91.5	4.003861	8.464780	12.468641	22.805119
91.6	6.531248	5.937364	12.468612	22.881963
91.7	8.178378	4.290218	12.468596	22.845282
91.8	6.658920	5.809694	12.468614	22.716762
91.9	4.497028	7.971612	12.468639	22.539113
92	5.137135	7.331499	12.468634	22.363275
92.1	7.821986	4.646619	12.468605	22.234212
92.2	8.629812	3.838783	12.468595	22.179660
92.3	6.148137	6.320482	12.468618	22.204934
92.4	3.613434	8.855208	12.468643	22.294793
92.5	4.395253	8.073381	12.468633	22.421042
92.6	7.230613	5.237991	12.468604	22.552850
92.7	8.036442	4.432155	12.468597	22.666226
92.8	5.773823	6.694799	12.468622	22.749698
92.9	3.974680	8.493964	12.468644	22.804868
93	5.622130	6.846499	12.468629	22.842324
93.1	8.626256	3.842341	12.468597	22.874947
93.2	8.537703	3.930891	12.468594	22.911328
93.3	4.941783	7.526843	12.468626	22.951669
93.4	2.470393	9.998259	12.468652	22.987457
93.5	4.622376	7.846257	12.468633	23.004724
93.6	8.764273	3.704321	12.468594	22.989452
93.7	9.439887	3.028701	12.468588	22.933024
93.8	5.746770	6.721853	12.468623	22.835786
93.9	2.675451	9.793202	12.468653	22.707559
94	4.375895	8.092741	12.468636	22.565090
94.1	8.474493	3.994102	12.468596	22.427448
94.2	9.326381	3.142207	12.468588	22.310955
94.3	5.844287	6.624337	12.468624	22.225248
94.4	3.078675	9.389979	12.468654	22.171514
94.5	5.195602	7.273033	12.468635	22.143158
94.6	9.478313	2.990278	12.468591	22.128360
94.7	9.842386	2.626197	12.468584	22.113534
94.8	5.306305	7.162320	12.468625	22.086603
94.9	1.735651	10.733010	12.468661	22.039308
95	4.097887	8.370754	12.468641	21.968242
95.1	9.555664	2.912927	12.468590	21.874755
95.2	10.974870	1.493706	12.468576	21.764136
95.3	6.427370	6.041249	12.468619	21.644520
95.4	1.909736	10.558925	12.468662	21.525781
95.5	3.406982	9.061665	12.468647	21.418472
95.6	8.838017	3.630577	12.468594	21.332704
95.7	10.784741	1.683833	12.468574	21.276894
95.8	6.470721	5.997894	12.468615	21.256387
95.9	1.593955	10.874707	12.468662	21.272217
96	2.762690	9.705962	12.468652	21.320335
96.1	8.606114	3.862484	12.468598	21.391668
96.2	11.494257	0.974314	12.468571	21.473148
96.3	7.617523	4.851083	12.468606	21.549606
96.4	1.988067	10.480590	12.468657	21.606167
96.5	1.754095	10.714562	12.468656	21.630608
96.6	6.834232	5.634375	12.468607	21.615229
96.7	10.309693	2.158883	12.468576	21.557937
96.8	7.807608	4.660996	12.468604	21.462495
96.9	3.166716	9.301935	12.468650	21.338089
97	2.949117	9.519535	12.468653	21.198421
97.1	7.463395	5.005213	12.468608	21.060451
97.2	10.455111	2.013467	12.468578	20.942793
97.3	7.694262	4.774341	12.468603	20.863642
97.4	2.712777	9.755872	12.468649	20.838212
97.5	2.018324	10.450331	12.468655	20.875867
97.6	6.407456	6.061157	12.468613	20.977492
97.7	10.074839	2.393742	12.468581	21.133890
97.8	8.478153	3.990447	12.468600	21.326068
97.9	4.203758	8.264883	12.468642	21.527920
98	3.131136	9.337514	12.468650	21.711185
98.1	6.446930	6.021686	12.468616	21.851752
98.2	9.368019	3.100569	12.468588	21.935715
98.3	7.948138	4.520465	12.468604	21.963336
98.4	4.397578	8.071061	12.468640	21.949429
98.5	3.776483	8.692163	12.468646	21.919628
98.6	6.928741	5.539873	12.468614	21.903278
98.7	9.447467	3.021122	12.468590	21.924854
98.8	7.864884	4.603721	12.468605	21.996519
98.9	4.351303	8.117335	12.468638	22.114260
99	3.570448	8.898196	12.468644	22.259030
99.1	6.299807	6.168809	12.468616	22.402766
99.2	8.650124	3.818470	12.468595	22.517473
99.3	7.651394	4.817215	12.468608	22.584441
99.4	5.185324	7.283311	12.468635	22.600456
99.5	4.922732	7.545904	12.468635	22.578765
99.6	6.943108	5.525503	12.468610	22.544286
99.7	7.809240	4.659358	12.468598	22.524551
99.8	5.844457	6.624161	12.468618	22.539467
99.9	3.817635	8.651007	12.468642	22.593508
100	4.987129	7.481504	12.468633	22.673314
100.1	8.136067	4.332535	12.468602	22.751822
100.2	8.929821	3.538771	12.468592	22.797811
100.3	5.990478	6.478141	12.468619	22.787726
100.4	3.115709	9.352938	12.468647	22.715657
100.5	4.203235	8.265402	12.468637	22.597765
100.6	7.762609	4.705992	12.468601	22.469217
100.7	8.816951	3.651639	12.468590	22.374179
100.8	5.823113	6.645507	12.468620	22.351876
100.9	3.007329	9.461321	12.468650	22.423214
101	4.603389	7.865248	12.468637	22.582464
101.1	8.789778	3.678818	12.468597	22.796990
101.2	9.883557	2.585027	12.468584	23.015411
101.3	6.091704	6.376914	12.468618	23.181795
101.4	2.214286	10.254368	12.468654	23.251489
101.5	3.331425	9.137218	12.468643	23.203590
101.6	7.905921	4.562679	12.468600	23.046171
101.7	9.801091	2.667492	12.468583	22.812757
101.8	6.632175	5.836441	12.468616	22.551410
101.9	3.051631	9.417022	12.468654	22.310160
102	4.327684	8.140959	12.468643	22.123587
102.1	8.929044	3.539553	12.468597	22.004780
102.2	10.427789	2.040790	12.468579	21.944903
102.3	6.361303	6.107313	12.468616	21.919919
102.4	1.938560	10.530099	12.468659	21.901587
102.5	3.224742	9.243908	12.468650	21.868512
102.6	8.819282	3.649316	12.468598	21.813285
102.7	11.427331	1.041241	12.468573	21.743356
102.8	7.511060	4.957548	12.468608	21.675758
102.9	2.126313	10.342345	12.468658	21.628094
103	2.297003	10.171653	12.468656	21.609568
103.1	7.678556	4.790048	12.468604	21.615747
103.2	11.034561	1.434012	12.468573	21.629230
103.3	7.934216	4.534387	12.468603	21.626070
103.4	2.661071	9.807584	12.468654	21.585550
103.5	2.392412	10.076245	12.468657	21.499483
103.6	7.495358	4.973250	12.468608	21.377337
103.7	11.014826	1.453746	12.468573	21.244900
103.8	8.042077	4.426523	12.468599	21.136603
103.9	2.355384	10.113269	12.468652	21.084009
104	1.417854	11.050807	12.468661	21.104482
104.1	6.463142	6.005473	12.468614	21.194142
104.2	10.917332	1.551243	12.468575	21.327800
104.3	9.143829	3.324765	12.468593	21.466150
104.4	3.744883	8.723761	12.468644	21.567913
104.5	1.824795	10.643864	12.468659	21.602872
104.6	5.509419	6.959202	12.468620	21.561349
104.7	9.464142	3.004441	12.468583	21.456900
104.8	8.405745	4.062851	12.468596	21.321349
104.9	4.172465	8.296175	12.468640	21.193945
105	2.894231	9.574423	12.468653	21.108459
105.1	6.445233	6.023385	12.468618	21.082725
105.2	9.938676	2.529908	12.468584	21.114184
105.3	8.504674	3.963922	12.468597	21.182860
105.4	3.935608	8.533031	12.468639	21.260504
105.5	2.204971	10.263683	12.468654	21.322451
105.6	5.430347	7.038275	12.468623	21.357808
105.7	9.232502	3.236087	12.468589	21.374183
105.8	8.825918	3.642679	12.468597	21.395160
105.9	5.327377	7.141257	12.468633	21.451337
106	3.835973	8.632674	12.468647	21.568074
106.1	6.294644	6.173977	12.468621	21.754351
106.2	9.044872	3.423721	12.468593	21.996780
106.3	8.150535	4.318067	12.468602	22.261130
106.4	4.844734	7.623900	12.468634	22.501132
106.5	3.632022	8.836623	12.468644	22.671845
106.6	5.981982	6.486638	12.468620	22.743289
106.7	8.489472	3.979124	12.468596	22.709925
106.8	7.828746	4.639860	12.468606	22.592913
106.9	5.309378	7.159254	12.468633	22.434398
107	4.695737	7.772901	12.468638	22.285651
107.1	6.666313	5.802301	12.468614	22.192764
107.2	7.957482	4.511116	12.468598	22.184269
107.3	6.340362	6.128252	12.468614	22.264292
107.4	4.098173	8.370466	12.468640	22.412976
107.5	4.795170	7.673466	12.468636	22.593619
107.6	7.880320	4.588285	12.468605	22.763955
107.7	9.057401	3.411190	12.468591	22.887966
107.8	6.277119	6.191496	12.468615	22.944752
107.9	2.963700	9.504946	12.468647	22.932207
108	3.593051	8.875591	12.468642	22.865050
108.1	7.466555	5.002050	12.468605	22.768500
108.2	9.425062	3.043524	12.468586	22.670048
108.3	6.837268	5.631344	12.468612	22.592015
108.4	3.311715	9.156933	12.468648	22.546938
108.5	3.809183	8.659461	12.468643	22.536642
108.6	7.713231	4.755373	12.468604	22.554523
108.7	9.517370	2.951214	12.468584	22.589668
108.8	6.441331	6.027282	12.468613	22.631058
108.9	2.534828	9.933824	12.468652	22.670449
109	3.346386	9.122262	12.468648	22.703264
109.1	8.206291	4.262311	12.468603	22.727665
109.2	10.788569	1.680008	12.468577	22.742652
109.3	7.526124	4.942483	12.468607	22.746211
109.4	2.571878	9.896774	12.468653	22.734386
109.5	2.392964	10.075690	12.468654	22.701610
109.6	7.119329	5.349279	12.468608	22.642113
109.7	10.367047	2.101531	12.468578	22.551823
109.8	7.890230	4.578374	12.468604	22.430034
109.9	3.357892	9.110759	12.468651	22.280324
110	3.320189	9.148465	12.468654	22.110478
110.1	8.127353	4.341254	12.468607	21.931528
110.2	11.232685	1.235889	12.468574	21.756240
110.3	8.033309	4.435292	12.468601	21.597428
110.4	2.337256	10.131397	12.468653	21.466357
110.5	1.531555	10.937107	12.468661	21.371418
110.6	6.747717	5.720897	12.468614	21.317086
110.7	11.231126	1.237447	12.468573	21.303236
110.8	9.225236	3.243357	12.468593	21.324891
110.9	3.552798	8.915848	12.468647	21.372585
111	1.774618	10.694044	12.468662	21.433475
111.1	6.100887	6.367733	12.468620	21.493200
111.2	10.554457	1.914119	12.468577	21.538267
111.3	9.083153	3.385437	12.468591	21.558481
111.4	3.650501	8.818141	12.468642	21.548816
111.5	1.505886	10.962776	12.468662	21.510198
111.6	5.448137	7.020487	12.468624	21.448941
111.7	10.185812	2.282768	12.468580	21.374990
111.8	9.514022	2.954566	12.468588	21.299515
111.9	4.510650	7.957985	12.468636	21.232587
112	1.847255	10.621403	12.468659	21.181619
112.1	4.781611	7.687018	12.468628	21.150923
112.2	9.056639	3.411948	12.468587	21.142228
112.3	8.956165	3.512426	12.468591	21.155658
112.4	5.002567	7.466066	12.468632	21.190446
112.5	2.909695	9.558958	12.468653	21.244890
112.6	5.563439	6.905186	12.468625	21.315459
112.7	9.156081	3.312508	12.468589	21.395565
112.8	8.599987	3.868607	12.468594	21.474856
112.9	4.578752	7.889882	12.468633	21.539938
113	2.570138	9.898514	12.468653	21.576969
113.1	5.341921	7.126706	12.468627	21.575819
113.2	9.251989	3.216602	12.468591	21.534636
113.3	9.255034	3.213559	12.468593	21.463140
113.4	5.610703	6.857925	12.468628	21.383017
113.5	3.247067	9.221581	12.468648	21.324491
113.6	4.987796	7.480831	12.468628	21.319372
113.7	8.044303	4.424296	12.468598	21.392224
113.8	8.267964	4.200637	12.468600	21.552218
113.9	5.884011	6.584617	12.468628	21.788418
114	4.764374	7.704267	12.468641	22.070463
114.1	6.640029	5.828591	12.468620	22.355016
114.2	8.645113	3.823484	12.468597	22.596520
114.3	7.577148	4.891457	12.468605	22.759231
114.4	4.626899	7.841735	12.468634	22.826869
114.5	3.760022	8.708619	12.468642	22.806766
114.6	6.079975	6.388643	12.468618	22.727043
114.7	8.262802	4.205794	12.468596	22.627540
114.8	7.326253	5.142355	12.468608	22.547324
114.9	4.897657	7.570979	12.468636	22.512795
115	4.799415	7.669223	12.468638	22.530279
115.1	7.356629	5.111982	12.468610	22.585563
115.2	8.698271	3.770322	12.468592	22.650485
115.3	6.321969	6.146643	12.468612	22.694268
115.4	3.067538	9.401107	12.468645	22.695619
115.5	3.516329	8.952315	12.468644	22.651295
115.6	7.490312	4.978296	12.468607	22.578010
115.7	9.840439	2.628145	12.468584	22.506876
115.8	7.292303	5.176304	12.468607	22.472203
115.9	3.115077	9.353571	12.468647	22.498533
116	2.925731	9.542918	12.468650	22.590520
116.1	7.043405	5.425205	12.468610	22.729397
116.2	9.878224	2.590357	12.468581	22.877528
116.3	7.475609	4.992995	12.468604	22.989783
116.4	3.048002	9.420647	12.468648	23.028027
116.5	2.759425	9.709228	12.468653	22.973880
116.6	7.273179	5.195432	12.468611	22.835352
116.7	10.614442	1.854135	12.468578	22.645016
116.8	8.157072	4.311528	12.468600	22.450177
116.9	3.019908	9.448740	12.468648	22.298234
117	2.045022	10.423636	12.468658	22.222016
117.1	6.597036	5.871579	12.468615	22.229895
117.2	10.630634	1.837943	12.468577	22.303806
117.3	8.790648	3.677947	12.468595	22.405657
117.4	3.667103	8.801542	12.468646	22.489774
117.5	2.315861	10.152799	12.468659	22.517109
117.6	6.658207	5.810410	12.468617	22.466509
117.7	10.784536	1.684041	12.468576	22.339515
117.8	8.941879	3.526714	12.468593	22.157548
117.9	3.457242	9.011403	12.468646	21.952998
118	1.771402	10.697262	12.468664	21.757756
118.1	6.417377	6.051244	12.468621	21.593416
118.2	11.422121	1.046453	12.468574	21.466515
118.3	10.105879	2.362706	12.468585	21.370106
118.4	3.950493	8.518146	12.468639	21.290525
118.5	0.707331	11.761336	12.468667	21.216268
118.6	4.266583	8.202049	12.468632	21.145164
118.7	9.740952	2.727631	12.468582	21.086817
118.8	10.129733	2.338850	12.468583	21.059193
118.9	5.484047	6.984583	12.468630	21.080608
119	2.419165	10.049494	12.468659	21.160273
119.1	4.979017	7.489614	12.468631	21.291253
119.2	9.328354	3.140233	12.468587	21.448947
119.3	9.239366	3.229221	12.468587	21.596212
119.4	4.657654	7.810977	12.468630	21.693802
119.5	1.709305	10.759354	12.468658	21.712710
119.6	4.341956	8.126677	12.468633	21.644151
119.7	9.057354	3.411236	12.468590	21.503554
119.8	9.739237	2.729349	12.468586	21.326913
119.9	5.820631	6.647994	12.468625	21.160450
120	2.758732	9.709921	12.468653	21.046864
120.1	4.480180	7.988453	12.468633	21.012682
120.2	8.252331	4.216264	12.468595	21.060856
120.3	8.761648	3.706943	12.468592	21.171023
120.4	5.482087	6.986539	12.468626	21.307227
120.5	3.190784	9.277866	12.468649	21.430377
120.6	5.187906	7.280724	12.468630	21.511202
120.7	8.751747	3.716848	12.468595	21.539317
120.8	9.000078	3.468515	12.468593	21.525482
120.9	5.630427	6.838199	12.468626	21.496513
121	3.226916	9.241732	12.468648	21.484833
121.1	4.904391	7.564239	12.468630	21.516463
121.2	8.185393	4.283205	12.468598	21.601681
121.3	8.647422	3.821175	12.468597	21.731553
121.4	6.026951	6.441674	12.468625	21.881430
121.5	4.294795	8.173848	12.468643	22.020046
121.6	5.872348	6.596277	12.468625	22.120931
121.7	8.294178	4.174421	12.468599	22.172095
121.8	7.924001	4.544601	12.468602	22.180615
121.9	5.257328	7.211302	12.468630	22.170513
122	4.191097	8.277545	12.468642	22.174676
122.1	6.344270	6.124350	12.468620	22.223529
122.2	8.626264	3.842331	12.468595	22.334268
122.3	7.627397	4.841208	12.468604	22.504177
122.4	4.596937	7.871698	12.468635	22.710205
122.5	3.789728	8.678916	12.468643	22.914881
122.6	6.373972	6.094645	12.468616	23.076659
122.7	8.600889	3.867703	12.468592	23.161473
122.8	7.085833	5.382773	12.468606	23.152017
122.9	3.849902	8.618739	12.468641	23.052173
123	3.743072	8.725575	12.468647	22.885564
123.1	7.497311	4.971301	12.468612	22.689016
123.2	10.184584	2.283998	12.468582	22.503129
123.3	7.727640	4.740961	12.468601	22.362726
123.4	2.782378	9.686268	12.468646	22.289719
123.5	1.636932	10.831725	12.468657	22.289910
123.6	5.885386	6.583232	12.468619	22.353985
123.7	10.101508	2.367073	12.468581	22.461756
123.8	8.938964	3.529630	12.468594	22.588037
123.9	4.254686	8.213955	12.468640	22.708402
124	2.563438	9.905219	12.468657	22.803500
124.1	6.151631	6.316989	12.468620	22.861296
124.2	9.925326	2.543255	12.468581	22.877317
124.3	8.408299	4.060295	12.468594	22.853445
124.4	3.419793	9.048849	12.468643	22.796008
124.5	1.821317	10.647344	12.468661	22.713784
124.6	6.168662	6.299960	12.468622	22.616288
124.7	10.961731	1.506846	12.468577	22.512483
124.8	9.829522	2.639064	12.468586	22.409852
124.9	4.138691	8.329948	12.468639	22.313804
125	1.342349	11.126316	12.468665	22.227391
125.1	5.097730	7.370900	12.468630	22.151353
125.2	10.368472	2.100108	12.468580	22.084532
125.3	10.153955	2.314628	12.468583	22.024551
125.4	4.862406	7.606228	12.468634	21.968591
125.5	1.733640	10.735025	12.468665	21.914002
125.6	5.075438	7.393195	12.468633	21.858569
125.7	10.442298	2.026283	12.468582	21.800387
125.8	10.584645	1.883935	12.468579	21.737523
125.9	5.171206	7.297424	12.468629	21.667784
126	1.247241	11.221424	12.468665	21.588933
126.1	3.861900	8.606740	12.468640	21.499494
126.2	9.434426	3.034162	12.468588	21.400014
126.3	10.629184	1.839394	12.468578	21.294309
126.4	6.064680	6.403942	12.468622	21.190085
126.5	1.904629	10.564030	12.468660	21.098381
126.6	3.473546	8.995096	12.468642	21.031669
126.7	8.320934	4.147661	12.468595	21.000924
126.8	9.855574	2.613009	12.468582	21.012472
126.9	6.293025	6.175594	12.468619	21.065654
127	2.779024	9.689629	12.468654	21.152196
127.1	4.137080	8.331559	12.468639	21.257711
127.2	8.352318	4.116279	12.468597	21.364979
127.3	9.536675	2.931910	12.468585	21.458066
127.4	6.032908	6.435711	12.468619	21.525927
127.5	2.538604	9.930047	12.468651	21.564318
127.6	3.598750	8.869889	12.468639	21.575415
127.7	7.563787	4.904814	12.468601	21.565395
127.8	9.128462	3.340128	12.468590	21.541055
127.9	6.633808	5.834810	12.468618	21.506920
128	4.023093	8.445552	12.468645	21.464159
128.1	5.053279	7.415354	12.468633	21.411858
128.2	8.058472	4.410129	12.468600	21.350195
128.3	8.491458	3.977136	12.468594	21.284114
128.4	5.473178	6.995445	12.468623	21.225667
128.5	3.102545	9.366103	12.468647	21.193482
128.6	4.754801	7.713831	12.468633	21.208793
128.7	8.383435	4.085165	12.468600	21.288871
128.8	9.327630	3.140963	12.468593	21.439881
128.9	6.631800	5.836820	12.468620	21.651841
129	4.127937	8.340706	12.468643	21.897976
129.1	4.987059	7.481571	12.468630	22.139529
129.2	7.498101	4.970502	12.468603	22.335222
129.3	7.855324	4.613277	12.468601	22.452839
129.4	5.736726	6.731900	12.468626	22.479328
129.5	4.632616	7.836025	12.468641	22.425964
129.6	6.543673	5.924949	12.468622	22.326427
129.7	8.817935	3.650660	12.468596	22.227875
129.8	7.866757	4.601844	12.468602	22.177390
129.9	4.538916	7.929717	12.468633	22.207872
130	3.288458	9.180189	12.468647	22.327837
130.1	5.972633	6.495988	12.468621	22.518493
130.2	8.981805	3.486786	12.468591	22.739202
130.3	8.057036	4.411562	12.468599	22.939726
130.4	4.321786	8.146850	12.468636	23.075401
130.5	2.972015	9.496636	12.468651	23.120378
130.6	6.099322	6.369299	12.468621	23.074683
130.7	9.535458	2.933128	12.468586	22.962871
130.8	8.398643	4.069952	12.468595	22.824884
130.9	3.956988	8.511650	12.468638	22.702309
131	2.212331	10.256326	12.468657	22.624775
131.1	5.774156	6.694468	12.468624	22.601097
131.2	10.045389	2.423194	12.468583	22.618088
131.3	9.214328	3.254261	12.468589	22.647266
131.4	4.171699	8.296937	12.468636	22.656890
131.5	1.528149	10.940512	12.468661	22.624926
131.6	4.803885	7.664744	12.468630	22.548216
131.7	9.628555	2.840029	12.468584	22.444516
131.8	9.581692	2.886893	12.468586	22.346584
131.9	4.891602	7.577031	12.468633	22.290383
132	2.160809	10.307852	12.468661	22.301542
132.1	5.354361	7.114271	12.468631	22.384893
132.2	10.249145	2.219437	12.468583	22.520866
132.3	10.027600	2.440982	12.468582	22.670150
132.4	4.597723	7.870909	12.468631	22.785144
132.5	0.983077	11.485590	12.468666	22.824419
132.6	4.050139	8.418500	12.468639	22.765331
132.7	9.945363	2.523222	12.468585	22.610656
132.8	11.119938	1.348639	12.468576	22.387140
132.9	6.293167	6.175457	12.468623	22.136678
133	2.044324	10.424339	12.468663	21.903264
133.1	3.948177	8.520466	12.468642	21.720203
133.2	9.181860	3.286731	12.468591	21.601771
133.3	10.475525	1.993052	12.468578	21.541800
133.4	5.986288	6.482333	12.468621	21.519134
133.5	1.775605	10.693057	12.468662	21.507503
133.6	3.618941	8.849705	12.468645	21.485929
133.7	9.218902	3.249692	12.468593	21.445830
133.8	11.243816	1.224758	12.468575	21.392411
133.9	7.030081	5.438532	12.468613	21.340214
134	1.983765	10.484892	12.468657	21.304961
134.1	2.342901	10.125749	12.468650	21.295184
134.2	7.138425	5.330179	12.468604	21.307166
134.3	9.907655	2.560926	12.468581	21.325381
134.4	7.430065	5.038545	12.468610	21.328404
134.5	3.624819	8.843828	12.468647	21.298100
134.6	3.767615	8.701028	12.468643	21.228486
134.7	7.318109	5.150497	12.468606	21.130640
134.8	9.056829	3.411759	12.468588	21.031391
134.9	6.531310	5.937304	12.468614	20.965754
135	3.352004	9.116642	12.468646	20.965442
135.1	3.990890	8.477750	12.468640	21.047326
135.2	7.542168	4.926436	12.468604	21.205963
135.3	9.080491	3.388098	12.468590	21.413021
135.4	6.537307	5.931308	12.468615	21.624172
135.5	3.476929	8.991716	12.468645	21.791473
135.6	4.061688	8.406950	12.468638	21.877361
135.7	7.351123	5.117482	12.468605	21.865765
135.8	8.795303	3.673290	12.468593	21.766795
135.9	6.633605	5.835012	12.468617	21.613520
136	4.196833	8.271809	12.468642	21.451975
136.1	5.044768	7.423865	12.468633	21.327673
136.2	7.924637	4.543966	12.468603	21.272955
136.3	8.628946	3.839649	12.468595	21.299102
136.4	6.020628	6.447993	12.468621	21.395409
136.5	3.668289	8.800355	12.468644	21.535099
136.6	4.815095	7.653538	12.468632	21.685703
136.7	7.834258	4.634345	12.468602	21.820206
136.8	8.588976	3.879621	12.468597	21.925232
136.9	6.302195	6.166428	12.468623	22.003722
137	4.564151	7.904491	12.468642	22.071599
137.1	6.042069	6.426557	12.468626	22.149929
137.2	8.496811	3.971786	12.468597	22.255588
137.3	7.951986	4.516613	12.468599	22.393769
137.4	4.627228	7.841403	12.468631	22.554896
137.5	3.040798	9.427851	12.468649	22.716892
137.6	5.755879	6.712747	12.468626	22.851914
137.7	9.445481	3.023109	12.468590	22.935202
137.8	9.119402	3.349190	12.468592	22.953094
137.9	5.005786	7.462844	12.468630	22.907620
138	2.500515	9.968138	12.468654	22.816343
138.1	4.908129	7.560500	12.468630	22.707601
138.2	8.821663	3.646927	12.468590	22.612759
138.3	8.699891	3.768699	12.468590	22.557850
138.4	4.583180	7.885452	12.468631	22.557001
138.5	2.264493	10.204165	12.468657	22.609340
138.6	5.366843	7.101787	12.468630	22.699956
138.7	10.067354	2.401231	12.468585	22.804300
138.8	9.963754	2.504829	12.468583	22.894609
138.9	4.791737	7.676892	12.468629	22.946541
139	1.118810	11.349854	12.468663	22.944451
139.1	3.747941	8.720698	12.468639	22.884274
139.2	9.247342	3.221246	12.468588	22.773689
139.3	10.429074	2.039504	12.468578	22.629903
139.4	5.912427	6.556195	12.468623	22.475786
139.5	1.928409	10.540253	12.468661	22.335274
139.6	3.886093	8.582549	12.468642	22.228916
139.7	9.066465	3.402126	12.468591	22.170296
139.8	10.348326	2.120252	12.468578	22.163824
139.9	5.943680	6.524941	12.468621	22.204211
140	1.911009	10.557653	12.468662	22.277653
140.1	3.945946	8.522698	12.468644	22.364538
140.2	9.529081	2.939510	12.468591	22.443167
140.3	11.151435	1.317138	12.468574	22.493784
140.4	6.404420	6.064196	12.468617	22.502058
140.5	1.362888	11.105776	12.468663	22.461278
140.6	2.617499	9.851153	12.468652	22.372791
140.7	8.553944	3.914654	12.468598	22.244675
140.8	11.509637	0.958935	12.468572	22.089152
140.9	7.886031	4.582577	12.468608	21.919568
141	2.732859	9.735797	12.468656	21.747869
141.1	2.846132	9.622521	12.468653	21.583264
141.2	7.768326	4.700279	12.468604	21.432270
141.3	10.652778	1.815798	12.468576	21.299785
141.4	7.564845	4.903761	12.468606	21.190425
141.5	2.632467	9.836185	12.468652	21.109246
141.6	2.344034	10.124619	12.468653	21.061294
141.7	6.914916	5.553694	12.468610	21.049956
141.8	10.257144	2.211436	12.468581	21.074723
141.9	8.232225	4.236377	12.468603	21.129412
142	3.898722	8.569921	12.468643	21.201863
142.1	2.987495	9.481153	12.468648	21.275722
142.2	6.175123	6.293490	12.468613	21.334110
142.3	8.640084	3.828506	12.468589	21.364207
142.4	7.036113	5.432496	12.468609	21.361204
142.5	3.993840	8.474802	12.468642	21.330154
142.6	4.124828	8.343814	12.468642	21.284809
142.7	7.417269	5.051340	12.468609	21.243560
142.8	9.284075	3.184515	12.468589	21.223686
142.9	7.026821	5.441789	12.468610	21.235806
143	3.593525	8.875117	12.468642	21.280511
143.1	3.474536	8.994105	12.468642	21.348464
143.2	6.578404	5.890207	12.468611	21.424042
143.3	8.572188	3.896405	12.468593	21.491273
143.4	7.004276	5.464337	12.468613	21.539913
143.5	4.544991	7.923648	12.468639	21.569300
143.6	4.945958	7.522677	12.468635	21.588424
143.7	7.621048	4.847558	12.468606	21.611954
143.8	8.561232	3.907363	12.468595	21.653627
143.9	6.201174	6.267445	12.468618	21.719471
144	3.800861	8.667782	12.468644	21.803675
144.1	4.867654	7.600980	12.468634	21.889054
144.2	8.084176	4.384426	12.468603	21.952496
144.3	9.018802	3.449791	12.468593	21.973808
144.4	6.333680	6.134939	12.468619	21.944947
144.5	3.740880	8.727766	12.468645	21.876089
144.6	4.835601	7.633032	12.468634	21.795844
144.7	8.014345	4.454256	12.468601	21.744760
144.8	8.713789	3.754805	12.468594	21.763609
144.9	5.927960	6.540664	12.468623	21.879979
145	3.763578	8.705070	12.468648	22.097567
145.1	5.619386	6.849245	12.468631	22.392045
145.2	9.090755	3.377839	12.468594	22.715379
145.3	9.028833	3.439756	12.468589	23.007807
145.4	4.843172	7.625455	12.468627	23.214070
145.5	1.826074	10.642583	12.468657	23.298953
145.6	4.191370	8.277267	12.468637	23.257222
145.7	9.118591	3.350001	12.468592	23.114739
145.8	10.198330	2.270251	12.468581	22.920333
145.9	5.983125	6.485496	12.468621	22.730982
146	2.082587	10.386071	12.468658	22.595026
146.1	3.708122	8.760521	12.468642	22.538751
146.2	8.597692	3.870902	12.468594	22.560492
146.3	10.002308	2.466272	12.468579	22.633883
146.4	5.865627	6.602992	12.468619	22.718806
146.5	1.760600	10.708060	12.468660	22.776083
146.6	3.429826	9.038820	12.468646	22.780798
146.7	8.912534	3.556061	12.468595	22.729805
146.8	10.999205	1.469370	12.468575	22.641088
146.9	6.865267	5.603346	12.468613	22.545575
147	1.921532	10.547127	12.468659	22.474620
147.1	2.609081	9.859569	12.468651	22.447806
147.2	7.798753	4.669848	12.468600	22.465503
147.3	10.401241	2.067335	12.468576	22.508790
147.4	7.010518	5.458093	12.468611	22.546658
147.5	2.509899	9.958758	12.468657	22.547779
147.6	3.372721	9.095930	12.468651	22.492499
147.7	8.733325	3.735274	12.468600	22.380660
147.8	11.393099	1.075473	12.468572	22.232413
147.9	7.511518	4.957089	12.468607	22.081676
148	1.931287	10.537371	12.468658	21.964557
148.1	1.884322	10.584337	12.468658	21.906844
148.2	7.434496	5.034112	12.468607	21.914931
148.3	11.404958	1.063614	12.468572	21.973360
148.4	8.838938	3.629660	12.468598	22.049737
148.5	3.372906	9.095743	12.468649	22.105264
148.6	2.192917	10.275740	12.468658	22.107144
148.7	6.526753	5.941862	12.468615	22.038625
148.8	10.334149	2.134431	12.468579	21.903352
148.9	8.613388	3.855210	12.468598	21.722835
149	3.957036	8.511607	12.468643	21.528275
149.1	2.735654	9.733000	12.468654	21.349948
149.2	6.416093	6.052524	12.468616	21.208028
149.3	9.793756	2.674827	12.468584	21.108059
149.4	8.224015	4.244584	12.468599	21.042375
149.5	3.823037	8.645603	12.468640	20.996513
149.6	2.393751	10.074901	12.468652	20.957783
149.7	5.589255	6.879365	12.468620	20.922406
149.8	8.988734	3.479856	12.468590	20.898262
149.9	8.324158	4.144442	12.468600	20.902042
150	5.058616	7.410018	12.468634	20.951794
150.1	3.890376	8.578267	12.468643	21.057746
150.2	6.101057	6.367560	12.468617	21.215055
150.3	8.092044	4.376551	12.468595	21.401560
150.4	6.816255	5.652354	12.468609	21.581885
150.5	4.169849	8.298789	12.468638	21.716939
150.6	4.172896	8.295744	12.468640	21.775826
150.7	7.107462	5.361149	12.468611	21.746203
150.8	9.010909	3.457684	12.468593	21.639445
150.9	7.236198	5.232411	12.468610	21.488665
151	4.189633	8.279006	12.468639	21.339947
151.1	3.966853	8.501786	12.468640	21.239411
151.2	6.655361	5.813251	12.468611	21.220123
151.3	8.337767	4.130828	12.468595	21.292913
151.4	6.733610	5.735004	12.468614	21.443881
151.5	4.431485	8.037155	12.468640	21.639242
151.6	5.098575	7.370060	12.468636	21.835791
151.7	8.072460	4.396146	12.468605	21.993625
151.8	9.131494	3.337098	12.468592	22.087164
151.9	6.501714	5.966903	12.468617	22.111241
152	3.586994	8.881651	12.468645	22.080768
152.1	4.355884	8.112754	12.468637	22.024545
152.2	7.726969	4.741634	12.468603	21.975567
152.3	8.956457	3.512134	12.468591	21.961087
152.4	6.302404	6.166214	12.468618	21.995481
152.5	3.626611	8.842037	12.468648	22.077810
152.6	5.030698	7.437939	12.468636	22.194326
152.7	8.855685	3.612913	12.468597	22.324565
152.8	9.645051	2.823535	12.468585	22.448687
152.9	5.744357	6.724263	12.468620	22.553560
153	2.041261	10.427396	12.468656	22.635771
153.1	3.626780	8.841864	12.468644	22.700918
153.2	8.713297	3.755299	12.468597	22.759825
153.3	10.645565	1.823013	12.468577	22.823230
153.4	6.701035	5.767578	12.468613	22.896867
153.5	1.905781	10.562876	12.468657	22.978510
153.6	2.491767	9.976884	12.468651	23.057827
153.7	7.598532	4.870070	12.468602	23.118943
153.8	10.410784	2.057792	12.468577	23.144803
153.9	7.308494	5.160114	12.468608	23.122040
154	2.713693	9.754960	12.468654	23.044984
154.1	3.036690	9.431961	12.468651	22.917840
154.2	7.892672	4.575931	12.468603	22.754570
154.3	10.554734	1.913841	12.468575	22.576600
154.4	7.127678	5.340929	12.468607	22.408902
154.5	2.009408	10.459248	12.468656	22.275282
154.6	2.110173	10.358484	12.468657	22.193785
154.7	7.522208	4.946399	12.468607	22.173097
154.8	11.256536	1.212036	12.468573	22.210634
154.9	8.505552	3.963047	12.468599	22.292745
155	3.022045	9.446606	12.468651	22.397115
155.1	2.051626	10.417032	12.468658	22.497020
155.2	6.659613	5.809000	12.468613	22.566655
155.3	10.454092	2.014484	12.468577	22.586459
155.4	8.329606	4.138992	12.468598	22.547195
155.5	3.356115	9.112533	12.468648	22.451773
155.6	2.535044	9.933614	12.468658	22.314257
155.7	7.234210	5.234404	12.468614	22.156250
155.8	11.258422	1.210153	12.468575	22.001522
155.9	9.141558	3.327036	12.468594	21.870329
156	3.475916	8.992729	12.468645	21.774939
156.1	1.478209	10.990452	12.468661	21.717582
156.2	5.488226	6.980397	12.468623	21.691248
156.3	10.089563	2.379018	12.468582	21.682921
156.4	9.464618	3.003973	12.468591	21.678047
156.5	4.944899	7.523737	12.468636	21.664711
156.6	2.813802	9.654853	12.468655	21.636202
156.7	5.718791	6.749833	12.468624	21.591302
156.8	9.377960	3.090627	12.468588	21.532552
156.9	8.690783	3.777812	12.468595	21.463504
157	4.628014	7.840619	12.468634	21.386353
157.1	2.643832	9.824819	12.468651	21.301122
157.2	5.163942	7.304682	12.468625	21.206849
157.3	8.535603	3.932990	12.468593	21.104295
157.4	8.294039	4.174559	12.468598	20.998888
157.5	5.175283	7.293347	12.468631	20.902331
157.6	3.701260	8.767383	12.468644	20.831675
157.7	5.715585	6.753036	12.468621	20.805574
157.8	8.039595	4.429002	12.468596	20.838629
157.9	7.274488	5.194118	12.468606	20.935663
158	4.690295	7.778339	12.468634	21.088114
158.1	4.270206	8.198435	12.468640	21.274210
158.2	6.846710	5.621904	12.468614	21.463422
158.3	8.789614	3.678979	12.468593	21.624173
158.4	7.158887	5.309721	12.468608	21.732476
158.5	3.994803	8.473836	12.468638	21.778693
158.6	3.590657	8.877986	12.468643	21.770001
158.7	6.519570	5.949044	12.468614	21.727565
158.8	8.825223	3.643370	12.468593	21.679190
158.9	7.542776	4.925832	12.468608	21.649893
159	4.780156	7.688482	12.468638	21.653649
159.1	4.605287	7.863352	12.468639	21.689277
159.2	7.176342	5.292268	12.468610	21.742042
159.3	8.518349	3.950245	12.468593	21.790480
159.4	6.355981	6.112633	12.468615	21.816023
159.5	3.665993	8.802652	12.468645	21.811859
159.6	4.631069	7.837570	12.468640	21.787524
159.7	8.486209	3.982394	12.468603	21.767208
159.8	10.107754	2.360831	12.468585	21.781921
159.9	6.973293	5.495319	12.468612	21.858031
160	2.948464	9.520186	12.468650	22.006166
160.1	3.316923	9.151723	12.468646	22.214640
160.2	7.557060	4.911545	12.468605	22.450199
160.3	9.866430	2.602153	12.468582	22.666459
160.4	7.037344	5.431266	12.468610	22.817674
160.5	2.999630	9.469021	12.468652	22.873483
160.6	3.567084	8.901564	12.468649	22.829671
160.7	8.322208	4.146395	12.468603	22.711078
160.8	10.834644	1.633932	12.468576	22.565298
160.9	7.280914	5.187692	12.468606	22.448812
161	1.898759	10.569896	12.468655	22.409822
161.1	1.631082	10.837575	12.468658	22.473213
161.2	6.881933	5.586676	12.468609	22.632532
161.3	10.826642	1.641932	12.468574	22.851590
161.4	8.403185	4.065413	12.468598	23.075224
161.5	3.025638	9.443012	12.468650	23.245738
161.6	1.975365	10.493294	12.468659	23.319773
161.7	6.618057	5.850557	12.468614	23.280273
161.8	10.606232	1.862343	12.468575	23.139933
161.9	8.491688	3.976907	12.468596	22.935413
162	3.116179	9.352469	12.468648	22.714632
162.1	1.783960	10.684701	12.468661	22.521622
162.2	6.379905	6.088712	12.468617	22.384057
162.3	10.790204	1.678372	12.468576	22.307352
162.4	9.117659	3.350933	12.468592	22.276824
162.5	3.604861	8.863783	12.468644	22.266505
162.6	1.596935	10.871728	12.468662	22.250981
162.7	5.684994	6.783628	12.468623	22.215723
162.8	10.321977	2.146602	12.468579	22.162178
162.9	9.383222	3.085368	12.468590	22.105971
163	4.378165	8.090475	12.468639	22.069181
163.1	2.264034	10.204626	12.468660	22.069864
163.2	5.948540	6.520085	12.468624	22.112946
163.3	10.382076	2.086505	12.468581	22.186068
163.4	9.452926	3.015662	12.468589	22.262063
163.5	4.280161	8.188476	12.468637	22.307282
163.6	1.723488	10.745174	12.468662	22.292815
163.7	5.206253	7.262377	12.468629	22.204566
163.8	10.208378	2.260206	12.468584	22.048562
163.9	10.328958	2.139627	12.468585	21.849572
164	5.638258	6.830371	12.468628	21.643505
164.1	2.264008	10.204648	12.468656	21.466247
164.2	4.147780	8.320853	12.468634	21.342814
164.3	8.186122	4.282473	12.468595	21.280528
164.4	8.913982	3.554611	12.468592	21.268397
164.5	5.898117	6.570508	12.468626	21.282659
164.6	3.817113	8.651534	12.468647	21.296274
164.7	5.625425	6.843201	12.468627	21.288817
164.8	8.529625	3.938971	12.468595	21.253221
164.9	8.154309	4.314288	12.468597	21.197079
165	4.777715	7.690914	12.468630	21.138303
165.1	2.903426	9.565221	12.468647	21.097008
165.2	4.961111	7.507515	12.468626	21.086863
165.3	8.039977	4.428620	12.468597	21.109268
165.4	8.082955	4.385645	12.468600	21.152632
165.5	5.481899	6.986730	12.468629	21.197023
165.6	4.253209	8.215433	12.468642	21.222489
165.7	6.172054	6.296566	12.468620	21.217853
165.8	8.289436	4.179161	12.468596	21.186612
165.9	7.299179	5.169426	12.468605	21.147523
166	4.426032	8.042603	12.468635	21.129349
166.1	3.780222	8.688421	12.468643	21.161360
166.2	6.465640	6.002977	12.468617	21.262730
166.3	8.860217	3.608376	12.468593	21.434474
166.4	7.643660	4.824945	12.468605	21.656788
166.5	4.528220	7.940417	12.468637	21.892928
166.6	3.920359	8.548284	12.468643	22.098598
166.7	6.692681	5.775933	12.468615	22.234046
166.8	8.878292	3.590300	12.468592	22.275191
166.9	7.282872	5.185736	12.468608	22.220427
167	4.156823	8.311819	12.468641	22.091138
167.1	4.158629	8.310015	12.468644	21.925921
167.2	7.658534	4.810076	12.468610	21.770376
167.3	9.871375	2.597210	12.468585	21.665542
167.4	7.401937	5.066670	12.468607	21.638293
167.5	3.252930	9.215717	12.468647	21.696150
167.6	3.049840	9.418810	12.468651	21.827562
167.7	7.308039	5.160572	12.468611	22.006993
167.8	10.411243	2.057337	12.468580	22.202911
167.9	8.081191	4.387410	12.468601	22.386142
168	3.333029	9.135619	12.468647	22.536294
168.1	2.585732	9.882923	12.468655	22.644825
168.2	6.926420	5.542193	12.468613	22.714449
168.3	10.426267	2.042311	12.468577	22.755691
168.4	8.088424	4.380173	12.468598	22.782027
168.5	2.810716	9.657932	12.468649	22.805219
168.6	1.741413	10.727248	12.468661	22.832090
168.7	6.651336	5.817281	12.468617	22.863377
168.8	11.274670	1.193904	12.468573	22.894616
168.9	9.445096	3.023493	12.468588	22.918454
169	3.314454	9.154189	12.468643	22.927558
169.1	0.631806	11.836860	12.468666	22.917234
169.2	4.612489	7.856138	12.468627	22.887117
169.3	9.852556	2.616024	12.468580	22.841534
169.4	9.650154	2.818432	12.468586	22.788525
169.5	4.840755	7.627881	12.468636	22.737747
169.6	2.355883	10.112777	12.468660	22.697750
169.7	5.652266	6.816361	12.468627	22.673282
169.8	10.055807	2.412775	12.468582	22.663331
169.9	9.260280	3.208307	12.468587	22.660540
170	4.049367	8.419269	12.468637	22.652385
170.1	1.349102	11.119561	12.468663	22.624075
170.2	4.888787	7.579843	12.468631	22.562649
170.3	10.124255	2.344328	12.468583	22.461267
170.4	10.280749	2.187834	12.468583	22.322448
170.5	5.351541	7.117089	12.468630	22.159126
170.6	1.981908	10.486753	12.468661	21.992864
170.7	4.525962	7.942673	12.468635	21.849349
170.8	9.364749	3.103840	12.468589	21.752174
170.9	9.977113	2.491471	12.468584	21.716519
171	5.719624	6.749002	12.468626	21.744595
171.1	2.493674	9.974983	12.468657	21.824285
171.2	4.644831	7.823805	12.468636	21.931577
171.3	9.187285	3.281307	12.468592	22.036230
171.4	10.004473	2.464112	12.468585	22.109094
171.5	6.089872	6.378751	12.468623	22.128996
171.6	2.690669	9.777984	12.468653	22.087185
171.7	4.109328	8.359309	12.468637	21.988155
171.8	8.108498	4.360100	12.468598	21.846828
171.9	9.281134	3.187456	12.468590	21.683265
172	6.405323	6.063297	12.468620	21.516834
172.1	3.722369	8.746277	12.468646	21.361810
172.2	4.797239	7.671393	12.468632	21.225737
172.3	7.725674	4.742927	12.468601	21.110739
172.4	8.147895	4.320701	12.468597	21.016807
172.5	5.499173	6.969452	12.468625	20.945307
172.6	3.664553	8.804091	12.468644	20.900918
172.7	5.330647	7.137980	12.468627	20.890901
172.8	8.161177	4.307422	12.468598	20.921809
172.9	8.150541	4.318057	12.468598	20.994949
173	5.297769	7.170857	12.468627	21.102646
173.1	3.558319	8.910325	12.468643	21.227310
173.2	5.224707	7.243918	12.468625	21.344354
173.3	7.759228	4.709370	12.468599	21.428581
173.4	7.540476	4.928127	12.468603	21.462161
173.5	5.111703	7.356928	12.468631	21.441441
173.6	4.373943	8.094699	12.468642	21.379910
173.7	6.827114	5.641504	12.468618	21.305748
173.8	9.142962	3.325631	12.468592	21.254197
173.9	7.749425	4.719177	12.468602	21.256897
174	4.078328	8.390309	12.468636	21.331565
174.1	2.913025	9.555623	12.468648	21.475564
174.2	5.862799	6.605822	12.468620	21.665772
174.3	9.025612	3.442979	12.468591	21.865111
174.4	8.282668	4.185932	12.468601	22.033837
174.5	4.984531	7.484105	12.468636	22.141929
174.6	4.032869	8.435777	12.468646	22.178423
174.7	6.902788	5.565829	12.468616	22.154458
174.8	9.403792	3.064795	12.468588	22.098902
174.9	7.557847	4.910756	12.468603	22.047969
175	3.508968	8.959675	12.468643	22.032422
175.1	2.944240	9.524413	12.468653	22.066821
175.2	7.178489	5.290126	12.468615	22.144701
175.3	10.845092	1.623487	12.468579	22.241489
175.4	8.856175	3.612419	12.468595	22.324256
175.5	3.471186	8.997458	12.468644	22.364898
175.6	1.649735	10.818926	12.468661	22.352030
175.7	5.836719	6.631903	12.468622	22.297158
175.8	10.514279	1.954299	12.468578	22.232603
175.9	9.426301	3.042287	12.468588	22.201510
176	3.979504	8.489136	12.468640	22.243102
176.1	1.467595	11.001069	12.468664	22.378111
176.2	5.317489	7.151138	12.468628	22.599495
176.3	10.406792	2.061786	12.468579	22.871840
176.4	9.851026	2.617556	12.468583	23.140058
176.5	4.249186	8.219449	12.468635	23.344815
176.6	0.962499	11.506167	12.468666	23.439847
176.7	4.323578	8.145056	12.468634	23.405626
176.8	9.869795	2.598787	12.468583	23.254993
176.9	10.315205	2.153375	12.468580	23.028981
177	5.230713	7.237915	12.468628	22.784293
177.1	1.483248	10.985415	12.468663	22.576527
177.2	3.964771	8.503866	12.468638	22.444548
177.3	9.143199	3.325389	12.468588	22.400859
177.4	10.013031	2.455550	12.468581	22.430677
177.5	5.599098	6.869528	12.468626	22.499456
177.6	2.150364	10.318297	12.468660	22.565872
177.7	4.539550	7.929088	12.468638	22.595608
177.8	9.614153	2.854436	12.468589	22.571352
177.9	10.470176	1.998403	12.468579	22.495977
178	5.785363	6.683259	12.468622	22.388467
178.1	1.602821	10.865839	12.468660	22.274665
178.2	3.264821	9.203822	12.468643	22.176665
178.3	8.425076	4.043520	12.468596	22.104843
178.4	10.396765	2.071816	12.468581	22.055341
178.5	7.077211	5.391406	12.468617	22.013584
178.6	3.412417	9.056235	12.468652	21.962111
178.7	4.399299	8.069341	12.468640	21.889401
178.8	8.377590	4.091009	12.468599	21.796081
178.9	9.598750	2.869836	12.468586	21.695981
179	6.240494	6.228125	12.468618	21.611538
179.1	2.826583	9.642068	12.468651	21.565213
179.2	3.953796	8.514844	12.468640	21.570168
179.3	8.087588	4.381013	12.468601	21.623771
179.4	9.794060	2.674527	12.468587	21.706495
179.5	7.084742	5.383873	12.468615	21.786857
179.6	3.799713	8.668931	12.468645	21.830818
179.7	4.104713	8.363924	12.468637	21.812476
179.8	6.967347	5.501259	12.468606	21.722370
179.9	8.072777	4.395820	12.468596	21.570571
180	6.069640	6.398980	12.468620	21.383532
180.1	4.240498	8.228143	12.468641	21.195865
180.2	5.488450	6.980178	12.468628	21.039913
180.3	8.026843	4.441757	12.468600	20.936681
180.4	7.972157	4.496441	12.468598	20.891101
180.5	5.068369	7.400257	12.468626	20.892999
180.6	3.259372	9.209274	12.468645	20.923082
180.7	5.164610	7.304017	12.468627	20.961528
180.8	8.267688	4.200909	12.468597	20.995915
180.9	8.327927	4.140670	12.468597	21.025606
181	5.321958	7.146669	12.468627	21.061076
181.1	3.526384	8.942262	12.468646	21.118553
181.2	5.517993	6.950633	12.468626	21.212093
181.3	8.498416	3.970179	12.468595	21.346106
181.4	8.207009	4.261589	12.468598	21.511206
181.5	5.005714	7.462917	12.468631	21.685065
181.6	3.502677	8.965971	12.468648	21.838160
181.7	6.061755	6.406869	12.468624	21.942619
181.8	9.275718	3.192873	12.468591	21.981217
181.9	8.560201	3.908395	12.468596	21.953535
182	4.645486	7.823148	12.468633	21.877195
182.1	2.808486	9.660166	12.468652	21.783661
182.2	5.633495	6.835130	12.468625	21.709848
182.3	9.284132	3.184457	12.468588	21.688048
182.4	8.692422	3.776173	12.468594	21.737144
182.5	4.687157	7.781478	12.468636	21.857628
182.6	3.061244	9.407411	12.468655	22.031702
182.7	6.528483	5.940140	12.468623	22.228240
182.8	10.596071	1.872510	12.468582	22.411030
182.9	9.402684	3.065904	12.468588	22.547921
183	3.890569	8.578069	12.468637	22.618429
183.1	1.031851	11.436814	12.468665	22.618016
183.2	4.695518	7.773115	12.468633	22.558241
183.3	10.291367	2.177214	12.468582	22.463149
183.4	10.626872	1.841707	12.468579	22.363124
183.5	5.390076	7.078553	12.468629	22.287867
183.6	1.571469	10.897195	12.468664	22.260163
183.7	4.140040	8.328598	12.468638	22.291681
183.8	9.418955	3.049631	12.468586	22.381456
183.9	10.082507	2.386072	12.468578	22.517055
184	5.086848	7.381778	12.468626	22.677920
184.1	1.149809	11.318856	12.468665	22.840009
184.2	3.728617	8.740025	12.468642	22.980704
184.3	9.604700	2.863888	12.468588	23.082993
184.4	11.074980	1.393594	12.468574	23.138098
184.5	6.173583	6.295036	12.468619	23.146077
184.6	1.264094	11.204569	12.468663	23.114354
184.7	2.594287	9.874361	12.468649	23.054627
184.8	8.145863	4.322733	12.468596	22.979009
184.9	10.560376	1.908201	12.468576	22.896507
185	6.998433	5.470180	12.468614	22.810900
185.1	2.666463	9.802193	12.468656	22.720670
185.2	3.522014	8.946632	12.468646	22.621061
185.3	8.239767	4.228833	12.468599	22.507574
185.4	10.235093	2.233487	12.468580	22.379692
185.5	6.748321	5.720292	12.468614	22.243393
185.6	2.555433	9.913222	12.468655	22.111333
185.7	3.395150	9.073497	12.468647	22.000294
185.8	8.182256	4.286346	12.468601	21.926442
185.9	10.533072	1.935508	12.468580	21.899837
186	7.375644	5.092966	12.468610	21.920042
186.1	2.953216	9.515434	12.468651	21.974523
186.2	3.004381	9.464267	12.468648	22.040729
186.3	7.186495	5.282112	12.468608	22.091556
186.4	9.864458	2.604127	12.468585	22.102701
186.5	7.826034	4.642575	12.468609	22.059692
186.6	4.314182	8.154462	12.468643	21.962294
186.7	4.212537	8.256105	12.468642	21.824792
186.8	7.351945	5.116664	12.468608	21.671920
186.9	9.072073	3.396518	12.468591	21.531663
187	6.875765	5.592847	12.468612	21.427207
187.1	3.780183	8.688459	12.468642	21.370611
187.2	3.933476	8.535162	12.468639	21.360202
187.3	6.884817	5.583792	12.468609	21.382386
187.4	8.467660	4.000936	12.468595	21.417080
187.5	6.762521	5.706095	12.468616	21.444687
187.6	4.599880	7.868759	12.468639	21.452109
187.7	5.229483	7.239148	12.468631	21.435720
187.8	7.546841	4.921763	12.468604	21.400436
187.9	7.768424	4.700174	12.468598	21.355563
188	5.107647	7.360977	12.468624	21.309360
188.1	3.192640	9.276006	12.468645	21.264752
188.2	5.000206	7.468424	12.468630	21.218140
188.3	8.428227	4.040371	12.468598	21.161996
188.4	8.948554	3.520039	12.468593	21.090279
188.5	5.842271	6.626351	12.468623	21.004404
188.6	3.294977	9.173670	12.468647	20.917027
188.7	4.668526	7.800105	12.468632	20.851520
188.8	7.863115	4.605484	12.468599	20.836539
188.9	8.303317	4.165278	12.468595	20.897028
189	5.437139	7.031487	12.468626	21.044557
189.1	3.583901	8.884747	12.468648	21.270558
189.2	5.786250	6.682378	12.468628	21.545308
189.3	9.257743	3.210850	12.468593	21.823754
189.4	9.039097	3.429494	12.468592	22.056935
189.5	5.018932	7.449697	12.468629	22.205653
189.6	2.460274	10.008381	12.468655	22.252060
189.7	4.936784	7.531849	12.468632	22.205221
189.8	9.262092	3.206498	12.468591	22.098565
189.9	9.617209	2.851377	12.468587	21.979762
190	5.495157	6.973470	12.468627	21.896145
190.1	2.547963	9.920694	12.468657	21.880344
190.2	4.919331	7.549303	12.468634	21.940856
190.3	9.440709	3.027881	12.468589	22.060656
190.4	9.818067	2.650517	12.468584	22.204274
190.5	5.321781	7.146846	12.468627	22.330872
190.6	2.052048	10.416613	12.468661	22.408813
190.7	4.737012	7.731626	12.468638	22.426675
190.8	10.060557	2.408029	12.468586	22.396910
190.9	10.804357	1.664219	12.468576	22.350879
191	5.541040	6.927583	12.468623	22.327045
191.1	0.838893	11.629773	12.468666	22.356500
191.2	2.749873	9.718775	12.468648	22.450962
191.3	8.788108	3.680485	12.468593	22.597568
191.4	11.152795	1.315777	12.468572	22.762409
191.5	6.990208	5.478406	12.468613	22.901718
191.6	2.047996	10.420664	12.468660	22.976898
191.7	2.898478	9.570173	12.468650	22.968216
191.8	8.189249	4.279350	12.468598	22.882371
191.9	10.600213	1.868362	12.468574	22.751212
192	6.761518	5.707092	12.468611	22.621912
192.1	1.763165	10.705493	12.468658	22.541785
192.2	2.280968	10.187685	12.468653	22.542806
192.3	7.656051	4.812552	12.468603	22.630922
192.4	10.870158	1.598417	12.468575	22.783689
192.5	7.940261	4.528344	12.468605	22.956899
192.6	3.047946	9.420705	12.468651	23.097947
192.7	2.698478	9.770174	12.468652	23.161487
192.8	7.016642	5.451967	12.468608	23.122344
192.9	9.884031	2.584550	12.468581	22.981731
193	7.440803	5.027803	12.468606	22.765170
193.1	3.257203	9.211446	12.468649	22.513341
193.2	3.287145	9.181505	12.468650	22.269289
193.3	7.678191	4.790417	12.468608	22.066413
193.4	10.589061	1.879519	12.468580	21.921027
193.5	8.106527	4.362076	12.468603	21.831428
193.6	3.445700	9.022945	12.468646	21.783010
193.7	2.546722	9.921930	12.468651	21.756837
193.8	6.236383	6.232233	12.468615	21.738125
193.9	9.474739	2.993849	12.468587	21.721397
194	8.318130	4.150473	12.468603	21.710613
194.1	4.931749	7.536889	12.468638	21.714663
194.2	4.132665	8.335978	12.468643	21.740431
194.3	6.684977	5.783637	12.468614	21.786562
194.4	8.626749	3.841845	12.468594	21.840716
194.5	7.143060	5.325550	12.468610	21.881707
194.6	4.481990	7.986648	12.468638	21.885943
194.7	4.541582	7.927055	12.468638	21.835874
194.8	7.218645	5.249965	12.468609	21.727259
194.9	8.594117	3.874478	12.468594	21.572424
195	6.581267	5.887348	12.468614	21.398026
195.1	3.920061	8.548579	12.468640	21.237834
195.2	4.269223	8.199413	12.468636	21.122812
195.3	7.006443	5.462164	12.468607	21.071803
195.4	8.166964	4.301632	12.468596	21.085942
195.5	6.171991	6.296627	12.468618	21.148669
195.6	4.119860	8.348782	12.468642	21.231314
195.7	5.274863	7.193769	12.468632	21.302345
195.8	8.166720	4.301880	12.468600	21.337194
195.9	8.462989	4.005604	12.468593	21.325444
196	5.205974	7.262649	12.468623	21.273151
196.1	2.563716	9.904934	12.468650	21.199790
196.2	4.281645	8.186991	12.468636	21.131093
196.3	8.356360	4.112238	12.468598	21.090398
196.4	9.507101	2.961487	12.468588	21.091462
196.5	6.323533	6.145087	12.468620	21.135053
196.6	3.264093	9.204557	12.468650	21.210224
196.7	4.563519	7.905118	12.468637	21.299517
196.8	8.343133	4.125465	12.468598	21.386054
196.9	9.164044	3.304544	12.468588	21.459905
197	5.660381	6.808241	12.468622	21.521530
197.1	2.661216	9.807438	12.468654	21.581154
197.2	4.614736	7.853902	12.468638	21.654426
197.3	9.239811	3.228782	12.468594	21.755920
197.4	10.342537	2.126045	12.468582	21.892755
197.5	6.242615	6.226005	12.468620	22.060496
197.6	2.290083	10.178574	12.468657	22.242712
197.7	3.758813	8.709830	12.468643	22.414362
197.8	8.624703	3.843893	12.468595	22.548034
197.9	10.195441	2.273139	12.468579	22.621186
198	6.243335	6.225283	12.468618	22.622377
198.1	2.218002	10.250657	12.468660	22.554789
198.2	3.924452	8.544194	12.468646	22.436176
198.3	9.438830	3.029764	12.468594	22.295342
198.4	11.380341	1.088231	12.468572	22.166075
198.5	6.780746	5.687866	12.468613	22.080029
198.6	1.322309	11.146353	12.468662	22.060167
198.7	2.024337	10.444319	12.468656	22.116132
198.8	7.961726	4.506875	12.468601	22.242457
198.9	11.413862	1.054708	12.468570	22.419878
199	7.998594	4.470009	12.468603	22.619410
199.1	2.344702	10.123953	12.468655	22.808358
199.2	1.827354	10.641304	12.468658	22.957005
199.3	6.823777	5.644832	12.468609	23.044645
199.4	10.462513	2.006062	12.468575	23.063644
199.5	7.987844	4.480757	12.468601	23.020628
199.6	3.035775	9.432876	12.468650	22.934439
199.7	2.498108	9.970547	12.468656	22.831259
199.8	7.111653	5.356957	12.468610	22.738022
199.9	10.524911	1.943666	12.468576	22.675723
200	7.973714	4.494886	12.468600	22.654372
