#time	ekin		epot		etot		chain_length
0.1	8.391872	3.348759	11.740631	22.306749
0.2	2.584952	9.155731	11.740684	22.555806
0.3	1.772350	9.968339	11.740689	22.705977
0.4	6.696383	5.044257	11.740641	22.743830
0.5	10.604150	1.136454	11.740604	22.686220
0.6	8.381945	3.358683	11.740628	22.573506
0.7	3.276252	8.464426	11.740678	22.455907
0.8	2.302241	9.438445	11.740687	22.377653
0.9	6.723682	5.016961	11.740643	22.364124
1	10.459895	1.280712	11.740607	22.415998
1.1	8.398265	3.342362	11.740626	22.511899
1.2	3.263002	8.477673	11.740675	22.618133
1.3	1.851479	9.889208	11.740687	22.701727
1.4	5.898151	5.842497	11.740648	22.742097
1.5	9.907086	1.833525	11.740611	22.737334
1.6	8.661481	3.079144	11.740625	22.703219
1.7	4.100891	7.639778	11.740669	22.665726
1.8	2.418319	9.322364	11.740683	22.650059
1.9	5.620400	6.120250	11.740650	22.670415
2	9.062153	2.678463	11.740616	22.724229
2.1	8.023222	3.717406	11.740628	22.792929
2.2	4.108210	7.632457	11.740667	22.848805
2.3	2.827865	8.912815	11.740680	22.865369
2.4	5.956234	5.784415	11.740649	22.827387
2.5	9.214679	2.525939	11.740618	22.736930
2.6	8.248635	3.491993	11.740629	22.613283
2.7	4.507089	7.233576	11.740665	22.486791
2.8	3.063229	8.677448	11.740677	22.388824
2.9	5.648792	6.091858	11.740650	22.341429
3	8.541646	3.198977	11.740623	22.350186
3.1	7.933812	3.806821	11.740632	22.402645
3.2	5.086946	6.653717	11.740663	22.472689
3.3	4.225699	7.514971	11.740670	22.529103
3.4	6.447013	5.293633	11.740646	22.545311
3.5	8.323578	3.417047	11.740625	22.506946
3.6	6.999841	4.740797	11.740639	22.414882
3.7	4.364243	7.376424	11.740667	22.283073
3.8	4.328647	7.412021	11.740669	22.132373
3.9	7.146049	4.594592	11.740641	21.982889
4	8.939114	2.801509	11.740623	21.847719
4.1	7.182621	4.558019	11.740640	21.730246
4.2	4.343166	7.397503	11.740669	21.625678
4.3	4.411207	7.329461	11.740668	21.525876
4.4	7.177164	4.563474	11.740638	21.425296
4.5	8.454802	3.285820	11.740622	21.325514
4.6	6.104437	5.636208	11.740645	21.236425
4.7	3.330158	8.410517	11.740675	21.173502
4.8	4.326819	7.413849	11.740669	21.152092
4.9	8.175101	3.565531	11.740632	21.180821
5	9.707236	2.033379	11.740615	21.256646
5.1	6.537602	5.203041	11.740643	21.363497
5.2	2.621029	9.119650	11.740680	21.475277
5.3	3.124555	8.616120	11.740675	21.562432
5.4	7.375356	4.365278	11.740634	21.600116
5.5	9.623948	2.116664	11.740612	21.575375
5.6	6.829323	4.911317	11.740640	21.491129
5.7	2.885375	8.855305	11.740680	21.365692
5.8	3.337809	8.402867	11.740676	21.228035
5.9	7.680061	4.060572	11.740633	21.110214
6	9.878186	1.862424	11.740609	21.039210
6.1	6.641531	5.099108	11.740639	21.030461
6.2	2.171940	9.568744	11.740683	21.084742
6.3	2.657414	9.083267	11.740681	21.188979
6.4	7.777474	3.963160	11.740634	21.320472
6.5	10.856002	0.884603	11.740604	21.453089
6.6	7.741318	3.999315	11.740633	21.563685
6.7	2.510551	9.230132	11.740683	21.637123
6.8	2.134816	9.605871	11.740686	21.668840
6.9	7.125972	4.614667	11.740639	21.664698
7	10.785838	0.954766	11.740604	21.638492
7.1	8.193054	3.547574	11.740629	21.608021
7.2	2.869645	8.871036	11.740680	21.590764
7.3	2.080598	9.660091	11.740689	21.600149
7.4	7.024986	4.715657	11.740642	21.643110
7.5	11.138497	0.602106	11.740603	21.719307
7.6	8.860012	2.880612	11.740624	21.822015
7.7	3.115395	8.625282	11.740677	21.940363
7.8	1.461450	10.279243	11.740692	22.062374
7.9	6.050986	5.689663	11.740649	22.178052
8	10.833820	0.906785	11.740606	22.281740
8.1	9.645681	2.094938	11.740619	22.373090
8.2	4.285329	7.455340	11.740669	22.456295
8.3	1.878008	9.862681	11.740690	22.537717
8.4	5.297012	6.443642	11.740654	22.622541
8.5	9.560719	2.179893	11.740612	22.711525
8.6	8.810364	2.930257	11.740621	22.799022
8.7	4.212342	7.528325	11.740666	22.873210
8.8	2.167075	9.573611	11.740687	22.918831
8.9	5.509883	6.230771	11.740654	22.921912
9	9.733372	2.007242	11.740614	22.875129
9.1	9.185779	2.554841	11.740620	22.782041
9.2	4.653037	7.087625	11.740663	22.658533
9.3	2.118875	9.621809	11.740684	22.530533
9.4	4.651884	7.088773	11.740657	22.428182
9.5	8.518190	3.222430	11.740621	22.377901
9.6	8.534611	3.206013	11.740623	22.394622
9.7	5.065944	6.674715	11.740660	22.476675
9.8	3.178884	8.561794	11.740678	22.605139
9.9	5.469252	6.271403	11.740654	22.748202
10	8.599284	3.141339	11.740622	22.869462
10.1	8.127174	3.613453	11.740627	22.937786
10.2	4.701875	7.038786	11.740661	22.935740
10.3	3.061084	8.679593	11.740677	22.863984
10.4	5.429140	6.311514	11.740653	22.740245
10.5	8.556426	3.184198	11.740624	22.593259
10.6	8.341418	3.399211	11.740629	22.453685
10.7	5.417838	6.322821	11.740659	22.344996
10.8	3.995357	7.745315	11.740672	22.277287
10.9	5.846606	5.894044	11.740650	22.245911
11	8.003285	3.737343	11.740627	22.235122
11.1	7.244692	4.495944	11.740636	22.225159
11.2	4.794097	6.946567	11.740664	22.200038
11.3	4.475579	7.265090	11.740669	22.153124
11.4	7.033138	4.707506	11.740643	22.088496
11.5	8.866751	2.873872	11.740623	22.017738
11.6	7.148896	4.591742	11.740638	21.953590
11.7	4.058851	7.681819	11.740669	21.903125
11.8	3.918749	7.821923	11.740672	21.863359
11.9	7.065599	4.675042	11.740641	21.821286
12	9.159927	2.580692	11.740619	21.758620
12.1	7.172303	4.568335	11.740638	21.659651
12.2	3.766539	7.974133	11.740672	21.519237
12.3	3.742867	7.997807	11.740674	21.347717
12.4	7.265313	4.475325	11.740638	21.170443
12.5	9.383452	2.357162	11.740615	21.021574
12.6	6.832674	4.907964	11.740637	20.933851
12.7	2.814444	8.926233	11.740677	20.927742
12.8	2.881952	8.858727	11.740679	21.003781
12.9	7.275952	4.464687	11.740638	21.140984
13	10.281181	1.459429	11.740609	21.302271
13.1	7.816652	3.923980	11.740632	21.445315
13.2	3.068307	8.672370	11.740677	21.535351
13.3	2.327671	9.413012	11.740683	21.555618
13.4	6.485027	5.255615	11.740642	21.511876
13.5	9.762553	1.978056	11.740609	21.429414
13.6	7.582882	4.157748	11.740630	21.343565
13.7	2.927647	8.813030	11.740677	21.287060
13.8	2.378408	9.362277	11.740685	21.278665
13.9	7.051546	4.689096	11.740642	21.317142
14	10.810005	0.930599	11.740605	21.382697
14.1	8.435818	3.304807	11.740625	21.445373
14.2	2.828839	8.911838	11.740677	21.477366
14.3	1.353032	10.387660	11.740692	21.464734
14.4	6.034746	5.705902	11.740649	21.414113
14.5	10.769433	0.971172	11.740605	21.351803
14.6	9.406266	2.334353	11.740619	21.315264
14.7	3.931399	7.809273	11.740672	21.339852
14.8	1.759416	9.981276	11.740692	21.445406
14.9	5.764732	5.975921	11.740653	21.627525
15	10.456901	1.283706	11.740607	21.856848
15.1	9.424024	2.316593	11.740617	22.086936
15.2	3.995245	7.745424	11.740669	22.268382
15.3	1.464438	10.276256	11.740693	22.364549
15.4	5.297095	6.443563	11.740658	22.363691
15.5	10.491982	1.248627	11.740610	22.283319
15.6	10.264107	1.476505	11.740613	22.165265
15.7	5.017314	6.723348	11.740662	22.062944
15.8	1.649967	10.090724	11.740691	22.024943
15.9	4.324127	7.416536	11.740663	22.080217
16	9.145313	2.595304	11.740617	22.229617
16.1	9.660003	2.080612	11.740615	22.446293
16.2	5.485284	6.255373	11.740657	22.684583
16.3	2.485511	9.255174	11.740685	22.894245
16.4	4.613252	7.127410	11.740662	23.035263
16.5	8.680539	3.060083	11.740621	23.088506
16.6	8.973447	2.767171	11.740619	23.059112
16.7	5.118273	6.622384	11.740657	22.972053
16.8	2.443813	9.296869	11.740683	22.861947
16.9	4.588448	7.152213	11.740661	22.761004
17	8.609283	3.131340	11.740623	22.689302
17.1	9.135702	2.604918	11.740620	22.650514
17.2	5.650575	6.090079	11.740654	22.634033
17.3	2.955067	8.785612	11.740678	22.622131
17.4	4.469086	7.271575	11.740661	22.599052
17.5	7.740933	3.999695	11.740627	22.558423
17.6	8.150218	3.590407	11.740625	22.506218
17.7	5.368539	6.372116	11.740655	22.458295
17.8	3.590776	8.149899	11.740674	22.433629
17.9	5.472184	6.268472	11.740656	22.445943
18	8.414269	3.326357	11.740626	22.497024
18.1	8.311317	3.429311	11.740628	22.574298
18.2	5.333752	6.406905	11.740657	22.653651
18.3	3.610507	8.130166	11.740673	22.706566
18.4	5.389752	6.350902	11.740654	22.709045
18.5	7.987679	3.752948	11.740628	22.649232
18.6	7.752549	3.988083	11.740632	22.531105
18.7	5.289162	6.451498	11.740660	22.373057
18.8	4.469930	7.270741	11.740670	22.201977
18.9	6.692393	5.048254	11.740647	22.044960
19	8.700995	3.039629	11.740623	21.921488
19.1	7.249742	4.490893	11.740635	21.838646
19.2	4.011097	7.729570	11.740668	21.790729
19.3	3.529579	8.211096	11.740675	21.763032
19.4	6.808697	4.931947	11.740645	21.738173
19.5	9.575055	2.165563	11.740617	21.702530
19.6	7.994967	3.745664	11.740632	21.650542
19.7	4.091519	7.649150	11.740669	21.585503
19.8	3.162584	8.578094	11.740679	21.516897
19.9	6.486324	5.254321	11.740645	21.455548
20	9.394584	2.346030	11.740615	21.408602
20.1	7.639157	4.101474	11.740630	21.376334
20.2	3.423669	8.317004	11.740672	21.351965
20.3	2.602083	9.138599	11.740683	21.324526
20.4	6.601814	5.138831	11.740645	21.283653
20.5	10.164122	1.576488	11.740610	21.224494
20.6	8.316454	3.424171	11.740625	21.150870
20.7	3.270969	8.469704	11.740673	21.075463
20.8	1.695556	10.045133	11.740688	21.016845
20.9	5.774239	5.966411	11.740650	20.994222
21	10.129067	1.611542	11.740609	21.021541
21.1	8.961385	2.779235	11.740620	21.102762
21.2	3.885516	7.855153	11.740669	21.229755
21.3	1.793262	9.947427	11.740690	21.383432
21.4	5.516667	6.223986	11.740653	21.537789
21.5	9.931068	1.809541	11.740609	21.665760
21.6	8.894236	2.846383	11.740618	21.745330
21.7	3.689797	8.050872	11.740669	21.764444
21.8	1.444655	10.296038	11.740693	21.723597
21.9	5.499870	6.240786	11.740657	21.635665
22	10.721798	1.018810	11.740608	21.523146
22.1	10.222586	1.518025	11.740612	21.413533
22.2	4.573799	7.166865	11.740664	21.333822
22.3	1.127236	10.613459	11.740695	21.305252
22.4	4.289084	7.451580	11.740664	21.339292
22.5	9.740528	2.000085	11.740613	21.435607
22.6	10.290585	1.450025	11.740610	21.582411
22.7	5.448501	6.292157	11.740658	21.759161
22.8	1.911279	9.829412	11.740692	21.941098
22.9	4.461453	7.279214	11.740667	22.104701
23	9.594807	2.145810	11.740617	22.232835
23.1	10.348851	1.391759	11.740610	22.318335
23.2	5.676784	6.063869	11.740654	22.365059
23.3	1.758261	9.982428	11.740690	22.386035
23.4	3.666263	8.074408	11.740670	22.399111
23.5	8.711576	3.029047	11.740623	22.421297
23.6	10.253374	1.487237	11.740611	22.463450
23.7	6.569385	5.171263	11.740648	22.526978
23.8	2.832807	8.907876	11.740682	22.603673
23.9	3.875857	7.864812	11.740669	22.678828
24	7.805313	3.935316	11.740628	22.736705
24.1	8.965282	2.775335	11.740617	22.766515
24.2	5.821202	5.919448	11.740650	22.766821
24.3	2.884355	8.856324	11.740679	22.746674
24.4	4.298547	7.442119	11.740665	22.722841
24.5	8.131952	3.608676	11.740628	22.713875
24.6	9.150386	2.590233	11.740619	22.732943
24.7	6.030360	5.710289	11.740649	22.781971
24.8	3.040194	8.700483	11.740677	22.849343
24.9	4.081373	7.659292	11.740665	22.912319
25	7.468584	4.272047	11.740631	22.943732
25.1	8.515532	3.225091	11.740623	22.920960
25.2	6.060346	5.680304	11.740650	22.834237
25.3	3.822700	7.917973	11.740673	22.691391
25.4	4.960817	6.779842	11.740659	22.517149
25.5	7.668867	4.071763	11.740631	22.346911
25.6	7.935689	3.804938	11.740628	22.216769
25.7	5.367188	6.373467	11.740655	22.152882
25.8	3.742191	7.998482	11.740673	22.163638
25.9	5.561551	6.179105	11.740656	22.237180
26	8.405308	3.335319	11.740627	22.345120
26.1	8.322990	3.417638	11.740628	22.451205
26.2	5.455925	6.284732	11.740657	22.522041
26.3	3.866634	7.874039	11.740673	22.536352
26.4	5.755464	5.985189	11.740653	22.489774
26.5	8.288125	3.452500	11.740625	22.393841
26.6	7.651511	4.089120	11.740631	22.269851
26.7	4.649280	7.091383	11.740663	22.140108
26.8	3.753660	7.987016	11.740676	22.019890
26.9	6.697761	5.042887	11.740649	21.913096
27	9.648711	2.091907	11.740618	21.813080
27.1	8.294075	3.446553	11.740627	21.708110
27.2	4.021925	7.718742	11.740667	21.589099
27.3	2.418267	9.322416	11.740683	21.456320
27.4	5.740459	6.000193	11.740652	21.322150
27.5	9.622943	2.117672	11.740615	21.208421
27.6	8.823393	2.917229	11.740622	21.139032
27.7	4.395270	7.345396	11.740665	21.130455
27.8	2.392247	9.348438	11.740686	21.183759
27.9	5.622235	6.118419	11.740654	21.281466
28	9.657481	2.083132	11.740613	21.390925
28.1	8.761165	2.979455	11.740619	21.473588
28.2	3.834468	7.906198	11.740666	21.497289
28.3	1.451556	10.289135	11.740690	21.447380
28.4	5.023763	6.716895	11.740658	21.332724
28.5	10.004804	1.735808	11.740612	21.184143
28.6	9.824066	1.916547	11.740613	21.045491
28.7	4.712839	7.027822	11.740661	20.960084
28.8	1.474623	10.266069	11.740692	20.956917
28.9	4.372917	7.367746	11.740663	21.041315
29	9.388362	2.352252	11.740614	21.193241
29.1	9.660419	2.080192	11.740612	21.373890
29.2	4.811252	6.929407	11.740659	21.538387
29.3	1.510089	10.230603	11.740692	21.650302
29.4	4.434365	7.306300	11.740666	21.693031
29.5	9.831048	1.909566	11.740614	21.674217
29.6	10.462232	1.278376	11.740607	21.621768
29.7	5.354995	6.385660	11.740655	21.573000
29.8	1.217887	10.522807	11.740694	21.560794
29.9	3.550659	8.190014	11.740673	21.601703
30	9.333004	2.407615	11.740619	21.690244
30.1	11.056536	0.684069	11.740605	21.801371
30.2	6.655020	5.085627	11.740647	21.900252
30.3	2.077968	9.662721	11.740689	21.955838
30.4	3.237198	8.503478	11.740675	21.953354
30.5	8.248172	3.492455	11.740627	21.901170
30.6	10.243506	1.497103	11.740609	21.829486
30.7	6.697518	5.043126	11.740645	21.781068
30.8	2.635312	9.105372	11.740684	21.797114
30.9	3.633062	8.107612	11.740674	21.902985
31	8.292851	3.447778	11.740629	22.098695
31.1	10.292947	1.447664	11.740610	22.357397
31.2	6.978744	4.761898	11.740642	22.632469
31.3	2.788409	8.952271	11.740680	22.870909
31.4	3.111686	8.628988	11.740674	23.028680
31.5	7.145593	4.595041	11.740635	23.083106
31.6	9.320192	2.420424	11.740616	23.038467
31.7	6.980489	4.760153	11.740642	22.923283
31.8	3.714312	8.026363	11.740674	22.780520
31.9	4.075024	7.665645	11.740669	22.654168
32	7.292566	4.448068	11.740634	22.576648
32.1	8.604906	3.135715	11.740621	22.560918
32.2	6.061089	5.679557	11.740646	22.599386
32.3	3.204828	8.535847	11.740675	22.669317
32.4	4.041580	7.699087	11.740667	22.742308
32.5	7.463246	4.277388	11.740634	22.794240
32.6	8.864958	2.875663	11.740622	22.812314
32.7	6.537492	5.203154	11.740646	22.797077
32.8	3.874213	7.866458	11.740672	22.759336
32.9	4.475172	7.265492	11.740663	22.713697
33	7.173486	4.567148	11.740634	22.671550
33.1	7.920817	3.819809	11.740627	22.636297
33.2	5.678886	6.061765	11.740651	22.602555
33.3	3.870970	7.869702	11.740672	22.559419
33.4	5.368518	6.372140	11.740658	22.496271
33.5	8.236735	3.503894	11.740629	22.408675
33.6	8.401118	3.339508	11.740626	22.301909
33.7	5.509727	6.230928	11.740655	22.190636
33.8	3.592985	8.147690	11.740675	22.094711
33.9	5.415637	6.325020	11.740657	22.032582
34	8.460333	3.280292	11.740626	22.014657
34.1	8.376101	3.364525	11.740626	22.039033
34.2	5.192826	6.547832	11.740658	22.091141
34.3	3.463052	8.277626	11.740678	22.147478
34.4	5.868183	5.872472	11.740655	22.182207
34.5	9.190520	2.550100	11.740620	22.174433
34.6	8.577669	3.162954	11.740623	22.113828
34.7	4.451569	7.289093	11.740662	22.002909
34.8	2.335874	9.404811	11.740685	21.855451
34.9	5.409042	6.331617	11.740658	21.691822
35	9.866026	1.874590	11.740616	21.532952
35.1	9.750259	1.990357	11.740615	21.394957
35.2	5.011658	6.729001	11.740659	21.286039
35.3	1.795385	9.945304	11.740689	21.206340
35.4	4.284022	7.456642	11.740664	21.150408
35.5	9.018674	2.721944	11.740618	21.111047
35.6	9.521142	2.219471	11.740613	21.082991
35.7	5.101358	6.639299	11.740657	21.065097
35.8	1.869428	9.871261	11.740689	21.060377
35.9	4.422923	7.317743	11.740666	21.074050
36	9.442005	2.298612	11.740617	21.110497
36.1	10.034009	1.706600	11.740609	21.170316
36.2	5.111809	6.628845	11.740654	21.248590
36.3	1.078569	10.662124	11.740693	21.335000
36.4	3.347544	8.393128	11.740672	21.415782
36.5	9.027902	2.712718	11.740620	21.476968
36.6	10.697922	1.042683	11.740605	21.507966
36.7	6.290628	5.450020	11.740648	21.504516
36.8	1.818061	9.922629	11.740690	21.470247
36.9	3.259169	8.481507	11.740675	21.416461
37	8.537792	3.202832	11.740624	21.360166
37.1	10.392785	1.347821	11.740605	21.320760
37.2	6.238653	5.501992	11.740645	21.315999
37.3	1.692273	10.048417	11.740690	21.358027
37.4	3.011649	8.729030	11.740679	21.450255
37.5	8.648153	3.092474	11.740627	21.585813
37.6	11.273563	0.467040	11.740603	21.748072
37.7	7.522814	4.217825	11.740638	21.913393
37.8	2.387164	9.353521	11.740685	22.055810
37.9	2.491702	9.248980	11.740682	22.152808
38	7.387622	4.353013	11.740635	22.190956
38.1	10.430147	1.310461	11.740608	22.169921
38.2	7.779056	3.961580	11.740635	22.103619
38.3	3.315447	8.425231	11.740679	22.017818
38.4	3.109335	8.631344	11.740679	21.944451
38.5	7.220659	4.519979	11.740638	21.913868
38.6	9.887685	1.852927	11.740612	21.947018
38.7	7.514888	4.225748	11.740636	22.049765
38.8	3.432573	8.308102	11.740675	22.211109
38.9	3.154487	8.586190	11.740677	22.406013
39	6.884524	4.856116	11.740640	22.602175
39.1	9.469166	2.271450	11.740616	22.768823
39.2	7.547552	4.193084	11.740636	22.884883
39.3	3.945268	7.795403	11.740671	22.944003
39.4	3.512236	8.228436	11.740672	22.954848
39.5	6.460316	5.280325	11.740641	22.936640
39.6	8.386931	3.353691	11.740622	22.911471
39.7	6.627669	5.112972	11.740641	22.896066
39.8	3.895486	7.845184	11.740670	22.895882
39.9	4.253845	7.486823	11.740667	22.903632
40	7.289063	4.451573	11.740637	22.902812
40.1	8.710877	3.029745	11.740622	22.874976
40.2	6.437329	5.303315	11.740644	22.808121
40.3	3.539727	8.200945	11.740672	22.703045
40.4	3.941041	7.799626	11.740667	22.575175
40.5	6.973641	4.766996	11.740637	22.450894
40.6	8.426831	3.313792	11.740624	22.359394
40.7	6.509577	5.231069	11.740646	22.322754
40.8	4.260694	7.479976	11.740670	22.347687
40.9	5.053108	6.687553	11.740661	22.422007
41	7.676380	4.064252	11.740632	22.517274
41.1	8.084627	3.655999	11.740626	22.597001
41.2	5.363806	6.376847	11.740653	22.627810
41.3	3.316398	8.424278	11.740676	22.589859
41.4	5.161488	6.579173	11.740661	22.483006
41.5	8.741673	2.998953	11.740626	22.326628
41.6	9.226207	2.514414	11.740620	22.153140
41.7	5.829805	5.910848	11.740653	21.997463
41.8	3.138581	8.602099	11.740680	21.886035
41.9	4.886477	6.854185	11.740663	21.829118
42	8.660585	3.080040	11.740624	21.818913
42.1	9.072861	2.667757	11.740618	21.833929
42.2	5.287344	6.453311	11.740655	21.847790
42.3	2.459520	9.281165	11.740685	21.839130
42.4	4.763451	6.977214	11.740665	21.798895
42.5	9.413613	2.327008	11.740620	21.732422
42.6	10.123087	1.617524	11.740611	21.655660
42.7	5.632675	6.107977	11.740652	21.587184
42.8	1.703090	10.037599	11.740689	21.539241
42.9	3.549519	8.191153	11.740672	21.511517
43	8.760139	2.980484	11.740623	21.490273
43.1	10.388651	1.351956	11.740607	21.453495
43.2	6.252534	5.488113	11.740647	21.380295
43.3	1.915533	9.825156	11.740688	21.261073
43.4	3.208741	8.531934	11.740675	21.104412
43.5	8.322402	3.418224	11.740625	20.937688
43.6	10.218689	1.521917	11.740606	20.800558
43.7	6.195039	5.545605	11.740644	20.733077
43.8	1.651394	10.089295	11.740689	20.762311
43.9	2.853832	8.886847	11.740679	20.892068
44	8.400411	3.340216	11.740627	21.099535
44.1	10.969566	0.771037	11.740602	21.340381
44.2	7.101581	4.639058	11.740639	21.561029
44.3	1.873334	9.867353	11.740687	21.714276
44.4	2.145781	9.594902	11.740684	21.773229
44.5	7.437935	4.302699	11.740633	21.738971
44.6	10.662244	1.078360	11.740604	21.639416
44.7	7.664637	4.075997	11.740634	21.519750
44.8	2.707327	9.033355	11.740683	21.427665
44.9	2.597232	9.143452	11.740684	21.398321
45	7.482359	4.258278	11.740636	21.443999
45.1	10.719629	1.020976	11.740605	21.551748
45.2	7.884071	3.856560	11.740632	21.689581
45.3	2.716068	9.024613	11.740680	21.818818
45.4	2.075068	9.665618	11.740686	21.908161
45.5	6.803606	4.937037	11.740642	21.944562
45.6	10.736595	1.004013	11.740608	21.937191
45.7	8.968271	2.772356	11.740627	21.913277
45.8	4.161999	7.578673	11.740672	21.907484
45.9	2.657273	9.083410	11.740682	21.948708
46	5.973663	5.766984	11.740647	22.049030
46.1	9.178571	2.562045	11.740616	22.198731
46.2	7.915410	3.825221	11.740631	22.369111
46.3	4.229008	7.511661	11.740669	22.522096
46.4	3.414700	8.325977	11.740677	22.623257
46.5	6.593528	5.147116	11.740645	22.653732
46.6	9.306224	2.434394	11.740618	22.616958
46.7	7.808491	3.932142	11.740633	22.537943
46.8	4.176508	7.564160	11.740668	22.455388
46.9	3.281587	8.459087	11.740674	22.409354
47	6.068133	5.672512	11.740645	22.428587
47.1	8.473663	3.266959	11.740622	22.521638
47.2	7.244424	4.496212	11.740636	22.674486
47.3	4.363402	7.377265	11.740667	22.855181
47.4	4.020988	7.719681	11.740669	23.023676
47.5	6.616847	5.123795	11.740642	23.143484
47.6	8.295575	3.445048	11.740624	23.191395
47.7	6.545758	5.194883	11.740641	23.162411
47.8	3.827652	7.913017	11.740669	23.068835
47.9	4.076486	7.664182	11.740668	22.934443
48	7.070197	4.670442	11.740638	22.786191
48.1	8.683016	3.057607	11.740622	22.646455
48.2	6.700205	5.040438	11.740643	22.528258
48.3	3.959709	7.780961	11.740671	22.434603
48.4	4.332014	7.408652	11.740666	22.361446
48.5	7.209171	4.531465	11.740636	22.302534
48.6	8.365424	3.375200	11.740623	22.253887
48.7	6.052315	5.688332	11.740647	22.216064
48.8	3.650396	8.090279	11.740674	22.193424
48.9	4.921106	6.819559	11.740665	22.190923
49	8.446833	3.293796	11.740629	22.209983
49.1	9.298174	2.442444	11.740618	22.245348
49.2	5.931166	5.809483	11.740649	22.284436
49.3	2.694987	9.045694	11.740681	22.309700
49.4	4.093348	7.647321	11.740669	22.303353
49.5	8.469586	3.271042	11.740628	22.252851
49.6	9.991193	1.749420	11.740613	22.155227
49.7	6.551995	5.188651	11.740646	22.018733
49.8	2.812494	8.928189	11.740683	21.861141
49.9	3.950236	7.790436	11.740672	21.705205
50	8.470807	3.269820	11.740627	21.572691
50.1	10.046323	1.694286	11.740609	21.478826
50.2	6.163043	5.577602	11.740645	21.428785
50.3	1.829428	9.911259	11.740687	21.417138
50.4	3.013525	8.727153	11.740679	21.430208
50.5	8.471506	3.269123	11.740628	21.450413
50.6	11.128960	0.611643	11.740603	21.461173
50.7	7.428464	4.312173	11.740637	21.450964
50.8	2.153953	9.586732	11.740685	21.415505
50.9	2.127972	9.612712	11.740684	21.357768
51	7.142393	4.598242	11.740635	21.286155
51.1	10.309880	1.430725	11.740605	21.211657
51.2	7.380743	4.359890	11.740634	21.144916
51.3	2.456794	9.283888	11.740683	21.093998
51.4	2.378264	9.362420	11.740684	21.063273
51.5	7.384117	4.356520	11.740636	21.053455
51.6	10.717750	1.022853	11.740603	21.062537
51.7	7.757722	3.982908	11.740631	21.087194
51.8	2.337786	9.402896	11.740682	21.124234
51.9	1.677647	10.063041	11.740689	21.171726
52	6.715511	5.025131	11.740642	21.229551
52.1	10.842648	0.897956	11.740604	21.299237
52.2	8.720612	3.020013	11.740625	21.383043
52.3	3.327614	8.413062	11.740676	21.482455
52.4	1.854114	9.886575	11.740689	21.596398
52.5	6.088905	5.651742	11.740647	21.719712
52.6	10.205625	1.534983	11.740608	21.842498
52.7	8.736036	3.004588	11.740624	21.950884
52.8	3.852724	7.887948	11.740672	22.029455
52.9	2.255467	9.485220	11.740687	22.065068
53	6.088798	5.651852	11.740650	22.051206
53.1	10.185423	1.555189	11.740612	21.991585
53.2	9.140034	2.600589	11.740623	21.901648
53.3	4.482230	7.258437	11.740667	21.806944
53.4	2.395275	9.345409	11.740684	21.738235
53.5	5.374705	6.365949	11.740654	21.724213
53.6	9.168366	2.572252	11.740618	21.783652
53.7	8.806375	2.934251	11.740625	21.919309
53.8	5.208713	6.531949	11.740662	22.115663
53.9	3.505550	8.235127	11.740677	22.341602
54	5.805489	5.935162	11.740651	22.557747
54.1	8.517983	3.222640	11.740622	22.726588
54.2	7.649601	4.091031	11.740631	22.822564
54.3	4.423431	7.317233	11.740664	22.839035
54.4	3.429964	8.310711	11.740674	22.789905
54.5	6.115437	5.625211	11.740648	22.705228
54.6	8.795838	2.944784	11.740622	22.622042
54.7	7.851444	3.889188	11.740633	22.573231
54.8	4.707448	7.033216	11.740664	22.577892
54.9	3.684941	8.055730	11.740671	22.636275
55	5.909658	5.830988	11.740646	22.730843
55.1	7.898923	3.841702	11.740625	22.832993
55.2	6.694138	5.046500	11.740638	22.913074
55.3	4.134448	7.606219	11.740667	22.950250
55.4	4.168587	7.572082	11.740669	22.938819
55.5	7.062669	4.677972	11.740640	22.888888
55.6	8.836145	2.904477	11.740621	22.821317
55.7	6.860873	4.879766	11.740640	22.758879
55.8	3.721132	8.019539	11.740671	22.716964
55.9	3.736412	8.004258	11.740671	22.697316
56	6.901612	4.839027	11.740639	22.687182
56.1	8.809931	2.930689	11.740620	22.664309
56.2	6.821590	4.919051	11.740641	22.605989
56.3	3.852199	7.888474	11.740673	22.498877
56.4	4.308934	7.431736	11.740670	22.345854
56.5	7.745339	3.995296	11.740635	22.167235
56.6	9.261895	2.478721	11.740617	21.995596
56.7	6.382358	5.358285	11.740643	21.865779
56.8	2.852600	8.888079	11.740679	21.803463
56.9	3.733516	8.007159	11.740674	21.816267
57	8.268148	3.472484	11.740632	21.890576
57.1	10.508406	1.232204	11.740609	21.995305
57.2	7.268806	4.471833	11.740638	22.091402
57.3	2.677596	9.063086	11.740682	22.143888
57.4	2.841105	8.899576	11.740681	22.132308
57.5	7.580949	4.159686	11.740635	22.056073
57.6	10.508208	1.232399	11.740607	21.932968
57.7	7.592093	4.148541	11.740634	21.791575
57.8	2.715500	9.025182	11.740682	21.660482
57.9	2.535133	9.205552	11.740684	21.558294
58	7.425925	4.314712	11.740638	21.488073
58.1	10.803254	0.937350	11.740604	21.438142
58.2	7.935493	3.805137	11.740629	21.388807
58.3	2.436278	9.304403	11.740681	21.322264
58.4	1.566561	10.174129	11.740690	21.231761
58.5	6.529033	5.211610	11.740643	21.126307
58.6	10.799813	0.940791	11.740604	21.028856
58.7	8.807233	2.933391	11.740623	20.968380
58.8	3.329720	8.410956	11.740676	20.968599
58.9	1.686038	10.054652	11.740690	21.037558
59	5.886302	5.854345	11.740648	21.162131
59.1	10.024779	1.715828	11.740607	21.309909
59.2	8.373008	3.367615	11.740623	21.438309
59.3	3.176523	8.564151	11.740674	21.508143
59.4	1.608911	10.131780	11.740691	21.497086
59.5	6.029545	5.711105	11.740650	21.408352
59.6	10.724272	1.016334	11.740606	21.271336
59.7	9.519538	2.221079	11.740618	21.133640
59.8	4.007626	7.733043	11.740669	21.046848
59.9	1.376114	10.364578	11.740692	21.050556
60	4.862422	6.878236	11.740657	21.159882
60.1	9.644923	2.095690	11.740613	21.360521
60.2	9.481146	2.259471	11.740617	21.613000
60.3	4.974069	6.766594	11.740662	21.864687
60.4	2.444537	9.296149	11.740686	22.065617
60.5	5.250863	6.489794	11.740658	22.182993
60.6	9.413714	2.326903	11.740617	22.209753
60.7	9.239623	2.500996	11.740620	22.164691
60.8	5.044803	6.695857	11.740660	22.084473
60.9	2.540077	9.200606	11.740684	22.010567
61	5.002992	6.737667	11.740659	21.975648
61.1	9.005886	2.734735	11.740621	21.994048
61.2	9.275518	2.465104	11.740621	22.059187
61.3	5.767076	5.973581	11.740656	22.148448
61.4	3.371556	8.369121	11.740677	22.233331
61.5	5.050525	6.690133	11.740657	22.291042
61.6	8.025405	3.715221	11.740627	22.313297
61.7	8.008498	3.732130	11.740628	22.309306
61.8	5.234379	6.506280	11.740658	22.302067
61.9	3.873078	7.867595	11.740673	22.319468
62	5.932464	5.808188	11.740651	22.383511
62.1	8.407722	3.332903	11.740625	22.501515
62.2	7.633587	4.107045	11.740632	22.662383
62.3	4.557463	7.183199	11.740662	22.839151
62.4	3.433393	8.307280	11.740673	22.996896
62.5	5.812061	5.928588	11.740649	23.103240
62.6	8.352053	3.388571	11.740624	23.137940
62.7	7.544536	4.196098	11.740633	23.098500
62.8	4.651984	7.088679	11.740663	23.000174
62.9	3.860694	7.879978	11.740671	22.870680
63	6.271436	5.469210	11.740645	22.741604
63.1	8.294668	3.445955	11.740623	22.639440
63.2	6.808460	4.932177	11.740637	22.579052
63.3	3.777883	7.962786	11.740669	22.561307
63.4	3.639411	8.101262	11.740673	22.575127
63.5	6.963407	4.777235	11.740642	22.602709
63.6	9.377842	2.362775	11.740618	22.625795
63.7	7.531474	4.209161	11.740635	22.630810
63.8	3.882546	7.858126	11.740671	22.611384
63.9	3.452137	8.288539	11.740676	22.567922
64	6.835795	4.904847	11.740641	22.504981
64.1	9.235825	2.504790	11.740616	22.427954
64.2	7.114329	4.626307	11.740636	22.340560
64.3	3.331431	8.409245	11.740675	22.244128
64.4	3.398105	8.342573	11.740679	22.138774
64.5	7.725222	4.015417	11.740638	22.025693
64.6	10.641472	1.099137	11.740608	21.909353
64.7	7.944612	3.796019	11.740631	21.798389
64.8	2.866857	8.873822	11.740678	21.704556
64.9	2.066261	9.674426	11.740687	21.639895
65	6.719681	5.020963	11.740644	21.612995
65.1	10.748975	0.991631	11.740606	21.625643
65.2	8.834050	2.906574	11.740624	21.671082
65.3	3.567044	8.173631	11.740675	21.734565
65.4	2.022669	9.718020	11.740689	21.796188
65.5	6.230532	5.510116	11.740648	21.835241
65.6	10.395064	1.345543	11.740607	21.834884
65.7	8.716152	3.024469	11.740622	21.785917
65.8	3.305991	8.434683	11.740673	21.688728
65.9	1.443134	10.297558	11.740692	21.553041
66	5.764069	5.976583	11.740652	21.395717
66.1	10.610142	1.130464	11.740606	21.237252
66.2	9.532796	2.207820	11.740616	21.097846
66.3	3.918279	7.822390	11.740668	20.993872
66.4	1.141468	10.599225	11.740693	20.935331
66.5	4.731993	7.008665	11.740658	20.924658
66.6	9.754211	1.986399	11.740611	20.956909
66.7	9.529069	2.211546	11.740614	21.021238
66.8	4.564853	7.175810	11.740663	21.103346
66.9	1.707687	10.033004	11.740691	21.188497
67	4.806174	6.934485	11.740660	21.264538
67.1	9.568108	2.172506	11.740614	21.324323
67.2	9.471310	2.269305	11.740614	21.366936
67.3	4.617443	7.123218	11.740661	21.397322
67.4	1.564959	10.175732	11.740691	21.424303
67.5	4.475480	7.265183	11.740664	21.457429
67.6	9.570043	2.170573	11.740617	21.503535
67.7	10.253776	1.486836	11.740612	21.564125
67.8	5.857850	5.882804	11.740654	21.634556
67.9	2.294609	9.446077	11.740686	21.705501
68	4.026620	7.714046	11.740666	21.766406
68.1	8.322740	3.417884	11.740624	21.809885
68.2	9.310842	2.429775	11.740617	21.835483
68.3	5.969385	5.771267	11.740652	21.851259
68.4	3.196793	8.543887	11.740680	21.872240
68.5	4.865981	6.874682	11.740663	21.915838
68.6	8.601898	3.138728	11.740626	21.995474
68.7	9.264292	2.476328	11.740620	22.114505
68.8	6.034212	5.706441	11.740652	22.262747
68.9	3.333942	8.406735	11.740677	22.417242
69	4.609486	7.131175	11.740661	22.547623
69.1	7.762756	3.977874	11.740630	22.624847
69.2	8.373069	3.367557	11.740626	22.630722
69.3	5.895969	5.844685	11.740654	22.565121
69.4	4.141574	7.599098	11.740672	22.448232
69.5	5.633194	6.107461	11.740655	22.316620
69.6	8.017636	3.722992	11.740628	22.213858
69.7	7.573370	4.167261	11.740631	22.178326
69.8	4.689832	7.050828	11.740660	22.231868
69.9	3.423997	8.316676	11.740674	22.372912
70	5.718322	6.022330	11.740652	22.576377
70.1	8.515682	3.224942	11.740624	22.800549
70.2	7.961653	3.778977	11.740630	22.998872
70.3	4.828734	6.911927	11.740661	23.132990
70.4	3.470502	8.270172	11.740674	23.182935
70.5	5.700786	6.039864	11.740650	23.151305
70.6	8.225621	3.515002	11.740624	23.060308
70.7	7.332578	4.408054	11.740632	22.942889
70.8	4.259805	7.480860	11.740665	22.831152
70.9	3.551049	8.189626	11.740675	22.746082
71	6.545910	5.194736	11.740646	22.692044
71.1	9.210662	2.529956	11.740618	22.657719
71.2	7.642261	4.098370	11.740631	22.622816
71.3	3.720889	8.019781	11.740670	22.567848
71.4	2.822742	8.917938	11.740680	22.483149
71.5	6.426516	5.314131	11.740647	22.373691
71.6	9.822016	1.918597	11.740614	22.257837
71.7	8.392188	3.348439	11.740627	22.160473
71.8	4.033719	7.706951	11.740670	22.103090
71.9	2.742397	8.998287	11.740684	22.094603
72	6.397099	5.343549	11.740648	22.126484
72.1	9.990275	1.750336	11.740611	22.174271
72.2	8.373525	3.367100	11.740625	22.205168
72.3	3.483632	8.257040	11.740672	22.189192
72.4	2.006117	9.734573	11.740689	22.109938
72.5	6.322850	5.417801	11.740651	21.971051
72.6	10.986355	0.754252	11.740607	21.795939
72.7	9.785667	1.954950	11.740616	21.620650
72.8	4.109067	7.631602	11.740668	21.482272
72.9	1.274120	10.466574	11.740694	21.406830
73	4.862944	6.877715	11.740659	21.400899
73.1	9.962084	1.778526	11.740610	21.449859
73.2	9.749882	1.990731	11.740613	21.523354
73.3	4.627143	7.113520	11.740663	21.586001
73.4	1.615484	10.125209	11.740693	21.609492
73.5	4.837523	6.903139	11.740662	21.581803
73.6	9.925510	1.815102	11.740612	21.510254
73.7	9.910315	1.830296	11.740611	21.417449
73.8	4.646055	7.094605	11.740660	21.331718
73.9	1.056178	10.684516	11.740694	21.275690
74	3.873342	7.867325	11.740667	21.257329
74.1	9.338124	2.402492	11.740616	21.266857
74.2	10.278915	1.461694	11.740609	21.280835
74.3	5.662829	6.077824	11.740654	21.271962
74.4	1.801874	9.938816	11.740690	21.221028
74.5	3.758706	7.981963	11.740669	21.126502
74.6	8.640891	3.099730	11.740621	21.007971
74.7	9.716384	2.024227	11.740611	20.901798
74.8	5.586141	6.154511	11.740652	20.850095
74.9	1.975184	9.765503	11.740687	20.886602
75	3.879650	7.861020	11.740670	21.024281
75.1	8.823601	2.917023	11.740623	21.249007
75.2	10.270017	1.470594	11.740610	21.521784
75.3	6.404439	5.336209	11.740648	21.789066
75.4	2.422765	9.317919	11.740684	21.998019
75.5	3.459191	8.281481	11.740672	22.111884
75.6	7.869005	3.871625	11.740630	22.120516
75.7	9.758219	1.982396	11.740615	22.042778
75.8	6.971852	4.768792	11.740645	21.920122
75.9	3.649387	8.091289	11.740676	21.803559
76	4.251891	7.488777	11.740667	21.738300
76.1	7.562064	4.178569	11.740633	21.750966
76.2	8.748767	2.991855	11.740622	21.843238
76.3	6.239479	5.501169	11.740648	21.993591
76.4	3.744973	7.995701	11.740674	22.166043
76.5	4.864510	6.876153	11.740663	22.322637
76.6	8.036007	3.704624	11.740631	22.435363
76.7	8.839210	2.901414	11.740624	22.493697
76.8	6.220440	5.520210	11.740650	22.505646
76.9	3.847967	7.892705	11.740672	22.492523
77	4.844475	6.896185	11.740660	22.479780
77.1	7.459465	4.281166	11.740631	22.487377
77.2	7.749818	3.990811	11.740628	22.523102
77.3	5.319798	6.420857	11.740655	22.580933
77.4	3.872192	7.868480	11.740672	22.644671
77.5	5.781065	5.959590	11.740654	22.695142
77.6	8.487727	3.252898	11.740625	22.718136
77.7	8.004980	3.735647	11.740628	22.710150
77.8	4.674784	7.065876	11.740659	22.679933
77.9	2.937908	8.802769	11.740677	22.645421
78	5.213631	6.527023	11.740655	22.627327
78.1	8.417946	3.322678	11.740623	22.641728
78.2	8.157500	3.583127	11.740627	22.694237
78.3	4.878042	6.862619	11.740660	22.777692
78.4	3.307473	8.433204	11.740677	22.873983
78.5	5.800451	5.940202	11.740652	22.959214
78.6	8.871420	2.869200	11.740620	23.010392
78.7	7.975155	3.765471	11.740626	23.011441
78.8	4.041077	7.699588	11.740665	22.956794
78.9	2.506523	9.234160	11.740683	22.851758
79	5.845626	5.895027	11.740653	22.709959
79.1	9.855248	1.885366	11.740615	22.549077
79.2	9.135227	2.605393	11.740620	22.386415
79.3	4.525157	7.215508	11.740664	22.235659
79.4	2.207503	9.533185	11.740687	22.105490
79.5	5.384259	6.356398	11.740657	21.999971
79.6	9.783641	1.956973	11.740614	21.919998
79.7	9.337776	2.402841	11.740617	21.864854
79.8	4.514085	7.226579	11.740664	21.833116
79.9	1.884218	9.856473	11.740691	21.822606
80	5.251520	6.489140	11.740660	21.829645
80.1	10.289818	1.450794	11.740612	21.848195
80.2	10.168450	1.572161	11.740611	21.869589
80.3	4.791610	6.949050	11.740660	21.883265
80.4	1.152488	10.588207	11.740695	21.878527
80.5	4.106199	7.634469	11.740668	21.846876
80.6	9.841042	1.899573	11.740615	21.784237
80.7	10.866926	0.873680	11.740606	21.692374
80.8	5.924760	5.815892	11.740653	21.579028
80.9	1.580932	10.159760	11.740692	21.456700
81	3.413589	8.327084	11.740672	21.340380
81.1	8.646420	3.094201	11.740621	21.244744
81.2	10.059017	1.681591	11.740608	21.181418
81.3	5.784515	5.956135	11.740650	21.156827
81.4	1.751986	9.988704	11.740690	21.170945
81.5	3.566443	8.174230	11.740673	21.217105
81.6	8.882771	2.857852	11.740622	21.282885
81.7	10.564516	1.176090	11.740606	21.352017
81.8	6.294607	5.446038	11.740646	21.407143
81.9	1.662362	10.078327	11.740688	21.433116
82	2.658164	9.082513	11.740677	21.420352
82.1	7.760571	3.980058	11.740629	21.367527
82.2	10.169165	1.571443	11.740608	21.282876
82.3	6.960778	4.779863	11.740641	21.183443
82.4	2.782685	8.957997	11.740682	21.092088
82.5	3.335864	8.404811	11.740675	21.032633
82.6	7.696025	4.044607	11.740632	21.024193
82.7	9.797882	1.942730	11.740612	21.076183
82.8	6.790753	4.949888	11.740641	21.185516
82.9	2.812126	8.928554	11.740680	21.337055
83	3.244685	8.495990	11.740675	21.507454
83.1	7.475310	4.265325	11.740635	21.671462
83.2	9.917317	1.823297	11.740614	21.808868
83.3	7.609715	4.130923	11.740639	21.909897
83.4	3.953280	7.787393	11.740673	21.977258
83.5	3.788097	7.952574	11.740671	22.024031
83.6	6.879526	4.861113	11.740639	22.067999
83.7	8.660502	3.080120	11.740622	22.124309
83.8	6.785930	4.954714	11.740643	22.199041
83.9	4.212674	7.527996	11.740671	22.286109
84	4.747789	6.992876	11.740665	22.368833
84.1	7.604419	4.136216	11.740635	22.425933
84.2	8.635112	3.105513	11.740624	22.440006
84.3	6.313591	5.427056	11.740648	22.405524
84.4	3.897631	7.843041	11.740672	22.333310
84.5	4.759810	6.980853	11.740662	22.249482
84.6	7.590793	4.149840	11.740633	22.188716
84.7	8.300621	3.440004	11.740626	22.183675
84.8	5.881577	5.859073	11.740651	22.253957
84.9	3.849618	7.891055	11.740672	22.398346
85	5.172870	6.567788	11.740659	22.593230
85.1	7.919779	3.820850	11.740629	22.798151
85.2	7.939769	3.800857	11.740626	22.967045
85.3	4.892962	6.847694	11.740656	23.061786
85.4	2.999700	8.740977	11.740677	23.063710
85.5	5.185814	6.554844	11.740658	22.979359
85.6	8.750748	2.989875	11.740624	22.838473
85.7	8.850303	2.890318	11.740621	22.684827
85.8	5.204713	6.535943	11.740656	22.562816
85.9	2.674492	9.066188	11.740680	22.504157
86	4.658792	7.081869	11.740660	22.518948
86.1	8.349388	3.391236	11.740623	22.593886
86.2	8.556400	3.184221	11.740621	22.697954
86.3	4.976825	6.763833	11.740658	22.793417
86.4	2.769507	8.971175	11.740683	22.848211
86.5	5.391183	6.349476	11.740659	22.845477
86.6	9.524331	2.216287	11.740618	22.787150
86.7	9.372962	2.367654	11.740616	22.690710
86.8	4.724563	7.016096	11.740659	22.580677
86.9	1.636619	10.104071	11.740690	22.478293
87	4.417672	7.322993	11.740666	22.393353
87.1	9.626557	2.114060	11.740617	22.321281
87.2	10.448627	1.291983	11.740609	22.246432
87.3	5.815012	5.925642	11.740654	22.150253
87.4	1.950823	9.789868	11.740691	22.021014
87.5	4.061295	7.679375	11.740670	21.861183
87.6	9.266515	2.474104	11.740619	21.689361
87.7	10.414930	1.325677	11.740607	21.535686
87.8	5.769493	5.971158	11.740651	21.432116
87.9	1.491651	10.249042	11.740692	21.400975
88	3.434315	8.306361	11.740675	21.445947
88.1	9.207737	2.532885	11.740622	21.548970
88.2	11.245311	0.495292	11.740603	21.674461
88.3	6.849583	4.891060	11.740643	21.779691
88.4	1.777881	9.962809	11.740690	21.827916
88.5	2.570602	9.170079	11.740680	21.799816
88.6	7.914850	3.825779	11.740629	21.699285
88.7	10.560790	1.179815	11.740605	21.551585
88.8	7.085103	4.655536	11.740639	21.394494
88.9	2.340698	9.399987	11.740685	21.265537
89	2.746460	8.994220	11.740680	21.189749
89.1	7.623176	4.117456	11.740632	21.172207
89.2	10.245213	1.495393	11.740607	21.197827
89.3	7.021682	4.718956	11.740638	21.238360
89.4	2.313659	9.427024	11.740683	21.263918
89.5	2.473169	9.267512	11.740681	21.254785
89.6	7.291897	4.448739	11.740636	21.209177
89.7	10.378339	1.362269	11.740608	21.144118
89.8	7.775818	3.964815	11.740634	21.089074
89.9	3.114759	8.625918	11.740677	21.074667
90	2.534342	9.206338	11.740680	21.120553
90.1	6.480211	5.260430	11.740641	21.226949
90.2	9.421873	2.318741	11.740614	21.373000
90.3	7.540444	4.200191	11.740635	21.522802
90.4	3.755037	7.985636	11.740673	21.637161
90.5	3.447878	8.292798	11.740676	21.687118
90.6	7.038226	4.702414	11.740641	21.664562
90.7	9.574650	2.165967	11.740616	21.586206
90.8	7.634300	4.106336	11.740636	21.489388
90.9	3.907511	7.833160	11.740671	21.420956
91	3.349841	8.390833	11.740674	21.422774
91.1	6.458524	5.282119	11.740643	21.518539
91.2	8.893183	2.847439	11.740622	21.706139
91.3	7.623383	4.117255	11.740638	21.957909
91.4	4.886117	6.854550	11.740667	22.228596
91.5	4.668301	7.072365	11.740667	22.468354
91.6	6.996341	4.744299	11.740640	22.636610
91.7	8.133168	3.607458	11.740626	22.712533
91.8	6.179424	5.561221	11.740646	22.699134
91.9	3.915992	7.824679	11.740671	22.620216
92	4.790209	6.950454	11.740664	22.511656
92.1	7.824362	3.916272	11.740634	22.410197
92.2	8.825557	2.915066	11.740623	22.343423
92.3	6.302315	5.438332	11.740647	22.323860
92.4	3.685192	8.055481	11.740673	22.348517
92.5	4.565076	7.175587	11.740664	22.403288
92.6	7.588960	4.151672	11.740632	22.470065
92.7	8.307795	3.432828	11.740623	22.533807
92.8	5.517519	6.223132	11.740651	22.587103
92.9	3.133321	8.607356	11.740677	22.630996
93	4.744185	6.996478	11.740663	22.672256
93.1	8.372582	3.368045	11.740627	22.718598
93.2	8.968955	2.771664	11.740619	22.773914
93.3	5.447286	6.293366	11.740652	22.835416
93.4	2.465294	9.275387	11.740682	22.893696
93.5	4.176317	7.564349	11.740666	22.935549
93.6	8.401294	3.339331	11.740625	22.948414
93.7	9.420037	2.320578	11.740615	22.924729
93.8	5.802331	5.938319	11.740650	22.864666
93.9	2.517750	9.222933	11.740684	22.776344
94	4.189641	7.551027	11.740668	22.673576
94.1	8.618416	3.122208	11.740624	22.572004
94.2	9.627526	2.113086	11.740612	22.484963
94.3	5.588240	6.152410	11.740651	22.420339
94.4	1.934306	9.806382	11.740688	22.379239
94.5	3.919204	7.821468	11.740672	22.356603
94.6	9.282941	2.457681	11.740622	22.343282
94.7	10.975804	0.764801	11.740605	22.328727
94.8	6.575099	5.165546	11.740645	22.303449
94.9	1.732733	10.007957	11.740690	22.260667
95	2.786828	8.953852	11.740680	22.196974
95.1	8.301620	3.439008	11.740628	22.112234
95.2	10.941831	0.798772	11.740603	22.009044
95.3	7.273443	4.467196	11.740639	21.892144
95.4	2.350260	9.390427	11.740687	21.767913
95.5	2.884504	8.856178	11.740682	21.643921
95.6	8.172686	3.567945	11.740631	21.528397
95.7	11.013912	0.726690	11.740602	21.429458
95.8	7.412727	4.327909	11.740635	21.354120
95.9	2.010655	9.730031	11.740686	21.307237
96	1.928365	9.812321	11.740687	21.290662
96.1	7.282190	4.458447	11.740637	21.302840
96.2	11.067000	0.673603	11.740603	21.338969
96.3	8.477351	3.263278	11.740629	21.391626
96.4	3.142939	8.597740	11.740679	21.451640
96.5	2.069086	9.671600	11.740686	21.508983
96.6	6.284505	5.456138	11.740643	21.553561
96.7	9.752981	1.987628	11.740609	21.575959
96.8	7.744732	3.995898	11.740630	21.568351
96.9	3.170630	8.570046	11.740676	21.525742
97	2.424050	9.316634	11.740683	21.447535
97.1	6.606539	5.134104	11.740643	21.339075
97.2	10.092077	1.648533	11.740610	21.212537
97.3	8.213832	3.526796	11.740628	21.086428
97.4	3.520067	8.220605	11.740672	20.983205
97.5	2.221003	9.519680	11.740683	20.925051
97.6	5.846602	5.894046	11.740648	20.928581
97.7	9.416217	2.324398	11.740615	20.999853
97.8	8.328096	3.412532	11.740628	21.131352
97.9	4.417249	7.323418	11.740667	21.302269
98	3.126361	8.614317	11.740678	21.482581
98.1	6.008931	5.731717	11.740648	21.640226
98.2	8.877478	2.863142	11.740620	21.749555
98.3	7.816413	3.924220	11.740632	21.798583
98.4	4.516428	7.224238	11.740666	21.792660
98.5	3.688746	8.051928	11.740674	21.753155
98.6	6.447954	5.292692	11.740646	21.711235
98.7	8.920207	2.820416	11.740622	21.698458
98.8	7.781129	3.959507	11.740635	21.737056
98.9	4.801526	6.939139	11.740665	21.833039
99	4.145942	7.594727	11.740670	21.974446
99.1	6.466807	5.273837	11.740644	22.135454
99.2	8.181329	3.559297	11.740626	22.285050
99.3	6.783605	4.957037	11.740642	22.397426
99.4	4.470472	7.270196	11.740668	22.460516
99.5	4.876573	6.864093	11.740665	22.479715
99.6	7.647963	4.092674	11.740636	22.475368
99.7	8.752321	2.988302	11.740622	22.474831
99.8	6.251920	5.488725	11.740645	22.501829
99.9	3.325412	8.415262	11.740674	22.566912
100	4.017704	7.722964	11.740668	22.662528
100.1	7.511226	4.229409	11.740634	22.764695
100.2	9.062310	2.678309	11.740619	22.840977
100.3	6.535196	5.205449	11.740644	22.862155
100.4	3.461713	8.278962	11.740675	22.813604
100.5	4.177658	7.563010	11.740668	22.702268
100.6	7.676348	4.064284	11.740632	22.556554
100.7	8.864979	2.875638	11.740617	22.418808
100.8	5.717681	6.022965	11.740647	22.332618
100.9	2.392675	9.348006	11.740681	22.329031
101	3.688343	8.052328	11.740672	22.416254
101.1	8.263914	3.476715	11.740629	22.576341
101.2	10.124862	1.615749	11.740610	22.770042
101.3	6.686277	5.054366	11.740643	22.948310
101.4	2.464356	9.276327	11.740683	23.066686
101.5	3.112369	8.628308	11.740676	23.097905
101.6	7.723935	4.016696	11.740631	23.038686
101.7	9.966802	1.773806	11.740609	22.908719
101.8	6.710800	5.029841	11.740641	22.742536
101.9	2.433035	9.307649	11.740684	22.577332
102	3.207092	8.533587	11.740679	22.441064
102.1	8.296258	3.444372	11.740631	22.344883
102.2	10.895147	0.845457	11.740604	22.282226
102.3	7.282577	4.458059	11.740637	22.234432
102.4	2.064755	9.675931	11.740686	22.180383
102.5	2.211495	9.529191	11.740686	22.106263
102.6	7.706934	4.033701	11.740636	22.011658
102.7	11.412339	0.328262	11.740601	21.909679
102.8	8.488444	3.252185	11.740629	21.821157
102.9	2.828962	8.911720	11.740682	21.765260
103	1.869066	9.871623	11.740689	21.750312
103.1	6.702181	5.038461	11.740642	21.768550
103.2	10.725339	1.015265	11.740604	21.797151
103.3	8.559960	3.180665	11.740626	21.805466
103.4	3.221154	8.519524	11.740677	21.766041
103.5	1.958663	9.782026	11.740689	21.665457
103.6	6.471785	5.268861	11.740646	21.510904
103.7	10.678629	1.061977	11.740606	21.329824
103.8	8.932722	2.807901	11.740622	21.162372
103.9	3.546458	8.194215	11.740673	21.049008
104	1.584186	10.156503	11.740689	21.017356
104.1	5.413984	6.326668	11.740652	21.072835
104.2	9.744786	1.995825	11.740611	21.196341
104.3	8.907136	2.833485	11.740622	21.349889
104.4	4.359552	7.381115	11.740667	21.488383
104.5	2.404637	9.336047	11.740684	21.573593
104.6	5.522819	6.217833	11.740652	21.585649
104.7	9.183697	2.556918	11.740615	21.528274
104.8	8.245199	3.495426	11.740625	21.426124
104.9	3.993895	7.746772	11.740666	21.315360
105	2.276742	9.463941	11.740683	21.230869
105.1	5.488229	6.252424	11.740653	21.194631
105.2	9.403146	2.337471	11.740617	21.209233
105.3	8.983718	2.756906	11.740623	21.258637
105.4	5.067403	6.673258	11.740661	21.315720
105.5	2.947174	8.793505	11.740679	21.353692
105.6	5.116531	6.624124	11.740654	21.357208
105.7	8.197960	3.542665	11.740624	21.329103
105.8	7.946359	3.794270	11.740630	21.290316
105.9	5.086179	6.654482	11.740661	21.272970
106	3.968511	7.772162	11.740673	21.309007
106.1	6.267297	5.473352	11.740649	21.418337
106.2	8.693188	3.047436	11.740624	21.600641
106.3	7.780137	3.960497	11.740633	21.833684
106.4	4.814078	6.926586	11.740663	22.078827
106.5	3.951043	7.789628	11.740671	22.291962
106.6	6.308743	5.431903	11.740647	22.436348
106.7	8.453404	3.287221	11.740625	22.493244
106.8	7.366122	4.374515	11.740637	22.467028
106.9	4.748329	6.992337	11.740665	22.383361
107	4.507368	7.233300	11.740668	22.281200
107.1	7.034005	4.706636	11.740641	22.201341
107.2	8.535197	3.205426	11.740623	22.175122
107.3	6.514734	5.225907	11.740642	22.216630
107.4	3.601154	8.139518	11.740672	22.320431
107.5	4.043912	7.696759	11.740671	22.464987
107.6	7.592991	4.147646	11.740637	22.620182
107.7	9.488585	2.252031	11.740616	22.756277
107.8	6.933921	4.806718	11.740639	22.851516
107.9	3.166290	8.574386	11.740675	22.896336
108	3.230569	8.510106	11.740675	22.893500
108.1	7.035760	4.704877	11.740637	22.854812
108.2	9.332023	2.408592	11.740614	22.796061
108.3	6.888597	4.852042	11.740638	22.732095
108.4	3.066406	8.674271	11.740677	22.673550
108.5	3.295382	8.445294	11.740677	22.625876
108.6	7.485018	4.255618	11.740636	22.590391
108.7	9.899897	1.840713	11.740610	22.566398
108.8	6.964071	4.776565	11.740636	22.553207
108.9	2.397025	9.343656	11.740681	22.551161
109	2.410725	9.329957	11.740683	22.561352
109.1	7.245495	4.495142	11.740638	22.584334
109.2	10.610608	1.129998	11.740606	22.618537
109.3	8.056644	3.683987	11.740631	22.659190
109.4	3.048620	8.692059	11.740679	22.698282
109.5	2.375619	9.365067	11.740686	22.725681
109.6	6.949276	4.791365	11.740641	22.731056
109.7	10.480182	1.260423	11.740605	22.706024
109.8	7.990176	3.750452	11.740628	22.645892
109.9	2.706505	9.034175	11.740680	22.550584
110	1.874139	9.866552	11.740690	22.424633
110.1	6.961906	4.778738	11.740644	22.276387
110.2	11.472392	0.268210	11.740602	22.116749
110.3	9.470867	2.269753	11.740620	21.957714
110.4	3.501242	8.239433	11.740675	21.810928
110.5	1.268722	10.471972	11.740694	21.686335
110.6	5.482486	6.258167	11.740653	21.590963
110.7	10.395888	1.344719	11.740607	21.527951
110.8	9.568889	2.171729	11.740617	21.495977
110.9	4.373540	7.367128	11.740668	21.489354
111	1.924714	9.815977	11.740691	21.498946
111.1	5.420229	6.320426	11.740656	21.513892
111.2	9.957674	1.782937	11.740611	21.523831
111.3	9.307540	2.433078	11.740617	21.521088
111.4	4.331202	7.409463	11.740665	21.502164
111.5	1.713302	10.027387	11.740689	21.468062
111.6	4.903132	6.837526	11.740659	21.423305
111.7	9.569061	2.171554	11.740615	21.374012
111.8	9.543620	2.196997	11.740616	21.325732
111.9	5.043453	6.697207	11.740660	21.281909
112	2.133005	9.607680	11.740685	21.243587
112.1	4.448138	7.292522	11.740660	21.210474
112.2	8.513152	3.227469	11.740621	21.182868
112.3	8.760729	2.979891	11.740620	21.163485
112.4	5.113026	6.627632	11.740658	21.158116
112.5	2.813634	8.927047	11.740681	21.174457
112.6	5.054480	6.686178	11.740658	21.219149
112.7	8.674753	3.065869	11.740622	21.293952
112.8	8.672836	3.067787	11.740623	21.392568
112.9	5.093147	6.647511	11.740658	21.499680
113	2.832444	8.908235	11.740679	21.593252
113.1	4.865244	6.875414	11.740658	21.649976
113.2	8.326898	3.413727	11.740626	21.652568
113.3	8.653551	3.087074	11.740626	21.596623
113.4	5.797783	5.942873	11.740656	21.494546
113.5	3.960156	7.780517	11.740673	21.374700
113.6	5.538032	6.202622	11.740654	21.275376
113.7	7.930346	3.810282	11.740628	21.234870
113.8	7.516837	4.223796	11.740632	21.280476
113.9	4.933205	6.807455	11.740661	21.419819
114	4.098195	7.642476	11.740671	21.637468
114.1	6.473465	5.267183	11.740648	21.898257
114.2	8.842399	2.898225	11.740624	22.156625
114.3	7.845929	3.894705	11.740634	22.369258
114.4	4.824694	6.915970	11.740664	22.507157
114.5	3.993106	7.747566	11.740672	22.563274
114.6	6.441368	5.299278	11.740646	22.553259
114.7	8.513924	3.226698	11.740623	22.509086
114.8	7.020346	4.720291	11.740637	22.467690
114.9	3.955476	7.785193	11.740669	22.458447
115	3.857642	7.883032	11.740674	22.493735
115.1	7.283280	4.457361	11.740641	22.565735
115.2	9.642722	2.097893	11.740615	22.650518
115.3	7.402574	4.338060	11.740634	22.717869
115.4	3.217329	8.523344	11.740674	22.743311
115.5	2.628741	9.111939	11.740680	22.717976
115.6	6.528524	5.212119	11.740643	22.652722
115.7	9.734916	2.005696	11.740612	22.574907
115.8	7.916349	3.824281	11.740630	22.518854
115.9	3.548584	8.192089	11.740673	22.513338
116	2.627502	9.113180	11.740682	22.570539
116.1	6.441703	5.298941	11.740644	22.680478
116.2	9.683581	2.057030	11.740611	22.813087
116.3	7.691229	4.049400	11.740629	22.927406
116.4	3.013495	8.727180	11.740675	22.984872
116.5	2.141410	9.599276	11.740686	22.962198
116.6	6.614923	5.125722	11.740645	22.859420
116.7	10.642331	1.098275	11.740606	22.700313
116.8	8.753646	2.986977	11.740623	22.524997
116.9	3.291726	8.448948	11.740674	22.377215
117	1.475040	10.265651	11.740692	22.290593
117.1	5.766919	5.973732	11.740651	22.278452
117.2	10.493725	1.246882	11.740607	22.330507
117.3	9.397060	2.343558	11.740618	22.417313
117.4	4.041921	7.698748	11.740670	22.500696
117.5	1.724740	10.015952	11.740692	22.546357
117.6	5.630812	6.109843	11.740655	22.534264
117.7	10.496814	1.243794	11.740608	22.463384
117.8	9.675985	2.064630	11.740615	22.349458
117.9	4.128910	7.611757	11.740667	22.217081
118	1.220969	10.519726	11.740695	22.089361
118.1	4.901670	6.838992	11.740661	21.979200
118.2	10.423879	1.316731	11.740611	21.885489
118.3	10.646898	1.093711	11.740610	21.795525
118.4	5.444207	6.296451	11.740659	21.692556
118.5	1.691759	10.048932	11.740692	21.565310
118.6	4.042136	7.698530	11.740666	21.415606
118.7	8.932003	2.808616	11.740618	21.260792
118.8	9.665474	2.075139	11.740613	21.129700
118.9	5.456701	6.283955	11.740655	21.053284
119	2.243041	9.497646	11.740687	21.053175
119.1	4.448781	7.291884	11.740665	21.132364
119.2	9.032466	2.708154	11.740621	21.271617
119.3	9.756595	1.984019	11.740614	21.433299
119.4	5.652649	6.088003	11.740653	21.571710
119.5	2.187208	9.553476	11.740684	21.646697
119.6	3.785190	7.955476	11.740667	21.636063
119.7	8.015720	3.724906	11.740626	21.542585
119.8	9.158668	2.581949	11.740617	21.393241
119.9	5.984716	5.755934	11.740651	21.230823
120	3.121962	8.618716	11.740678	21.100679
120.1	4.466963	7.273700	11.740663	21.036941
120.2	7.920712	3.819915	11.740628	21.052707
120.3	8.549610	3.191012	11.740622	21.137282
120.4	5.511109	6.229544	11.740653	21.261130
120.5	3.106920	8.633757	11.740677	21.386628
120.6	4.709671	7.030990	11.740661	21.480837
120.7	8.138745	3.601884	11.740628	21.525939
120.8	8.799243	2.941381	11.740624	21.523958
120.9	6.019800	5.720852	11.740652	21.494462
121	3.771494	7.969179	11.740673	21.466361
121.1	4.998956	6.741703	11.740658	21.466915
121.2	7.653820	4.086811	11.740630	21.511878
121.3	7.868822	3.871808	11.740630	21.600192
121.4	5.544228	6.196429	11.740656	21.714893
121.5	4.349904	7.390767	11.740671	21.829732
121.6	6.251511	5.489140	11.740651	21.919014
121.7	8.526144	3.214481	11.740626	21.967135
121.8	7.656005	4.084627	11.740632	21.974504
121.9	4.565778	7.174885	11.740663	21.957862
122	3.572376	8.168299	11.740675	21.944973
122.1	6.296877	5.443772	11.740649	21.965520
122.2	9.140039	2.600581	11.740621	22.041286
122.3	8.140258	3.600372	11.740630	22.178795
122.4	4.585298	7.155367	11.740665	22.366675
122.5	3.390604	8.350074	11.740677	22.578432
122.6	6.250609	5.490040	11.740648	22.779573
122.7	9.096804	2.643814	11.740618	22.936755
122.8	7.667043	4.073586	11.740629	23.026191
122.9	3.629547	8.111122	11.740669	23.038986
123	2.580545	9.160137	11.740682	22.982209
123.1	6.336702	5.403947	11.740649	22.875845
123.2	10.106564	1.634048	11.740612	22.746966
123.3	8.759255	2.981368	11.740623	22.623010
123.4	3.874891	7.865778	11.740668	22.526051
123.5	1.837245	9.903442	11.740687	22.469307
123.6	5.284839	6.455814	11.740653	22.456278
123.7	9.476241	2.264371	11.740613	22.482110
123.8	8.674900	3.065721	11.740620	22.536290
123.9	4.000901	7.739766	11.740667	22.605643
124	1.988471	9.752218	11.740689	22.676900
124.1	5.641770	6.098885	11.740654	22.738455
124.2	10.147215	1.593395	11.740610	22.781339
124.3	9.271346	2.469270	11.740616	22.799643
124.4	3.921177	7.819489	11.740666	22.790635
124.5	1.169190	10.571504	11.740694	22.754702
124.6	4.827797	6.912863	11.740660	22.695102
124.7	10.215802	1.524809	11.740610	22.617434
124.8	10.295689	1.444922	11.740610	22.528786
124.9	5.055174	6.685486	11.740660	22.436645
125	1.527478	10.213215	11.740694	22.347788
125.1	4.375637	7.365029	11.740666	22.267401
125.2	9.675191	2.065423	11.740614	22.198635
125.3	10.242739	1.497870	11.740609	22.142604
125.4	5.318952	6.421704	11.740657	22.098682
125.5	1.574667	10.166026	11.740693	22.064835
125.6	4.120797	7.619872	11.740669	22.037788
125.7	9.639260	2.101358	11.740617	22.012990
125.8	10.831361	0.909246	11.740606	21.984567
125.9	6.144715	5.595936	11.740650	21.945600
126	1.751003	9.989687	11.740690	21.889025
126.1	3.271867	8.468807	11.740674	21.809227
126.2	8.440536	3.300089	11.740625	21.704041
126.3	10.380699	1.359910	11.740609	21.576519
126.4	6.816441	4.924204	11.740645	21.435708
126.5	2.803175	8.937508	11.740683	21.295823
126.6	3.628959	8.111713	11.740672	21.173679
126.7	7.764322	3.976307	11.740629	21.084873
126.8	9.286046	2.454569	11.740615	21.039777
126.9	6.118621	5.622026	11.740647	21.040613
127	2.737384	9.003296	11.740680	21.080706
127.1	3.863379	7.877291	11.740670	21.146338
127.2	7.996461	3.744169	11.740630	21.220737
127.3	9.573371	2.167245	11.740616	21.288948
127.4	6.568698	5.171947	11.740645	21.341920
127.5	3.082452	8.658225	11.740677	21.378331
127.6	3.602085	8.138584	11.740669	21.403467
127.7	7.018704	4.721930	11.740634	21.425535
127.8	8.487566	3.253056	11.740621	21.450851
127.9	6.230916	5.509730	11.740647	21.479856
128	3.771117	7.969556	11.740673	21.505740
128.1	4.743743	6.996920	11.740663	21.516546
128.2	7.773147	3.967485	11.740632	21.500274
128.3	8.539566	3.201058	11.740624	21.451223
128.4	5.939075	5.801575	11.740650	21.375081
128.5	3.603313	8.137360	11.740673	21.290459
128.6	4.740467	7.000194	11.740661	21.225636
128.7	7.668963	4.071669	11.740632	21.210983
128.8	8.308915	3.431712	11.740627	21.269204
128.9	5.989380	5.751273	11.740653	21.406619
129	4.289170	7.451501	11.740671	21.608703
129.1	5.771019	5.969636	11.740655	21.841925
129.2	8.209197	3.531430	11.740628	22.061923
129.3	7.799309	3.941321	11.740629	22.225883
129.4	4.813470	6.927190	11.740660	22.305374
129.5	3.491087	8.249589	11.740676	22.295474
129.6	6.049617	5.691036	11.740653	22.217027
129.7	9.243117	2.497504	11.740621	22.110983
129.8	8.620235	3.120390	11.740625	22.026338
129.9	4.799587	6.941074	11.740662	22.005383
130	2.896054	8.844627	11.740681	22.070920
130.1	5.554641	6.186014	11.740655	22.219562
130.2	9.139677	2.600942	11.740619	22.423279
130.3	8.593112	3.147511	11.740623	22.638623
130.4	4.491359	7.249304	11.740663	22.820555
130.5	2.471755	9.268930	11.740684	22.936251
130.6	5.516783	6.223873	11.740656	22.974350
130.7	9.617156	2.123459	11.740615	22.946704
130.8	9.031584	2.709034	11.740618	22.882305
130.9	4.215337	7.525326	11.740663	22.815741
131	1.504740	10.235950	11.740690	22.774401
131.1	4.666770	7.073891	11.740661	22.768995
131.2	9.661649	2.078966	11.740614	22.790682
131.3	9.899515	1.841097	11.740612	22.815709
131.4	5.082471	6.658187	11.740658	22.815713
131.5	1.663358	10.077332	11.740690	22.769829
131.6	4.165417	7.575248	11.740665	22.674091
131.7	9.056279	2.684337	11.740617	22.544572
131.8	9.547889	2.192722	11.740611	22.413013
131.9	4.892678	6.847979	11.740657	22.316366
132	1.520199	10.220493	11.740692	22.283900
132.1	4.329953	7.410714	11.740668	22.326455
132.2	9.881065	1.859551	11.740616	22.431666
132.3	10.820789	0.919817	11.740605	22.566940
132.4	5.740954	5.999698	11.740652	22.689231
132.5	1.200973	10.539721	11.740694	22.758305
132.6	3.091977	8.648698	11.740676	22.748988
132.7	8.849718	2.890904	11.740622	22.658291
132.8	10.919645	0.820960	11.740604	22.505144
132.9	6.797561	4.943084	11.740645	22.323065
133	2.213509	9.527180	11.740689	22.148533
133.1	3.320680	8.419997	11.740677	22.009219
133.2	8.485980	3.254647	11.740627	21.916172
133.3	10.644107	1.096499	11.740606	21.862431
133.4	6.869278	4.871364	11.740642	21.828220
133.5	2.229742	9.510944	11.740686	21.790411
133.6	2.888037	8.852642	11.740679	21.732524
133.7	7.888196	3.852435	11.740632	21.651418
133.8	10.603706	1.136902	11.740608	21.558181
133.9	7.648268	4.092370	11.740638	21.473006
134	3.173724	8.566956	11.740679	21.416129
134.1	3.027327	8.713350	11.740677	21.398448
134.2	6.957313	4.783323	11.740637	21.415579
134.3	9.331615	2.408999	11.740615	21.447878
134.4	7.004255	4.736385	11.740639	21.466695
134.5	3.426829	8.313847	11.740675	21.444802
134.6	3.624929	8.115743	11.740673	21.367265
134.7	7.240212	4.500424	11.740636	21.238722
134.8	9.190104	2.550513	11.740617	21.084191
134.9	6.779739	4.960902	11.740641	20.942742
135	3.335566	8.405108	11.740674	20.855869
135.1	3.503923	8.236748	11.740671	20.854310
135.2	6.903669	4.836969	11.740638	20.947689
135.3	8.849549	2.891071	11.740620	21.120484
135.4	6.893102	4.847540	11.740642	21.335760
135.5	4.008930	7.731740	11.740670	21.545534
135.6	4.203926	7.536740	11.740666	21.704487
135.7	6.927422	4.813215	11.740637	21.782669
135.8	8.089495	3.651130	11.740625	21.773262
135.9	6.026467	5.714180	11.740647	21.693158
136	3.855188	7.885484	11.740671	21.576476
136.1	4.931198	6.809464	11.740662	21.463420
136.2	7.956286	3.784346	11.740632	21.388212
136.3	8.746145	2.994479	11.740624	21.369973
136.4	6.170804	5.569845	11.740650	21.409174
136.5	3.808695	7.931978	11.740673	21.490324
136.6	4.904808	6.835853	11.740661	21.589487
136.7	7.763574	3.977056	11.740631	21.683681
136.8	8.179298	3.561328	11.740626	21.758873
136.9	5.525243	6.215411	11.740655	21.813956
137	3.783394	7.957282	11.740676	21.859679
137.1	5.846964	5.893693	11.740657	21.913272
137.2	9.102424	2.638199	11.740623	21.990958
137.3	8.808471	2.932151	11.740622	22.101090
137.4	4.854440	6.886218	11.740658	22.240284
137.5	2.361804	9.378879	11.740684	22.393768
137.6	4.853921	6.886741	11.740662	22.539655
137.7	9.217756	2.522864	11.740620	22.655583
137.8	9.647069	2.093546	11.740616	22.725474
137.9	5.505399	6.235256	11.740655	22.744276
138	2.353227	9.387458	11.740686	22.719320
138.1	4.468327	7.272338	11.740665	22.668078
138.2	8.926018	2.814603	11.740620	22.613218
138.3	9.468266	2.272347	11.740613	22.576531
138.4	5.097960	6.642695	11.740655	22.573508
138.5	1.653843	10.086846	11.740689	22.609904
138.6	3.976537	7.764131	11.740669	22.680966
138.7	9.185360	2.555259	11.740620	22.773164
138.8	10.348577	1.392030	11.740608	22.867703
138.9	5.802332	5.938319	11.740650	22.944795
139	1.525278	10.215412	11.740690	22.987673
139.1	3.192531	8.548144	11.740674	22.985653
139.2	8.531300	3.209323	11.740623	22.935810
139.3	10.348172	1.392434	11.740606	22.843213
139.4	6.229923	5.510723	11.740646	22.719831
139.5	1.821973	9.918716	11.740689	22.582356
139.6	3.193604	8.547072	11.740677	22.449307
139.7	8.575750	3.164875	11.740625	22.337831
139.8	10.684264	1.056340	11.740604	22.260716
139.9	6.563063	5.177579	11.740643	22.224174
140	1.668504	10.072186	11.740690	22.226873
140.1	2.623167	9.117515	11.740682	22.260477
140.2	8.334446	3.406184	11.740629	22.311606
140.3	11.400132	0.340470	11.740602	22.364767
140.4	7.912909	3.827726	11.740635	22.405493
140.5	2.550842	9.189843	11.740684	22.422870
140.6	2.253435	9.487250	11.740684	22.410835
140.7	7.073502	4.667135	11.740637	22.368041
140.8	10.385842	1.354765	11.740607	22.296585
140.9	7.910986	3.829647	11.740633	22.200287
141	3.296058	8.444620	11.740679	22.083332
141.1	2.930229	8.810453	11.740682	21.949842
141.2	7.262301	4.478338	11.740639	21.804498
141.3	10.352256	1.388353	11.740610	21.653762
141.4	8.012300	3.728332	11.740632	21.506851
141.5	3.371623	8.369053	11.740675	21.375627
141.6	2.498580	9.242101	11.740681	21.272896
141.7	6.271365	5.469279	11.740644	21.209323
141.8	9.483969	2.256646	11.740615	21.189855
141.9	8.058378	3.682254	11.740632	21.210985
142	4.342672	7.397997	11.740669	21.260155
142.1	3.506306	8.234368	11.740675	21.317982
142.2	6.367949	5.372694	11.740643	21.363048
142.3	8.563468	3.177152	11.740620	21.377971
142.4	6.876876	4.863761	11.740638	21.354828
142.5	3.715400	8.025270	11.740670	21.298013
142.6	3.602426	8.138246	11.740672	21.223301
142.7	6.791264	4.949377	11.740641	21.153165
142.8	8.947499	2.793122	11.740620	21.109684
142.9	7.207446	4.533193	11.740638	21.107382
143	4.071040	7.669628	11.740669	21.148472
143.1	3.795478	7.945192	11.740669	21.222274
143.2	6.491680	5.248961	11.740641	21.309170
143.3	8.182393	3.558231	11.740624	21.387797
143.4	6.556542	5.184100	11.740643	21.442961
143.5	4.182208	7.558461	11.740669	21.471346
143.6	4.688015	7.052650	11.740665	21.482775
143.7	7.458752	4.281883	11.740636	21.496328
143.8	8.475715	3.264909	11.740624	21.532526
143.9	6.135632	5.605015	11.740647	21.604351
144	3.703853	8.036820	11.740673	21.710494
144.1	4.758416	6.982248	11.740664	21.833642
144.2	8.002733	3.737898	11.740632	21.944909
144.3	8.920907	2.819715	11.740622	22.013318
144.4	6.143692	5.596958	11.740649	22.017309
144.5	3.546168	8.194508	11.740676	21.954225
144.6	4.888445	6.852219	11.740664	21.844177
144.7	8.379612	3.361015	11.740628	21.726414
144.8	8.972027	2.768592	11.740619	21.648810
144.9	5.483213	6.257439	11.740652	21.653545
145	2.597589	9.143094	11.740683	21.763496
145.1	4.585737	7.154930	11.740667	21.973908
145.2	9.177534	2.563090	11.740623	22.252282
145.3	10.259873	1.480738	11.740611	22.546841
145.4	6.113177	5.627471	11.740648	22.801075
145.5	2.002322	9.738364	11.740686	22.969838
145.6	3.290626	8.450048	11.740674	23.031888
145.7	8.194598	3.546029	11.740627	22.994920
145.8	10.089242	1.651366	11.740609	22.891602
145.9	6.439826	5.300818	11.740645	22.768107
146	2.285374	9.455311	11.740686	22.669051
146.1	3.410410	8.330265	11.740676	22.623879
146.2	8.378236	3.362390	11.740627	22.639100
146.3	10.338725	1.401880	11.740606	22.698650
146.4	6.336480	5.404162	11.740642	22.771852
146.5	1.519073	10.221615	11.740688	22.825820
146.6	2.366744	9.373938	11.740682	22.837731
146.7	7.938787	3.801843	11.740630	22.802635
146.8	10.989730	0.750872	11.740602	22.734158
146.9	7.588310	4.152326	11.740635	22.658136
147	2.352368	9.388316	11.740685	22.601771
147.1	2.239362	9.501322	11.740684	22.582452
147.2	7.234315	4.506320	11.740636	22.600500
147.3	10.461139	1.279466	11.740604	22.638512
147.4	7.527317	4.213316	11.740633	22.667610
147.5	2.465289	9.275394	11.740683	22.658262
147.6	2.262941	9.477745	11.740686	22.591731
147.7	7.393646	4.346992	11.740638	22.467894
147.8	11.126622	0.613981	11.740603	22.306526
147.9	8.527148	3.213480	11.740628	22.141459
148	3.031738	8.708940	11.740679	22.009602
148.1	1.829243	9.911446	11.740689	21.938653
148.2	6.338210	5.402436	11.740646	21.937793
148.3	10.506900	1.233707	11.740608	21.994584
148.4	8.997333	2.743292	11.740625	22.079098
148.5	4.135549	7.605122	11.740671	22.153767
148.6	2.480196	9.260488	11.740685	22.185451
148.7	5.959454	5.781195	11.740649	22.155548
148.8	9.569182	2.171432	11.740614	22.064743
148.9	8.413335	3.327291	11.740627	21.930989
149	4.270487	7.470181	11.740668	21.781767
149.1	2.899818	8.840862	11.740681	21.643646
149.2	6.094648	5.646001	11.740649	21.533076
149.3	9.406665	2.333952	11.740617	21.451735
149.4	8.383737	3.356891	11.740628	21.387991
149.5	4.550863	7.189802	11.740665	21.323714
149.6	3.067588	8.673089	11.740677	21.243669
149.7	5.607013	6.133636	11.740649	21.143760
149.8	8.334692	3.405930	11.740622	21.034836
149.9	7.487306	4.253327	11.740633	20.940401
150	4.547372	7.193292	11.740665	20.888866
150.1	3.895709	7.844963	11.740672	20.903023
150.2	6.496057	5.244588	11.740644	20.990539
150.3	8.574226	3.166396	11.740622	21.139016
150.4	7.039718	4.700918	11.740637	21.317633
150.5	3.903613	7.837055	11.740667	21.485134
150.6	3.471861	8.268811	11.740672	21.601733
150.7	6.321033	5.419610	11.740644	21.641097
150.8	8.542681	3.197942	11.740623	21.598522
150.9	7.254935	4.485703	11.740638	21.492626
151	4.561713	7.178953	11.740667	21.360004
151.1	4.411780	7.328887	11.740667	21.244551
151.2	6.902729	4.837910	11.740640	21.184835
151.3	8.187298	3.553326	11.740624	21.203427
151.4	6.135069	5.605576	11.740645	21.301335
151.5	3.612148	8.128525	11.740673	21.458980
151.6	4.511900	7.228767	11.740667	21.643032
151.7	8.032180	3.708454	11.740633	21.816687
151.8	9.457755	2.282863	11.740618	21.950036
151.9	6.674718	5.065927	11.740644	22.027465
152	3.352373	8.388304	11.740677	22.050139
152.1	4.063102	7.677569	11.740670	22.033384
152.2	7.884020	3.856612	11.740632	22.000321
152.3	9.479342	2.261273	11.740615	21.974151
152.4	6.464027	5.276617	11.740644	21.971614
152.5	2.919716	8.820965	11.740681	21.999467
152.6	3.925942	7.814731	11.740673	22.054631
152.7	8.403490	3.337140	11.740630	22.127406
152.8	10.264359	1.476250	11.740609	22.206233
152.9	6.661268	5.079374	11.740642	22.282208
153	2.152975	9.587710	11.740685	22.351859
153.1	2.804936	8.935744	11.740680	22.417500
153.2	7.948530	3.792102	11.740632	22.485336
153.3	10.837602	0.903002	11.740605	22.562217
153.4	7.592236	4.148399	11.740635	22.652271
153.5	2.468116	9.272567	11.740683	22.754502
153.6	2.222218	9.518466	11.740684	22.862051
153.7	7.043857	4.696780	11.740637	22.963217
153.8	10.299305	1.441300	11.740605	23.043873
153.9	7.516562	4.224070	11.740632	23.090574
154	2.486860	9.253822	11.740682	23.093610
154.1	2.161035	9.579651	11.740686	23.049360
154.2	7.177481	4.563158	11.740639	22.961498
154.3	10.866266	0.874337	11.740603	22.840849
154.4	8.181590	3.559037	11.740627	22.703889
154.5	2.555996	9.184684	11.740680	22.570087
154.6	1.389400	10.351291	11.740690	22.458466
154.7	6.186143	5.554502	11.740645	22.383960
154.8	10.581346	1.159258	11.740605	22.354275
154.9	8.879976	2.860647	11.740623	22.368004
155	3.606373	8.134301	11.740674	22.414579
155.1	1.971186	9.769504	11.740689	22.476283
155.2	6.124374	5.616274	11.740649	22.532050
155.3	10.346645	1.393962	11.740608	22.562210
155.4	8.858829	2.881792	11.740622	22.553025
155.5	3.625834	8.114837	11.740672	22.499767
155.6	1.678434	10.062257	11.740690	22.407462
155.7	5.677676	6.062977	11.740653	22.289076
155.8	10.429704	1.310906	11.740610	22.161667
155.9	9.873610	1.867008	11.740618	22.041728
156	5.015925	6.724739	11.740664	21.941126
156.1	2.296282	9.444404	11.740686	21.864883
156.2	4.915025	6.825633	11.740658	21.811351
156.3	8.888676	2.851943	11.740619	21.774474
156.4	8.810646	2.929977	11.740623	21.747081
156.5	5.140267	6.600394	11.740661	21.723829
156.6	3.194317	8.546363	11.740680	21.702586
156.7	5.632622	6.108032	11.740654	21.683740
156.8	8.928702	2.811919	11.740621	21.667865
156.9	8.452114	3.288512	11.740626	21.652907
157	4.875985	6.864676	11.740661	21.632412
157.1	3.092847	8.647831	11.740677	21.595969
157.2	5.390524	6.350130	11.740653	21.532196
157.3	8.439678	3.300946	11.740624	21.433468
157.4	8.079627	3.661002	11.740629	21.300703
157.5	5.034644	6.706016	11.740660	21.146166
157.6	3.657105	8.083568	11.740673	20.992743
157.7	5.708632	6.032017	11.740650	20.869265
157.8	8.013138	3.727487	11.740625	20.802916
157.9	7.147465	4.593170	11.740634	20.810984
158	4.374610	7.366054	11.740664	20.894734
158.1	3.804555	7.936116	11.740671	21.037729
158.2	6.451619	5.289027	11.740645	21.209551
158.3	8.686851	3.053772	11.740623	21.374096
158.4	7.337455	4.403181	11.740636	21.499961
158.5	4.223308	7.517359	11.740666	21.569554
158.6	3.654455	8.086217	11.740672	21.583848
158.7	6.364079	5.376565	11.740644	21.561083
158.8	8.467959	3.272663	11.740622	21.529722
158.9	6.995514	4.745125	11.740638	21.518046
159	4.180251	7.560418	11.740669	21.543973
159.1	4.317274	7.423396	11.740670	21.608730
159.2	7.511620	4.229018	11.740638	21.696729
159.3	9.258847	2.481771	11.740618	21.781794
159.4	6.745706	4.994934	11.740640	21.837619
159.5	3.117474	8.623202	11.740676	21.848707
159.6	3.437391	8.303285	11.740676	21.817714
159.7	7.619204	4.121433	11.740637	21.766288
159.8	10.202463	1.538149	11.740612	21.728730
159.9	7.661615	4.079021	11.740636	21.740394
160	3.367386	8.373291	11.740677	21.824723
160.1	3.167974	8.572706	11.740680	21.983527
160.2	7.367754	4.372885	11.740638	22.194135
160.3	10.124461	1.616148	11.740609	22.414841
160.4	7.376536	4.364097	11.740634	22.597185
160.5	2.605152	9.135529	11.740680	22.701201
160.6	2.353527	9.387158	11.740685	22.708609
160.7	7.309918	4.430722	11.740640	22.629454
160.8	11.078632	0.661972	11.740604	22.499805
160.9	8.590304	3.150322	11.740626	22.371083
161	2.969681	8.770996	11.740678	22.294366
161.1	1.505029	10.235661	11.740690	22.304750
161.2	5.972962	5.767685	11.740647	22.410780
161.3	10.290323	1.450283	11.740606	22.592319
161.4	8.695952	3.044670	11.740622	22.807361
161.5	3.469168	8.271505	11.740673	23.005367
161.6	1.780544	9.960145	11.740690	23.142598
161.7	5.940936	5.799714	11.740649	23.194420
161.8	10.253496	1.487110	11.740607	23.160741
161.9	8.747524	2.993096	11.740620	23.063214
162	3.329993	8.410679	11.740672	22.935691
162.1	1.294217	10.446475	11.740693	22.811645
162.2	5.505609	6.235045	11.740654	22.713127
162.3	10.494276	1.246332	11.740607	22.645027
162.4	9.729604	2.011011	11.740615	22.596334
162.5	4.301183	7.439483	11.740666	22.547440
162.6	1.390770	10.349922	11.740692	22.480376
162.7	4.683980	7.056680	11.740660	22.387861
162.8	9.610493	2.130121	11.740613	22.277629
162.9	9.644515	2.096100	11.740615	22.170359
163	5.019103	6.721558	11.740661	22.091994
163.1	2.182871	9.557817	11.740688	22.063362
163.2	4.977626	6.763034	11.740661	22.091075
163.3	9.556666	2.183951	11.740617	22.163230
163.4	9.737255	2.003361	11.740616	22.251700
163.5	5.332479	6.408179	11.740658	22.320409
163.6	2.238852	9.501834	11.740686	22.336784
163.7	4.427982	7.312682	11.740663	22.282393
163.8	8.799078	2.941544	11.740623	22.159060
163.9	9.617498	2.123120	11.740618	21.988301
164	6.191916	5.548737	11.740653	21.804286
164.1	3.408947	8.331732	11.740678	21.642798
164.2	4.816596	6.924065	11.740661	21.529991
164.3	7.975174	3.765453	11.740627	21.474797
164.4	8.227160	3.513465	11.740625	21.467437
164.5	5.286423	6.454233	11.740656	21.484334
164.6	3.452298	8.288377	11.740675	21.497456
164.7	5.413764	6.326893	11.740656	21.484640
164.8	8.477397	3.263229	11.740626	21.437185
164.9	8.410630	3.329997	11.740627	21.362131
165	5.353987	6.386670	11.740657	21.278570
165.1	3.512757	8.227917	11.740674	21.209580
165.2	5.210445	6.530209	11.740654	21.172859
165.3	7.749275	3.991352	11.740627	21.173606
165.4	7.407349	4.333282	11.740632	21.202283
165.5	4.779388	6.961272	11.740660	21.238116
165.6	3.852848	7.887824	11.740672	21.257072
165.7	6.182372	5.558277	11.740648	21.241421
165.8	8.528818	3.211806	11.740623	21.187416
165.9	7.422827	4.317806	11.740633	21.108260
166	4.216996	7.523668	11.740665	21.031142
166.1	3.356629	8.384046	11.740674	20.989208
166.2	6.147050	5.593597	11.740647	21.011034
166.3	8.799118	2.941503	11.740621	21.111047
166.4	7.663532	4.077101	11.740633	21.284004
166.5	4.397386	7.343280	11.740667	21.505335
166.6	3.705350	8.035324	11.740674	21.737238
166.7	6.668816	5.071828	11.740644	21.938629
166.8	9.062871	2.677747	11.740618	22.075915
166.9	7.259749	4.480885	11.740634	22.131436
167	3.568108	8.172565	11.740672	22.107266
167.1	3.303075	8.437604	11.740679	22.023577
167.2	7.321787	4.418855	11.740642	21.912409
167.3	10.416994	1.323617	11.740611	21.808948
167.4	8.209866	3.530763	11.740629	21.742896
167.5	3.329553	8.411121	11.740675	21.732240
167.6	2.195264	9.545422	11.740686	21.780752
167.7	6.408068	5.332579	11.740647	21.879337
167.8	10.405289	1.335319	11.740609	22.010303
167.9	8.825042	2.915582	11.740624	22.152919
168	3.787109	7.953563	11.740672	22.288638
168.1	2.131123	9.609565	11.740689	22.404687
168.2	6.156715	5.583935	11.740650	22.495486
168.3	10.384367	1.356240	11.740608	22.561997
168.4	8.892304	2.848316	11.740620	22.609654
168.5	3.427638	8.313034	11.740671	22.645710
168.6	1.240474	10.500219	11.740693	22.676781
168.7	5.384702	6.355953	11.740655	22.707134
168.8	10.511101	1.229507	11.740608	22.737962
168.9	9.914718	1.825896	11.740614	22.767623
169	4.448988	7.291677	11.740665	22.792664
169.1	1.343106	10.397587	11.740693	22.809301
169.2	4.519318	7.221342	11.740660	22.814984
169.3	9.434844	2.305769	11.740612	22.809645
169.4	9.336200	2.404414	11.740614	22.796224
169.5	4.413566	7.327097	11.740662	22.780217
169.6	1.488101	10.252591	11.740692	22.768203
169.7	4.713571	7.027091	11.740662	22.765601
169.8	9.903353	1.837260	11.740613	22.774268
169.9	10.138192	1.602419	11.740610	22.790733
170	5.060119	6.680539	11.740658	22.805827
170.1	1.344112	10.396580	11.740692	22.806177
170.2	3.788098	7.952570	11.740668	22.777458
170.3	9.028771	2.711848	11.740619	22.708666
170.4	10.194079	1.546531	11.740611	22.596196
170.5	6.055284	5.685368	11.740652	22.446347
170.6	2.404524	9.336162	11.740686	22.275219
170.7	4.081331	7.659338	11.740668	22.105693
170.8	8.584133	3.156491	11.740624	21.962111
170.9	9.727299	2.013315	11.740614	21.864098
171	6.084387	5.656264	11.740650	21.821364
171.1	2.732518	9.008164	11.740683	21.831122
171.2	4.203584	7.537084	11.740668	21.878999
171.3	8.426360	3.314267	11.740627	21.943183
171.4	9.747254	1.993362	11.740616	22.000509
171.5	6.606567	5.134080	11.740648	22.032517
171.6	3.378330	8.362347	11.740677	22.029555
171.7	4.198520	7.542146	11.740666	21.991710
171.8	7.497906	4.242726	11.740632	21.926494
171.9	8.563517	3.177107	11.740623	21.844391
172	6.181074	5.559576	11.740650	21.754157
172.1	4.042993	7.697679	11.740672	21.659762
172.2	5.256908	6.483751	11.740659	21.560220
172.3	7.927566	3.813064	11.740629	21.452297
172.4	7.998754	3.741873	11.740627	21.334876
172.5	5.157056	6.583599	11.740655	21.212943
172.6	3.346555	8.394120	11.740674	21.099178
172.7	5.177765	6.562891	11.740657	21.011962
172.8	8.184908	3.555719	11.740627	20.970050
172.9	8.254227	3.486401	11.740627	20.985556
173	5.387118	6.353538	11.740656	21.057880
173.1	3.650203	8.090470	11.740673	21.171125
173.2	5.385871	6.354783	11.740654	21.296573
173.3	7.900325	3.840301	11.740626	21.400024
173.4	7.365318	4.375312	11.740631	21.452000
173.5	4.413130	7.327532	11.740662	21.437533
173.6	3.385549	8.355127	11.740675	21.362116
173.7	6.131638	5.609012	11.740650	21.251447
173.8	9.122054	2.618567	11.740620	21.144580
173.9	8.193043	3.547586	11.740628	21.082372
174	4.457865	7.282799	11.740664	21.094816
174.1	2.990694	8.749985	11.740679	21.191440
174.2	5.842792	5.897858	11.740651	21.358048
174.3	9.061715	2.678903	11.740618	21.561052
174.4	8.086745	3.653883	11.740627	21.758104
174.5	4.207396	7.533271	11.740667	21.911512
174.6	2.980294	8.760388	11.740682	21.999973
174.7	6.496282	5.244367	11.740650	22.024619
174.8	10.160505	1.580108	11.740612	22.007330
174.9	8.768141	2.972482	11.740623	21.981923
175	3.807759	7.932911	11.740669	21.981339
175.1	1.824034	9.916656	11.740690	22.025363
175.2	5.673104	6.067551	11.740655	22.113287
175.3	10.441578	1.299032	11.740610	22.224189
175.4	9.824131	1.916484	11.740615	22.324836
175.5	4.590935	7.149730	11.740665	22.382453
175.6	1.673252	10.067440	11.740692	22.377849
175.7	4.906890	6.833771	11.740660	22.314119
175.8	9.843483	1.897129	11.740612	22.217632
175.9	9.718767	2.021846	11.740613	22.130665
176	4.616167	7.124495	11.740662	22.097965
176.1	1.427740	10.312953	11.740693	22.151696
176.2	4.565594	7.175070	11.740664	22.299889
176.3	9.923887	1.816726	11.740613	22.522403
176.4	10.305098	1.435510	11.740608	22.775898
176.5	5.078730	6.661927	11.740657	23.006309
176.6	1.079644	10.661050	11.740694	23.164774
176.7	3.510255	8.230415	11.740670	23.221848
176.8	9.049957	2.690661	11.740618	23.175450
176.9	10.374505	1.366103	11.740607	23.050128
177	5.934157	5.806494	11.740651	22.888182
177.1	1.858305	9.882384	11.740689	22.735814
177.2	3.571434	8.169237	11.740671	22.629038
177.3	8.537666	3.202956	11.740622	22.583932
177.4	9.858385	1.882224	11.740609	22.594136
177.5	5.700129	6.040521	11.740650	22.635901
177.6	1.752852	9.987836	11.740689	22.678381
177.7	3.487756	8.252917	11.740673	22.695211
177.8	8.764974	2.975650	11.740625	22.673191
177.9	10.722137	1.018471	11.740607	22.615211
178	6.924504	4.816139	11.740644	22.536797
178.1	2.458003	9.282681	11.740684	22.458042
178.2	3.015574	8.725102	11.740676	22.394341
178.3	7.458652	4.281981	11.740632	22.349621
178.4	9.712483	2.028130	11.740613	22.314723
178.5	7.063513	4.677129	11.740642	22.271504
178.6	3.527391	8.213287	11.740677	22.201006
178.7	4.047301	7.693370	11.740671	22.092469
178.8	7.762788	3.977846	11.740634	21.949596
178.9	9.459578	2.281039	11.740617	21.791470
179	6.856775	4.883869	11.740644	21.647533
179.1	3.587759	8.152916	11.740675	21.548199
179.2	4.016435	7.724233	11.740668	21.514368
179.3	7.303806	4.436830	11.740635	21.549562
179.4	8.840551	2.900071	11.740622	21.637551
179.5	6.736247	5.004399	11.740645	21.746432
179.6	4.218879	7.521792	11.740671	21.837911
179.7	4.829641	6.911022	11.740662	21.878696
179.8	7.420118	4.320515	11.740634	21.850256
179.9	7.987676	3.752951	11.740626	21.753753
180	5.556009	6.184643	11.740652	21.608660
180.1	3.626855	8.113818	11.740673	21.445742
180.2	5.131621	6.609038	11.740659	21.296947
180.3	8.116259	3.624370	11.740629	21.185703
180.4	8.387679	3.352946	11.740625	21.120833
180.5	5.452287	6.288367	11.740654	21.095906
180.6	3.314061	8.426614	11.740675	21.093908
180.7	4.894260	6.846399	11.740658	21.095245
180.8	7.899170	3.841457	11.740628	21.086063
180.9	8.035980	3.704646	11.740626	21.063827
181	5.121670	6.618987	11.740657	21.038275
181.1	3.417056	8.323620	11.740676	21.027488
181.2	5.565950	6.174705	11.740655	21.050643
181.3	8.656075	3.084547	11.740623	21.120091
181.4	8.159579	3.581046	11.740625	21.235639
181.5	4.433167	7.307494	11.740661	21.383068
181.6	2.561869	9.178813	11.740682	21.537458
181.7	5.413906	6.326751	11.740657	21.670245
181.8	9.429894	2.310724	11.740618	21.757711
181.9	9.244075	2.496545	11.740620	21.788192
182	5.055545	6.685115	11.740660	21.765757
182.1	2.547126	9.193559	11.740685	21.709279
182.2	5.177253	6.563406	11.740659	21.647278
182.3	9.315846	2.424771	11.740617	21.610151
182.4	9.102632	2.637986	11.740617	21.622094
182.5	4.598611	7.142050	11.740661	21.694962
182.6	1.983478	9.757212	11.740690	21.825580
182.7	5.203639	6.537023	11.740662	21.996990
182.8	10.324279	1.416334	11.740613	22.182996
182.9	10.518901	1.221708	11.740609	22.354598
183	5.252877	6.487780	11.740657	22.486597
183.1	1.248667	10.492026	11.740694	22.562828
183.2	3.677013	8.063658	11.740671	22.579012
183.3	9.261007	2.479611	11.740618	22.542870
183.4	10.606922	1.133684	11.740606	22.471789
183.5	6.046753	5.693897	11.740651	22.388771
183.6	1.805486	9.935205	11.740691	22.317595
183.7	3.581634	8.159039	11.740673	22.278187
183.8	8.879436	2.861185	11.740621	22.283015
183.9	10.416854	1.323752	11.740606	22.335141
184	5.990468	5.750180	11.740648	22.428216
184.1	1.476694	10.263997	11.740691	22.548379
184.2	2.930913	8.809764	11.740677	22.677631
184.3	8.449428	3.291197	11.740625	22.797917
184.4	10.735231	1.005373	11.740604	22.894942
184.5	6.856556	4.884086	11.740642	22.960782
184.6	2.065365	9.675322	11.740687	22.994601
184.7	2.654871	9.085808	11.740679	23.001321
184.8	7.585278	4.155353	11.740631	22.988711
184.9	10.089749	1.650858	11.740608	22.963876
185	6.890880	4.849759	11.740640	22.930369
185.1	2.505358	9.235325	11.740683	22.887010
185.2	2.972703	8.767975	11.740678	22.828893
185.3	7.670830	4.069803	11.740633	22.750301
185.4	10.263793	1.476816	11.740609	22.648469
185.5	7.312375	4.428262	11.740637	22.526735
185.6	2.822931	8.917748	11.740680	22.395674
185.7	2.745860	8.994820	11.740679	22.271481
185.8	7.052308	4.688330	11.740638	22.171802
185.9	10.016039	1.724573	11.740613	22.110252
186	8.002327	3.738308	11.740635	22.091454
186.1	4.084775	7.655898	11.740672	22.108443
186.2	3.523089	8.217585	11.740674	22.143623
186.3	6.642049	5.098592	11.740641	22.173275
186.4	8.799310	2.941311	11.740620	22.174368
186.5	7.063923	4.676717	11.740640	22.131536
186.6	4.147222	7.593449	11.740671	22.041891
186.7	4.340486	7.400183	11.740669	21.916002
186.8	7.424893	4.315744	11.740638	21.774608
186.9	9.080686	2.659936	11.740622	21.642112
187	7.013642	4.727000	11.740642	21.539045
187.1	4.094540	7.646130	11.740670	21.476068
187.2	4.220574	7.520092	11.740666	21.451536
187.3	6.885171	4.855467	11.740638	21.453394
187.4	8.096868	3.643757	11.740626	21.464579
187.5	6.182142	5.558505	11.740647	21.469815
187.6	4.128921	7.611749	11.740670	21.461184
187.7	5.156765	6.583896	11.740661	21.440313
187.8	7.916910	3.823721	11.740631	21.416343
187.9	8.298039	3.442585	11.740624	21.400504
188	5.379388	6.361264	11.740652	21.399547
188.1	3.011498	8.729178	11.740676	21.410827
188.2	4.550858	7.189804	11.740662	21.421347
188.3	8.039982	3.700647	11.740628	21.411608
188.4	8.747160	2.993462	11.740621	21.363215
188.5	5.722159	6.018492	11.740652	21.267575
188.6	3.206608	8.534070	11.740677	21.132309
188.7	4.752227	6.988435	11.740662	20.982539
188.8	8.169418	3.571208	11.740626	20.855872
188.9	8.498436	3.242185	11.740621	20.792124
189	5.044516	6.696139	11.740655	20.820872
189.1	2.606997	9.133685	11.740682	20.950958
189.2	4.896532	6.844130	11.740662	21.165724
189.3	9.138030	2.602591	11.740621	21.426017
189.4	9.578935	2.161680	11.740615	21.680466
189.5	5.400910	6.339745	11.740654	21.880042
189.6	2.134346	9.606341	11.740687	21.992305
189.7	4.295846	7.444822	11.740667	22.010727
189.8	9.117247	2.623374	11.740621	21.955954
189.9	10.100939	1.639671	11.740611	21.868533
190	5.836256	5.904395	11.740652	21.795476
190.1	2.087877	9.652812	11.740689	21.775089
190.2	4.071113	7.669559	11.740671	21.825104
190.3	9.250033	2.490588	11.740621	21.938026
190.4	10.571452	1.169155	11.740606	22.085113
190.5	6.000278	5.740370	11.740648	22.227465
190.6	1.484747	10.255945	11.740692	22.330251
190.7	3.132586	8.608092	11.740678	22.375077
190.8	8.968341	2.772284	11.740624	22.366177
190.9	11.408083	0.332519	11.740602	22.328326
191	7.275385	4.465255	11.740640	22.297298
191.1	1.996568	9.744120	11.740688	22.306343
191.2	2.359248	9.381435	11.740682	22.373518
191.3	7.542295	4.198337	11.740631	22.494438
191.4	10.398229	1.342376	11.740605	22.643070
191.5	7.146496	4.594142	11.740637	22.780357
191.6	2.377458	9.363226	11.740685	22.867700
191.7	2.707667	9.033015	11.740682	22.880606
191.8	7.767367	3.973266	11.740633	22.817730
191.9	10.707328	1.033277	11.740604	22.702158
192	7.466996	4.273638	11.740634	22.574423
192.1	2.249024	9.491659	11.740683	22.479605
192.2	1.872965	9.867720	11.740685	22.452871
192.3	6.699078	5.041561	11.740639	22.508266
192.4	10.296747	1.443860	11.740607	22.634410
192.5	8.118323	3.622308	11.740630	22.798349
192.6	3.407650	8.333026	11.740676	22.956058
192.7	2.565425	9.175258	11.740682	23.065898
192.8	6.496827	5.243815	11.740642	23.100542
192.9	9.639436	2.101176	11.740612	23.053570
193	7.707375	4.033257	11.740632	22.938971
193.1	3.452833	8.287841	11.740674	22.784278
193.2	2.751686	8.988994	11.740680	22.620205
193.3	6.587663	5.152981	11.740644	22.470660
193.4	9.855172	1.885442	11.740614	22.346581
193.5	8.363811	3.376820	11.740630	22.245438
193.6	4.349828	7.390841	11.740669	22.156001
193.7	3.179318	8.561359	11.740677	22.066073
193.8	6.071008	5.669639	11.740647	21.969825
193.9	8.794992	2.945629	11.740621	21.871756
194	7.754480	3.986155	11.740635	21.785641
194.1	4.792877	6.947788	11.740666	21.728927
194.2	4.254256	7.486414	11.740670	21.714795
194.3	6.767196	4.973446	11.740643	21.745106
194.4	8.540163	3.200461	11.740624	21.807121
194.5	6.930872	4.809769	11.740640	21.875588
194.6	4.233016	7.507653	11.740668	21.919726
194.7	4.342932	7.397735	11.740668	21.912867
194.8	7.149913	4.590726	11.740639	21.841443
194.9	8.673066	3.067558	11.740623	21.710145
195	6.738613	5.002030	11.740643	21.541359
195.1	4.090536	7.650134	11.740670	21.368936
195.2	4.469981	7.270685	11.740665	21.228263
195.3	7.228738	4.511897	11.740635	21.145843
195.4	8.209886	3.530737	11.740623	21.131752
195.5	5.752973	5.987675	11.740648	21.177311
195.6	3.271453	8.469222	11.740675	21.258559
195.7	4.534098	7.206568	11.740665	21.344216
195.8	8.159244	3.581386	11.740630	21.405408
195.9	9.228509	2.512109	11.740618	21.423992
196	6.065592	5.675055	11.740647	21.396951
196.1	2.774527	8.966152	11.740679	21.335735
196.2	3.759373	7.981296	11.740669	21.261169
196.3	7.630716	4.109915	11.740630	21.195924
196.4	9.028395	2.712222	11.740617	21.157220
196.5	6.040050	5.700597	11.740647	21.152125
196.6	2.960363	8.780318	11.740680	21.176785
196.7	4.365315	7.375353	11.740668	21.219490
196.8	8.567764	3.172863	11.740626	21.266188
196.9	9.684900	2.055713	11.740612	21.306382
197	5.781122	5.959526	11.740648	21.337300
197.1	1.894616	9.846070	11.740687	21.365026
197.2	3.438510	8.302165	11.740675	21.402307
197.3	8.714899	3.025727	11.740626	21.463916
197.4	10.883948	0.856658	11.740606	21.561162
197.5	7.059681	4.680961	11.740642	21.697336
197.6	2.314618	9.426069	11.740687	21.865473
197.7	2.982673	8.758007	11.740680	22.049075
197.8	8.126088	3.614542	11.740630	22.225517
197.9	10.730164	1.010440	11.740604	22.371168
198	7.164833	4.575805	11.740638	22.466872
198.1	2.181936	9.558750	11.740686	22.502426
198.2	2.590509	9.150175	11.740684	22.479075
198.3	8.031815	3.708818	11.740633	22.409512
198.4	11.319698	0.420903	11.740601	22.315475
198.5	8.006306	3.734326	11.740632	22.223469
198.6	2.370397	9.370287	11.740684	22.159486
198.7	1.761691	9.978998	11.740689	22.143751
198.8	6.853964	4.886676	11.740640	22.186531
198.9	10.833771	0.906833	11.740603	22.285881
199	8.529591	3.211036	11.740627	22.427868
199.1	3.196660	8.544017	11.740677	22.589393
199.2	1.964386	9.776302	11.740687	22.743113
199.3	6.243470	5.497175	11.740644	22.863485
199.4	10.015885	1.724722	11.740608	22.932545
199.5	8.123247	3.617379	11.740627	22.943970
199.6	3.214167	8.526508	11.740675	22.904321
199.7	2.033172	9.707515	11.740687	22.830997
199.8	6.244183	5.496464	11.740647	22.747384
199.9	10.236113	1.504496	11.740609	22.676477
200	8.733693	3.006931	11.740624	22.634773
