#time	ekin		epot		etot		chain_length
0	11.210660	0.000218	11.210878	22.000227
0.1	7.799737	3.411218	11.210955	22.306750
0.2	2.012271	9.198736	11.211008	22.555213
0.3	1.263515	9.947497	11.211012	22.704517
0.4	6.209873	5.001091	11.210964	22.741277
0.5	10.080744	1.130184	11.210928	22.682356
0.6	7.823068	3.387883	11.210952	22.568116
0.7	2.729814	8.481188	11.211001	22.448820
0.8	1.788784	9.422226	11.211010	22.368812
0.9	6.212068	4.998899	11.210967	22.353663
1	9.918465	1.292465	11.210931	22.404272
1.1	7.840619	3.370331	11.210950	22.499428
1.2	2.726502	8.484497	11.210998	22.605455
1.3	1.342856	9.868154	11.211010	22.689216
1.4	5.386150	5.824822	11.210971	22.729794
1.5	9.372192	1.838742	11.210934	22.724854
1.6	8.123164	3.087785	11.210948	22.689764
1.7	3.582260	7.628733	11.210992	22.650208
1.8	1.904477	9.306529	11.211006	22.631315
1.9	5.077476	6.133498	11.210973	22.647471
2	8.497828	2.713112	11.210940	22.696572
2.1	7.491521	3.719431	11.210951	22.760672
2.2	3.633710	7.577280	11.210990	22.812621
2.3	2.353392	8.857611	11.211003	22.826177
2.4	5.405825	5.805148	11.210973	22.785902
2.5	8.607947	2.602995	11.210942	22.693237
2.6	7.693543	3.517409	11.210953	22.566628
2.7	4.051548	7.159440	11.210988	22.435678
2.8	2.613601	8.597399	11.211000	22.331441
2.9	5.091702	6.119272	11.210974	22.276261
3	7.915453	3.295495	11.210948	22.276666
3.1	7.392788	3.818169	11.210956	22.321553
3.2	4.684327	6.526659	11.210985	22.386054
3.3	3.822726	7.388267	11.210993	22.439593
3.4	5.894967	5.316003	11.210970	22.455317
3.5	7.674501	3.536449	11.210950	22.417741
3.6	6.441495	4.769468	11.210963	22.326177
3.7	3.957655	7.253334	11.210989	22.193157
3.8	3.925445	7.285546	11.210991	22.038823
3.9	6.610477	4.600489	11.210965	21.883599
4	8.343996	2.866952	11.210948	21.741902
4.1	6.689563	4.521401	11.210964	21.618999
4.2	3.938609	7.272382	11.210992	21.511844
4.3	3.914027	7.296964	11.210991	21.413175
4.4	6.583884	4.627080	11.210964	21.317004
4.5	8.050555	3.160392	11.210948	21.223139
4.6	6.055199	5.155768	11.210967	21.138812
4.7	3.294038	7.916958	11.210996	21.076683
4.8	3.743472	7.467522	11.210995	21.049930
4.9	7.228371	3.982594	11.210965	21.066293
5	9.518488	1.692456	11.210945	21.123411
5.1	7.679067	3.531893	11.210960	21.207262
5.2	3.774552	7.436440	11.210992	21.294409
5.3	2.215322	8.995681	11.211003	21.357505
5.4	4.696344	6.514641	11.210985	21.372448
5.5	8.555787	2.655170	11.210957	21.325022
5.6	9.709031	1.501920	11.210950	21.214991
5.7	7.107914	4.103058	11.210972	21.056373
5.8	3.647143	7.563852	11.210995	20.873850
5.9	2.650853	8.560145	11.210998	20.696376
6	4.622126	6.588857	11.210983	20.549875
6.1	7.305510	3.905455	11.210965	20.451043
6.2	8.157004	3.053959	11.210963	20.403749
6.3	6.873324	4.337653	11.210978	20.398651
6.4	5.397785	5.813205	11.210990	20.415828
6.5	5.406549	5.804437	11.210986	20.429637
6.6	6.431916	4.779058	11.210974	20.414513
6.7	6.834607	4.376364	11.210971	20.350292
6.8	6.194186	5.016796	11.210982	20.225887
6.9	5.920301	5.290689	11.210990	20.040786
7	7.202985	4.007999	11.210984	19.804468
7.1	9.085280	2.125688	11.210968	19.534263
7.2	9.329361	1.881601	11.210962	19.252317
7.3	7.093744	4.117231	11.210975	18.982170
7.4	4.199298	7.011695	11.210994	18.745254
7.5	3.405665	7.805335	11.211000	18.557500
7.6	5.580286	5.630701	11.210987	18.426376
7.7	8.849935	2.361033	11.210969	18.348865
7.8	10.494693	0.716269	11.210962	18.311058
7.9	9.464942	1.746030	11.210972	18.289823
8	7.033864	4.177122	11.210986	18.256610
8.1	5.281189	5.929804	11.210993	18.182882
8.2	5.246109	5.964881	11.210990	18.046175
8.3	6.413000	4.797981	11.210981	17.835379
8.4	7.570910	3.640066	11.210976	17.553792
8.5	7.953671	3.257307	11.210977	17.218936
8.6	7.668883	3.542098	11.210982	16.858991
8.7	7.316461	3.894524	11.210985	16.506636
8.8	7.352689	3.858296	11.210984	16.191838
8.9	7.751779	3.459203	11.210982	15.935317
9	8.149532	3.061447	11.210979	15.744201
9.1	8.216843	2.994136	11.210979	15.610817
9.2	7.876708	3.334272	11.210980	15.514951
9.3	7.266737	3.944245	11.210982	15.429168
9.4	6.644044	4.566940	11.210984	15.325851
9.5	6.359146	4.851840	11.210986	15.184073
9.6	6.693331	4.517654	11.210985	14.994472
9.7	7.462949	3.748031	11.210980	14.760877
9.8	7.952431	3.258545	11.210976	14.498399
9.9	7.641577	3.569402	11.210980	14.228657
10	7.029165	4.181823	11.210988	13.973595
10.1	7.248652	3.962338	11.210990	13.749595
10.2	8.538710	2.672270	11.210980	13.563405
10.3	9.569119	1.641850	11.210969	13.410804
10.4	8.872721	2.338250	11.210971	13.278299
10.5	6.742200	4.468785	11.210984	13.147640
10.6	5.140195	6.070801	11.210995	13.001993
10.7	5.608505	5.602487	11.210992	12.831760
10.8	7.613807	3.597171	11.210978	12.637917
10.9	9.177242	2.033727	11.210969	12.431604
11	8.955551	2.255422	11.210973	12.230081
11.1	7.485262	3.725723	11.210984	12.050516
11.2	6.392395	4.818595	11.210991	11.903848
11.3	6.623416	4.587570	11.210986	11.790764
11.4	7.606308	3.604669	11.210977	11.700689
11.5	8.014513	3.196459	11.210972	11.613805
11.6	7.212891	3.998086	11.210977	11.505798
11.7	5.915766	5.295220	11.210986	11.354494
11.8	5.423602	5.787388	11.210990	11.146671
11.9	6.269612	4.941373	11.210985	10.882798
12	7.701194	3.509783	11.210976	10.577936
12.1	8.500488	2.710485	11.210973	10.258335
12.2	8.189846	3.021131	11.210977	9.954673
12.3	7.340584	3.870399	11.210983	9.694020
12.4	6.801418	4.409567	11.210985	9.493027
12.5	6.841774	4.369209	11.210983	9.354373
12.6	7.127350	4.083630	11.210980	9.267179
12.7	7.296379	3.914601	11.210980	9.210443
12.8	7.300567	3.910414	11.210981	9.157946
12.9	7.242121	3.968860	11.210981	9.083617
13	7.146625	4.064356	11.210980	8.966695
13.1	7.006719	4.204262	11.210981	8.795922
13.2	6.913835	4.297148	11.210982	8.571886
13.3	7.034980	4.176003	11.210983	8.306822
13.4	7.466640	3.744342	11.210982	8.021734
13.5	8.011072	3.199906	11.210978	7.741477
13.6	8.083207	3.127768	11.210975	7.489135
13.7	7.256908	3.954069	11.210977	7.281195
13.8	5.953546	5.257438	11.210984	7.124540
13.9	5.199019	6.011970	11.210989	7.015557
14	5.658064	5.552923	11.210987	6.941296
14.1	6.985855	4.225124	11.210979	6.882468
14.2	8.085135	3.125838	11.210973	6.817568
14.3	8.112032	3.098943	11.210974	6.727189
14.4	7.305228	3.905754	11.210981	6.597658
14.5	6.697356	4.513630	11.210986	6.423442
14.6	7.005548	4.205435	11.210984	6.207941
14.7	7.816487	3.394488	11.210975	5.962636
14.8	7.938739	3.272232	11.210971	5.704734
14.9	6.811527	4.399450	11.210977	5.453769
15	5.407716	5.803272	11.210988	5.227777
15.1	5.293534	5.917457	11.210991	5.039794
15.2	6.838344	4.372638	11.210982	4.895333
15.3	8.739717	2.471254	11.210971	4.791309
15.4	9.346513	1.864456	11.210969	4.716809
15.5	8.209369	3.001607	11.210976	4.655762
15.6	6.374442	4.836545	11.210987	4.590676
15.7	5.401332	5.809659	11.210991	4.506074
15.8	6.002684	5.208303	11.210986	4.390826
15.9	7.430783	3.780193	11.210976	4.239528
16	8.280211	2.930760	11.210972	4.053277
16.1	7.934062	3.276914	11.210977	3.839879
16.2	7.067757	4.143227	11.210984	3.613151
16.3	6.712814	4.498171	11.210985	3.390939
16.4	7.040991	4.169989	11.210980	3.191707
16.5	7.297047	3.913929	11.210976	3.030235
16.6	6.895373	4.315606	11.210979	2.913665
16.7	6.198088	5.012896	11.210984	2.839754
16.8	6.006420	5.204566	11.210986	2.798493
16.9	6.607378	4.603605	11.210983	2.775980
17	7.511484	3.699494	11.210977	2.757791
17.1	7.948990	3.261985	11.210975	2.730687
17.2	7.582489	3.628488	11.210978	2.683569
17.3	6.810248	4.400734	11.210983	2.608784
17.4	6.360175	4.850811	11.210986	2.503825
17.5	6.631763	4.579222	11.210985	2.372693
17.6	7.436337	3.774645	11.210981	2.226040
17.7	8.185289	3.025689	11.210978	2.079540
17.8	8.290883	2.920094	11.210977	1.950422
17.9	7.649370	3.561612	11.210981	1.852829
18	6.828693	4.382294	11.210987	1.793703
18.1	6.648652	4.562337	11.210989	1.771452
18.2	7.421257	3.789727	11.210984	1.778051
18.3	8.478150	2.732825	11.210975	1.802558
18.4	8.634238	2.576733	11.210971	1.833927
18.5	7.415057	3.795920	11.210977	1.863083
18.6	5.766248	5.444741	11.210988	1.884977
18.7	5.250112	5.960880	11.210992	1.900264
18.8	6.414225	4.796759	11.210984	1.915123
18.9	8.101019	3.109953	11.210972	1.937841
19	8.582563	2.628407	11.210969	1.972878
19.1	7.408094	3.802884	11.210978	2.016197
19.2	5.883876	5.327113	11.210990	2.055927
19.3	5.646947	5.564045	11.210992	2.078234
19.4	7.017667	4.193316	11.210983	2.074292
19.5	8.657517	2.553454	11.210971	2.044287
19.6	8.881766	2.329204	11.210970	1.996956
19.7	7.535628	3.675352	11.210981	1.945396
19.8	6.159294	5.051696	11.210990	1.901578
19.9	6.119381	5.091606	11.210987	1.873147
20	7.115734	4.095244	11.210978	1.864726
20.1	7.850050	3.360925	11.210974	1.881718
20.2	7.725936	3.485043	11.210979	1.931526
20.3	7.355712	3.855273	11.210985	2.019112
20.4	7.467218	3.743765	11.210983	2.140109
20.5	7.869413	3.341565	11.210978	2.278359
20.6	7.804970	3.406006	11.210976	2.410732
20.7	7.033906	4.177075	11.210981	2.515637
20.8	6.191500	5.019486	11.210987	2.580217
20.9	6.103114	5.107873	11.210987	2.603457
21	6.912872	4.298110	11.210982	2.594769
21.1	7.833898	3.377077	11.210975	2.569126
21.2	7.867300	3.343675	11.210974	2.540976
21.3	6.929952	4.281030	11.210982	2.519563
21.4	6.096079	5.114911	11.210990	2.507669
21.5	6.529540	4.681449	11.210990	2.503874
21.6	8.118495	3.092484	11.210979	2.506247
21.7	9.335902	1.875068	11.210969	2.514664
21.8	8.818578	2.392394	11.210972	2.530453
21.9	6.922048	4.288936	11.210984	2.554578
22	5.380605	5.830389	11.210993	2.586454
22.1	5.547386	5.663606	11.210992	2.624352
22.2	7.273012	3.937971	11.210983	2.666652
22.3	9.236591	1.974383	11.210974	2.712643
22.4	9.985624	1.225347	11.210971	2.762288
22.5	9.021728	2.189249	11.210977	2.815341
22.6	7.187438	4.023549	11.210987	2.870638
22.7	5.882499	5.328493	11.210992	2.926062
22.8	5.917839	5.293151	11.210991	2.979154
22.9	7.094308	4.116677	11.210985	3.028078
23	8.555587	2.655392	11.210979	3.072450
23.1	9.404715	1.806262	11.210976	3.113546
23.2	9.243214	1.967765	11.210979	3.153776
23.3	8.402413	2.808571	11.210984	3.195960
23.4	7.649069	3.561919	11.210988	3.243040
23.5	7.526782	3.684205	11.210987	3.298127
23.6	7.959409	3.251575	11.210984	3.364117
23.7	8.484391	2.726590	11.210981	3.442641
23.8	8.746946	2.464035	11.210981	3.533216
23.9	8.699929	2.511053	11.210982	3.633573
24	8.452693	2.758290	11.210983	3.741045
24.1	8.100905	3.110078	11.210983	3.853834
24.2	7.730253	3.480731	11.210984	3.971172
24.3	7.456706	3.754278	11.210984	4.092330
24.4	7.342128	3.868856	11.210983	4.215173
24.5	7.288165	3.922817	11.210982	4.335196
24.6	7.131621	4.079360	11.210981	4.445721
24.7	6.924337	4.286646	11.210984	4.539581
24.8	6.999109	4.211877	11.210986	4.611873
24.9	7.585658	3.625326	11.210984	4.662454
25	8.391316	2.819663	11.210980	4.696548
25.1	8.724825	2.486152	11.210977	4.722956
25.2	8.143682	3.067297	11.210980	4.751138
25.3	6.988522	4.222464	11.210986	4.788974
25.4	6.210939	5.000052	11.210991	4.842069
25.5	6.572606	4.638384	11.210990	4.914017
25.6	7.952591	3.258392	11.210984	5.006353
25.7	9.414029	1.796948	11.210977	5.117612
25.8	9.963301	1.247674	11.210975	5.242207
25.9	9.337414	1.873565	11.210979	5.370448
26	8.152916	3.058069	11.210985	5.490492
26.1	7.327647	3.883342	11.210989	5.591726
26.2	7.354787	3.856200	11.210988	5.668128
26.3	8.053159	3.157825	11.210984	5.720145
26.4	8.843323	2.367658	11.210981	5.754379
26.5	9.181731	2.029249	11.210979	5.781334
26.6	8.887622	2.323359	11.210981	5.812318
26.7	8.270116	2.940869	11.210985	5.856654
26.8	7.897435	3.313552	11.210987	5.919775
26.9	8.059733	3.151252	11.210985	6.002323
27	8.499310	2.711672	11.210982	6.100354
27.1	8.780204	2.430777	11.210981	6.206559
27.2	8.797222	2.413761	11.210983	6.311962
27.3	8.772329	2.438656	11.210985	6.407556
27.4	8.858403	2.352581	11.210984	6.485538
27.5	8.971500	2.239483	11.210983	6.540191
27.6	8.983807	2.227176	11.210983	6.568564
27.7	8.852304	2.358679	11.210983	6.571018
27.8	8.580063	2.630920	11.210984	6.551485
27.9	8.264304	2.946681	11.210985	6.517152
28	8.115410	3.095575	11.210985	6.477494
28.1	8.251010	2.959974	11.210984	6.442708
28.2	8.529266	2.681716	11.210982	6.421717
28.3	8.675295	2.535686	11.210981	6.420016
28.4	8.581411	2.629572	11.210983	6.437940
28.5	8.444442	2.766543	11.210985	6.469943
28.6	8.516044	2.694941	11.210985	6.505188
28.7	8.726662	2.484320	11.210982	6.529317
28.8	8.745482	2.465500	11.210981	6.527204
28.9	8.439900	2.771083	11.210983	6.486380
29	8.081858	3.129127	11.210986	6.400463
29.1	8.015514	3.195471	11.210985	6.271552
29.2	8.200706	3.010275	11.210981	6.110532
29.3	8.182387	3.028591	11.210978	5.934825
29.4	7.564916	3.646064	11.210979	5.764146
29.5	6.571010	4.639975	11.210986	5.615904
29.6	6.070320	5.140672	11.210991	5.502091
29.7	6.822844	4.388145	11.210990	5.428170
29.8	8.571349	2.639632	11.210981	5.392624
29.9	10.043698	1.167275	11.210973	5.386183
30	10.037562	1.173411	11.210973	5.391834
30.1	8.546329	2.664653	11.210982	5.387259
30.2	6.837279	4.373713	11.210993	5.349879
30.3	6.396644	4.814351	11.210995	5.263030
30.4	7.651677	3.559310	11.210987	5.121034
30.5	9.519676	1.691299	11.210975	4.931228
30.6	10.234350	0.976618	11.210968	4.711968
30.7	8.956453	2.254521	11.210974	4.486980
30.8	6.663839	4.547149	11.210987	4.278035
30.9	5.243347	5.967647	11.210994	4.099173
31	5.681363	5.529626	11.210989	3.955407
31.1	7.285440	3.925540	11.210980	3.845965
31.2	8.627859	2.583116	11.210975	3.768282
31.3	8.979317	2.231661	11.210978	3.718519
31.4	8.668687	2.542295	11.210982	3.688923
31.5	8.273381	2.937602	11.210983	3.666306
31.6	7.899183	3.311798	11.210981	3.634763
31.7	7.413236	3.797746	11.210982	3.581619
31.8	7.035911	4.175074	11.210985	3.503079
31.9	7.262672	3.948314	11.210985	3.406378
32	8.159868	3.051113	11.210981	3.307063
32.1	9.051629	2.159347	11.210976	3.222241
32.2	9.164208	2.046769	11.210977	3.163078
32.3	8.504989	2.705995	11.210983	3.131164
32.4	7.830442	3.380546	11.210988	3.121407
32.5	7.724296	3.486691	11.210987	3.128892
32.6	8.094981	3.116004	11.210984	3.153353
32.7	8.616159	2.594824	11.210983	3.197294
32.8	9.125475	2.085507	11.210982	3.260846
32.9	9.401124	1.809854	11.210978	3.339237
33	8.970969	2.240007	11.210976	3.424885
33.1	7.659151	3.551830	11.210981	3.511472
33.2	6.221770	4.989220	11.210990	3.596554
33.3	5.924291	5.286703	11.210994	3.681532
33.4	7.268893	3.942095	11.210987	3.769924
33.5	9.310272	1.900705	11.210977	3.865458
33.6	10.473121	0.737851	11.210972	3.970904
33.7	10.067774	1.143204	11.210978	4.087775
33.8	8.802386	2.408599	11.210986	4.216623
33.9	7.804202	3.406786	11.210988	4.357698
34	7.526115	3.684871	11.210986	4.511725
34.1	7.712104	3.498880	11.210984	4.680424
34.2	7.993673	3.217310	11.210983	4.866332
34.3	8.265256	2.945728	11.210984	5.071624
34.4	8.561380	2.649603	11.210983	5.296052
34.5	8.799322	2.411660	11.210982	5.534782
34.6	8.808964	2.402017	11.210981	5.777582
34.7	8.511284	2.699698	11.210982	6.010263
34.8	8.010207	3.200777	11.210984	6.218014
34.9	7.602978	3.608008	11.210986	6.389337
35	7.647602	3.563386	11.210987	6.519199
35.1	8.226985	2.983999	11.210984	6.610499
35.2	8.929699	2.281281	11.210980	6.673578
35.3	9.168604	2.042374	11.210979	6.724057
35.4	8.760630	2.450352	11.210981	6.779627
35.5	8.064322	3.146663	11.210985	6.856418
35.6	7.580433	3.630554	11.210987	6.965568
35.7	7.542817	3.668169	11.210986	7.110463
35.8	7.876739	3.334246	11.210985	7.285365
35.9	8.404721	2.806263	11.210984	7.476322
36	8.982088	2.228895	11.210983	7.664497
36.1	9.424086	1.786895	11.210981	7.830705
36.2	9.386761	1.824217	11.210978	7.959526
36.3	8.515850	2.695128	11.210978	8.042036
36.4	6.956401	4.254583	11.210984	8.076814
36.5	5.644989	5.566002	11.210991	8.069275
36.6	5.707888	5.503105	11.210993	8.029650
36.7	7.375913	3.835073	11.210986	7.970224
36.8	9.580469	1.630507	11.210976	7.902701
36.9	10.760272	0.450699	11.210971	7.836434
37	10.208428	1.002550	11.210977	7.777797
37.1	8.711429	2.499559	11.210988	7.730541
37.2	7.791932	3.419062	11.210994	7.696682
37.3	8.213896	2.997092	11.210989	7.677300
37.4	9.270328	1.940651	11.210979	7.672614
37.5	9.647775	1.563200	11.210975	7.681061
37.6	8.882894	2.328085	11.210979	7.697897
37.7	7.730947	3.480039	11.210986	7.714342
37.8	7.152103	4.058884	11.210986	7.718034
37.9	7.277859	3.933123	11.210982	7.694909
38	7.522520	3.688460	11.210979	7.632094
38.1	7.436692	3.774289	11.210981	7.521095
38.2	7.174985	4.035999	11.210984	7.360347
38.3	7.175538	4.035447	11.210985	7.156268
38.4	7.573280	3.637703	11.210983	6.922310
38.5	8.030690	3.180291	11.210980	6.676051
38.6	8.117218	3.093763	11.210981	6.435063
38.7	7.817331	3.393654	11.210984	6.212758
38.8	7.649375	3.561614	11.210988	6.015629
38.9	8.166031	3.044956	11.210987	5.842978
39	9.218819	1.992161	11.210980	5.689219
39.1	9.870194	1.340780	11.210974	5.547001
39.2	9.303997	1.906979	11.210976	5.408855
39.3	7.825475	3.385511	11.210986	5.267454
39.4	6.692656	4.518336	11.210992	5.116556
39.5	6.781682	4.429307	11.210989	4.953460
39.6	7.741193	3.469789	11.210982	4.781280
39.7	8.649869	2.561110	11.210979	4.608520
39.8	8.999844	2.211135	11.210979	4.444991
39.9	8.842772	2.368208	11.210980	4.295889
40	8.373652	2.837329	11.210981	4.157904
40.1	7.733448	3.477534	11.210983	4.020410
40.2	7.156458	4.054527	11.210985	3.871317
40.3	6.998152	4.212834	11.210986	3.703733
40.4	7.449831	3.761154	11.210985	3.519255
40.5	8.269690	2.941292	11.210981	3.326302
40.6	8.869205	2.341772	11.210978	3.135481
40.7	8.722832	2.488146	11.210977	2.955566
40.8	7.846588	3.364394	11.210982	2.792535
40.9	6.992539	4.218450	11.210989	2.651410
41	7.123261	4.087729	11.210990	2.538296
41.1	8.360491	2.850491	11.210982	2.459734
41.2	9.615704	1.595269	11.210973	2.418790
41.3	9.602561	1.608412	11.210973	2.410730
41.4	8.209719	3.001263	11.210982	2.422620
41.5	6.679153	4.531838	11.210991	2.438284
41.6	6.368602	4.842390	11.210993	2.445431
41.7	7.515861	3.695125	11.210986	2.440162
41.8	9.193749	2.017229	11.210978	2.426798
41.9	10.157678	1.053296	11.210974	2.414757
42	9.741456	1.469520	11.210976	2.415224
42.1	8.246921	2.964062	11.210983	2.438776
42.2	6.674746	4.536244	11.210990	2.493967
42.3	6.042926	5.168067	11.210993	2.586416
42.4	6.736020	4.474969	11.210989	2.717972
42.5	8.245466	2.965516	11.210982	2.885893
42.6	9.483292	1.727683	11.210975	3.082705
42.7	9.564048	1.646927	11.210975	3.297529
42.8	8.503518	2.707463	11.210981	3.518857
42.9	7.186643	4.024345	11.210988	3.737694
43	6.598052	4.612937	11.210990	3.949352
43.1	7.032676	4.178310	11.210986	4.153035
43.2	7.979076	3.231905	11.210981	4.350102
43.3	8.693099	2.517880	11.210979	4.542685
43.4	8.863203	2.347778	11.210981	4.733279
43.5	8.750183	2.460801	11.210984	4.924744
43.6	8.742880	2.468105	11.210985	5.120009
43.7	8.875875	2.335107	11.210983	5.321277
43.8	8.866807	2.344175	11.210982	5.528981
43.9	8.559583	2.651400	11.210983	5.740934
44	8.148845	3.062139	11.210984	5.952009
44.1	7.900768	3.310216	11.210984	6.154462
44.2	7.788557	3.422425	11.210982	6.338866
44.3	7.581744	3.629237	11.210981	6.495698
44.4	7.261021	3.949962	11.210983	6.617490
44.5	7.102821	4.108162	11.210984	6.701226
44.6	7.256654	3.954327	11.210981	6.750273
44.7	7.435502	3.775477	11.210978	6.775135
44.8	7.227251	3.983728	11.210979	6.792505
44.9	6.686685	4.524298	11.210983	6.822553
45	6.448501	4.762486	11.210988	6.884695
45.1	7.089710	4.121276	11.210987	6.992325
45.2	8.318492	2.892487	11.210979	7.147610
45.3	9.032685	2.178290	11.210975	7.339206
45.4	8.562034	2.648946	11.210980	7.545154
45.5	7.625849	3.585140	11.210989	7.739114
45.6	7.487381	3.723608	11.210990	7.896702
45.7	8.302751	2.908229	11.210981	8.000427
45.8	8.910028	2.300944	11.210973	8.042602
45.9	8.213510	2.997464	11.210974	8.025853
46	6.492458	4.718526	11.210984	7.961451
46.1	5.223615	5.987377	11.210993	7.866148
46.2	5.602362	5.608629	11.210991	7.758248
46.3	7.385901	3.825082	11.210982	7.653446
46.4	9.220484	1.990490	11.210975	7.561057
46.5	9.902135	1.308839	11.210975	7.482040
46.6	9.312388	1.898594	11.210982	7.410436
46.7	8.443896	2.767094	11.210990	7.338051
46.8	8.373593	2.837395	11.210988	7.259564
46.9	8.939575	2.271405	11.210980	7.174721
47	9.101454	2.109522	11.210976	7.086532
47.1	8.360370	2.850609	11.210979	6.997640
47.2	7.162005	4.048980	11.210985	6.908477
47.3	6.342508	4.868481	11.210988	6.818429
47.4	6.469132	4.741857	11.210988	6.727399
47.5	7.479126	3.731858	11.210984	6.635486
47.6	8.752162	2.458818	11.210980	6.541693
47.7	9.510244	1.700733	11.210977	6.443538
47.8	9.297804	1.913174	11.210978	6.337984
47.9	8.359235	2.851749	11.210984	6.222866
48	7.539228	3.671761	11.210989	6.097776
48.1	7.506761	3.704226	11.210987	5.963854
48.2	8.109173	3.101809	11.210982	5.822790
48.3	8.667632	2.543347	11.210979	5.676031
48.4	8.675134	2.535845	11.210979	5.524951
48.5	8.164923	3.046059	11.210982	5.371631
48.6	7.581913	3.629072	11.210985	5.219260
48.7	7.350779	3.860207	11.210986	5.071547
48.8	7.563209	3.647777	11.210985	4.931400
48.9	8.043308	3.167676	11.210984	4.799675
49	8.611969	2.599015	11.210984	4.674775
49.1	9.194436	2.016548	11.210984	4.553314
49.2	9.690061	1.520921	11.210982	4.431345
49.3	9.855525	1.355455	11.210980	4.305504
49.4	9.428008	1.782972	11.210980	4.173837
49.5	8.427779	2.783204	11.210983	4.036046
49.6	7.335066	3.875921	11.210987	3.893164
49.7	6.817285	4.393705	11.210989	3.747456
49.8	7.176890	4.034097	11.210987	3.603074
49.9	8.097830	3.113153	11.210983	3.466687
50	8.946344	2.264636	11.210980	3.346572
50.1	9.265805	1.945175	11.210980	3.249614
50.2	8.980066	2.230915	11.210981	3.177569
50.3	8.289897	2.921086	11.210983	3.125127
50.4	7.534326	3.676660	11.210985	3.081422
50.5	7.041450	4.169536	11.210986	3.034167
50.6	6.940982	4.270003	11.210985	2.973966
50.7	7.131506	4.079478	11.210984	2.896852
50.8	7.468424	3.742560	11.210984	2.804548
50.9	7.914258	3.296725	11.210984	2.703144
51	8.440066	2.770916	11.210982	2.601113
51.1	8.831179	2.379800	11.210979	2.507440
51.2	8.729920	2.481058	11.210978	2.430224
51.3	7.994533	3.216448	11.210981	2.375678
51.4	7.028383	4.182604	11.210987	2.347315
51.5	6.628510	4.582481	11.210991	2.345180
51.6	7.303325	3.907663	11.210988	2.365387
51.7	8.657254	2.553727	11.210981	2.400397
51.8	9.664882	1.546094	11.210977	2.440471
51.9	9.657315	1.553663	11.210978	2.476119
52	8.797312	2.413669	11.210981	2.500611
52.1	7.631638	3.579346	11.210984	2.511249
52.2	6.620670	4.590315	11.210986	2.508872
52.3	6.133947	5.077040	11.210987	2.496398
52.4	6.426415	4.784571	11.210987	2.477627
52.5	7.387955	3.823028	11.210983	2.456771
52.6	8.469080	2.741899	11.210979	2.438461
52.7	9.034105	2.176873	11.210977	2.427682
52.8	8.842375	2.368604	11.210980	2.429357
52.9	8.191019	3.019964	11.210984	2.447540
53	7.642780	3.568207	11.210987	2.484460
53.1	7.635210	3.575777	11.210988	2.539619
53.2	8.218775	2.992210	11.210985	2.609296
53.3	9.011050	2.199931	11.210981	2.686971
53.4	9.411630	1.799347	11.210977	2.764919
53.5	8.985822	2.225155	11.210977	2.836370
53.6	7.802592	3.408389	11.210981	2.897019
53.7	6.497437	4.713549	11.210986	2.945241
53.8	5.926202	5.284788	11.210990	2.981456
53.9	6.572591	4.638396	11.210988	3.007477
54	8.083821	3.127159	11.210980	3.026250
54.1	9.362030	1.848943	11.210974	3.041899
54.2	9.411816	1.799159	11.210974	3.059735
54.3	8.311865	2.899117	11.210982	3.085825
54.4	7.154749	4.056240	11.210989	3.126010
54.5	6.856736	4.354252	11.210988	3.184660
54.6	7.287626	3.923357	11.210982	3.263601
54.7	7.738853	3.472127	11.210980	3.361511
54.8	7.844437	3.366544	11.210981	3.473834
54.9	7.751783	3.459200	11.210983	3.593089
55	7.665145	3.545837	11.210982	3.709417
55.1	7.527528	3.683453	11.210981	3.811432
55.2	7.160226	4.050755	11.210981	3.887567
55.3	6.625034	4.585950	11.210984	3.927990
55.4	6.355990	4.854998	11.210988	3.926854
55.5	6.824091	4.386897	11.210988	3.884292
55.6	8.039098	3.171886	11.210984	3.807423
55.7	9.417489	1.793490	11.210979	3.709721
55.8	10.167997	1.042980	11.210977	3.608451
55.9	9.882309	1.328670	11.210979	3.520564
56	8.858814	2.352170	11.210984	3.458355
56.1	7.851047	3.359941	11.210988	3.426644
56.2	7.423683	3.787305	11.210988	3.422470
56.3	7.559941	3.651044	11.210985	3.436725
56.4	7.877945	3.333038	11.210983	3.456541
56.5	8.076708	3.134275	11.210983	3.467732
56.6	8.139320	3.071664	11.210984	3.457292
56.7	8.231958	2.979026	11.210985	3.415955
56.8	8.493108	2.717877	11.210985	3.340428
56.9	8.903517	2.307466	11.210984	3.234502
57	9.296175	1.914808	11.210983	3.108405
57.1	9.456058	1.754924	11.210982	2.976301
57.2	9.256766	1.954217	11.210983	2.852632
57.3	8.788302	2.422683	11.210985	2.748538
57.4	8.364674	2.846313	11.210987	2.669508
57.5	8.312219	2.898768	11.210988	2.614714
57.6	8.653552	2.557433	11.210985	2.577843
57.7	9.032413	2.178569	11.210982	2.549005
57.8	9.049322	2.161659	11.210981	2.517378
57.9	8.649353	2.561630	11.210983	2.474060
58	8.126866	3.084119	11.210985	2.414409
58.1	7.815751	3.395234	11.210985	2.339258
58.2	7.840583	3.370402	11.210985	2.254692
58.3	8.095443	3.115540	11.210983	2.170422
58.4	8.348528	2.862453	11.210982	2.097218
58.5	8.392874	2.818108	11.210982	2.044014
58.6	8.215276	2.995707	11.210983	2.015275
58.7	8.055675	3.155310	11.210985	2.009216
58.8	8.212300	2.998685	11.210986	2.017641
58.9	8.683875	2.527108	11.210983	2.028016
59	9.065895	2.145086	11.210981	2.027390
59.1	9.013171	2.197811	11.210982	2.006631
59.2	8.738205	2.472781	11.210986	1.963254
59.3	8.718375	2.492610	11.210986	1.902041
59.4	8.933223	2.277758	11.210981	1.833817
59.5	8.772694	2.438283	11.210977	1.773263
59.6	7.778395	3.432584	11.210979	1.736283
59.7	6.288557	4.922428	11.210986	1.736862
59.8	5.281157	5.929834	11.210991	1.783254
59.9	5.549110	5.661880	11.210990	1.874616
60	6.987088	4.223896	11.210984	2.000362
60.1	8.662649	2.548329	11.210978	2.143316
60.2	9.578085	1.632891	11.210976	2.285273
60.3	9.421533	1.789447	11.210980	2.412592
60.4	8.698888	2.512097	11.210985	2.519977
60.5	8.195752	3.015236	11.210988	2.611124
60.6	8.262948	2.948037	11.210985	2.695776
60.7	8.587294	2.623688	11.210982	2.784447
60.8	8.641210	2.569771	11.210981	2.883965
60.9	8.281936	2.929047	11.210983	2.996732
61	7.851000	3.359986	11.210986	3.123468
61.1	7.746701	3.464285	11.210986	3.266060
61.2	8.054213	3.156772	11.210985	3.427300
61.3	8.602409	2.608575	11.210984	3.607525
61.4	9.158933	2.052049	11.210982	3.801324
61.5	9.464792	1.746189	11.210980	3.997674
61.6	9.232691	1.978288	11.210979	4.184126
61.7	8.320069	2.890911	11.210981	4.352417
61.8	6.998074	4.212911	11.210985	4.501879
61.9	5.947020	5.263969	11.210989	4.638692
62	5.793500	5.417490	11.210989	4.771877
62.1	6.572546	4.638439	11.210985	4.908703
62.2	7.691693	3.519288	11.210981	5.052080
62.3	8.460865	2.750115	11.210979	5.200950
62.4	8.649165	2.561817	11.210982	5.352660
62.5	8.547957	2.663027	11.210984	5.505333
62.6	8.533316	2.677669	11.210984	5.658769
62.7	8.590647	2.620335	11.210981	5.813782
62.8	8.330980	2.879999	11.210979	5.970965
62.9	7.509327	3.701653	11.210981	6.130080
63	6.448797	4.762189	11.210985	6.290484
63.1	5.865437	5.345552	11.210988	6.451947
63.2	6.218891	4.992096	11.210987	6.614870
63.3	7.257802	3.953180	11.210982	6.779705
63.4	8.294312	2.916667	11.210979	6.946531
63.5	8.867907	2.343072	11.210980	7.115535
63.6	8.967254	2.243727	11.210981	7.287866
63.7	8.698958	2.512023	11.210981	7.465451
63.8	8.101484	3.109499	11.210982	7.649271
63.9	7.348687	3.862297	11.210984	7.837303
64	6.802756	4.408230	11.210986	8.023651
64.1	6.749015	4.461970	11.210985	8.199235
64.2	7.182932	4.028050	11.210983	8.353607
64.3	7.775149	3.435830	11.210979	8.477485
64.4	8.046328	3.164650	11.210977	8.565559
64.5	7.714174	3.496804	11.210978	8.618887
64.6	6.945990	4.264993	11.210982	8.646000
64.7	6.299694	4.911293	11.210987	8.662125
64.8	6.380210	4.830779	11.210989	8.686492
64.9	7.354960	3.856025	11.210986	8.738079
65	8.653157	2.557822	11.210979	8.830479
65.1	9.328809	1.882166	11.210975	8.967560
65.2	8.915630	2.295348	11.210978	9.141979
65.3	7.868246	3.342738	11.210984	9.336997
65.4	7.109574	4.101413	11.210987	9.530455
65.5	7.102661	4.108322	11.210983	9.699791
65.6	7.373957	3.837020	11.210977	9.827007
65.7	7.180071	4.030906	11.210977	9.902463
65.8	6.613714	4.597270	11.210984	9.926620
65.9	6.546266	4.664720	11.210986	9.909420
66	7.358909	3.852072	11.210981	9.867401
66.1	8.256892	2.954082	11.210974	9.819007
66.2	8.223833	2.987143	11.210975	9.779130
66.3	7.385030	3.825954	11.210984	9.754985
66.4	6.910560	4.300429	11.210989	9.745748
66.5	7.472367	3.738616	11.210983	9.746000
66.6	8.324268	2.886706	11.210974	9.749625
66.7	8.228113	2.982859	11.210972	9.751607
66.8	6.936553	4.274427	11.210979	9.748234
66.9	5.565062	5.645927	11.210989	9.737076
67	5.540278	5.670713	11.210991	9.716853
67.1	7.130114	4.080869	11.210982	9.686348
67.2	9.012078	2.198893	11.210971	9.642409
67.3	9.456715	1.754253	11.210968	9.578652
67.4	8.042777	3.168201	11.210978	9.486487
67.5	6.166850	5.044142	11.210992	9.358385
67.6	5.741934	5.469061	11.210995	9.191995
67.7	7.228455	3.982529	11.210983	8.993664
67.8	9.006333	2.204635	11.210969	8.779915
67.9	9.035316	2.175652	11.210967	8.575074
68	7.197017	4.013965	11.210981	8.405046
68.1	5.559882	5.651113	11.210995	8.289759
68.2	6.043960	5.167032	11.210992	8.237209
68.3	8.183469	3.027506	11.210976	8.241171
68.4	9.670866	1.540099	11.210966	8.282754
68.5	8.958670	2.252302	11.210972	8.334207
68.6	6.861072	4.349915	11.210987	8.364308
68.7	5.471666	5.739328	11.210994	8.345313
68.8	5.882048	5.328940	11.210988	8.259989
68.9	7.342002	3.868976	11.210978	8.106036
69	8.415107	2.795867	11.210974	7.895935
69.1	8.461162	2.749815	11.210977	7.652749
69.2	7.946835	3.264147	11.210982	7.404134
69.3	7.584133	3.626850	11.210983	7.176729
69.4	7.487616	3.723364	11.210980	6.991847
69.5	7.325953	3.885027	11.210980	6.862079
69.6	7.097262	4.113722	11.210985	6.788492
69.7	7.307658	3.903328	11.210987	6.759912
69.8	8.162229	3.048753	11.210982	6.756098
69.9	8.964651	2.246324	11.210975	6.753856
70	8.780461	2.430513	11.210975	6.733015
70.1	7.637608	3.573374	11.210982	6.680078
70.2	6.622648	4.588340	11.210988	6.589504
70.3	6.622763	4.588223	11.210985	6.463453
70.4	7.311049	3.899929	11.210978	6.310548
70.5	7.640145	3.570829	11.210975	6.143964
70.6	7.185083	4.025897	11.210980	5.979030
70.7	6.696535	4.514453	11.210988	5.830403
70.8	7.155887	4.055100	11.210987	5.708767
70.9	8.418939	2.792039	11.210979	5.617616
71	9.252261	1.958712	11.210973	5.552208
71.1	8.777298	2.433678	11.210976	5.502303
71.2	7.413841	3.797144	11.210984	5.457236
71.3	6.331339	4.879651	11.210990	5.410140
71.4	6.401289	4.809701	11.210990	5.359455
71.5	7.632743	3.578240	11.210983	5.307671
71.6	8.979492	2.231481	11.210972	5.258522
71.7	9.018853	2.192117	11.210970	5.214204
71.8	7.560183	3.650798	11.210981	5.173745
71.9	6.076892	5.134100	11.210992	5.132855
72	6.141900	5.069091	11.210992	5.084898
72.1	7.698929	3.512052	11.210981	5.022416
72.2	9.146601	2.064370	11.210971	4.938873
72.3	9.088508	2.122465	11.210973	4.830479
72.4	7.752516	3.458467	11.210984	4.697865
72.5	6.608559	4.602433	11.210991	4.547002
72.6	6.806692	4.404297	11.210990	4.388720
72.7	8.135785	3.075197	11.210981	4.236540
72.8	9.350538	1.860436	11.210974	4.103332
72.9	9.344854	1.866120	11.210974	3.997895
73	8.094436	3.116545	11.210981	3.922750
73.1	6.609245	4.601743	11.210988	3.873919
73.2	5.947328	5.263661	11.210988	3.842215
73.3	6.220557	4.990426	11.210983	3.814938
73.4	6.687054	4.523924	11.210979	3.777949
73.5	6.805398	4.405583	11.210981	3.718807
73.6	6.870003	4.340982	11.210985	3.630617
73.7	7.423947	3.787037	11.210984	3.514845
73.8	8.313119	2.897859	11.210978	3.381324
73.9	8.744784	2.466191	11.210975	3.244895
74	8.288331	2.922648	11.210980	3.119970
74.1	7.492787	3.718200	11.210987	3.015624
74.2	7.363727	3.847263	11.210990	2.933542
74.3	8.282619	2.928366	11.210985	2.869439
74.4	9.507231	1.703746	11.210977	2.816839
74.5	9.833462	1.377511	11.210973	2.771258
74.6	8.798683	2.412295	11.210978	2.732485
74.7	7.155015	4.055971	11.210986	2.703975
74.8	6.149479	5.061511	11.210989	2.690455
74.9	6.369231	4.841754	11.210985	2.695536
75	7.265598	3.945380	11.210978	2.720567
75.1	7.843917	3.367060	11.210976	2.765075
75.2	7.783583	3.427398	11.210981	2.828000
75.3	7.684371	3.526615	11.210986	2.908311
75.4	8.129520	3.081463	11.210984	3.004530
75.5	8.761133	2.449844	11.210977	3.114087
75.6	8.680324	2.530652	11.210976	3.233350
75.7	7.726440	3.484544	11.210983	3.357973
75.8	6.874351	4.336640	11.210991	3.483129
75.9	7.163729	4.047261	11.210990	3.603804
76	8.535385	2.675597	11.210982	3.715510
76.1	9.782867	1.428105	11.210972	3.815532
76.2	9.554900	1.656071	11.210970	3.904594
76.3	7.661149	3.549830	11.210979	3.988312
76.4	5.497113	5.713879	11.210992	4.077344
76.5	4.945202	6.265795	11.210997	4.184963
76.6	6.635842	4.575146	11.210988	4.321962
76.7	9.268108	1.942865	11.210973	4.491194
76.8	10.707706	0.503260	11.210966	4.685119
76.9	9.836517	1.374455	11.210972	4.887591
77	7.448238	3.762747	11.210985	5.078533
77.1	5.457775	5.753220	11.210995	5.239234
77.2	5.262737	5.948256	11.210993	5.356494
77.3	6.717166	4.493818	11.210984	5.424716
77.4	8.433918	2.777056	11.210974	5.445950
77.5	8.982636	2.228335	11.210971	5.428514
77.6	7.987728	3.223249	11.210977	5.384951
77.7	6.368988	4.841999	11.210986	5.329846
77.8	5.581225	5.629766	11.210991	5.277599
77.9	6.354703	4.856284	11.210987	5.240145
78	7.999269	3.211707	11.210977	5.224685
78.1	9.039186	2.171786	11.210971	5.231767
78.2	8.636961	2.574015	11.210976	5.254290
78.3	7.380877	3.830109	11.210986	5.278310
78.4	6.647001	4.563990	11.210991	5.286137
78.5	7.162513	4.048473	11.210986	5.260949
78.6	8.162572	3.048403	11.210975	5.191161
78.7	8.222872	2.988100	11.210972	5.073088
78.8	7.019808	4.191173	11.210980	4.911481
78.9	5.838893	5.372097	11.210990	4.718187
79	6.160812	5.050179	11.210990	4.509400
79.1	7.943588	3.267391	11.210979	4.302099
79.2	9.555597	1.655372	11.210969	4.110311
79.3	9.454653	1.756318	11.210971	3.942182
79.4	7.782640	3.428343	11.210982	3.798855
79.5	6.205180	5.005813	11.210993	3.675630
79.6	6.222982	4.988009	11.210991	3.564685
79.7	7.662980	3.548000	11.210980	3.458079
79.8	8.994590	2.216382	11.210971	3.349949
79.9	8.966162	2.244810	11.210972	3.237478
80	7.643049	3.567931	11.210980	3.120740
80.1	6.287277	4.923712	11.210989	3.001878
80.2	6.241159	4.969831	11.210990	2.884071
80.3	7.571058	3.639923	11.210981	2.770589
80.4	8.962823	2.248151	11.210974	2.663943
80.5	9.224550	1.986426	11.210976	2.565126
80.6	8.565034	2.645949	11.210983	2.473217
80.7	7.883708	3.327278	11.210986	2.385834
80.8	7.620351	3.590635	11.210985	2.300659
80.9	7.791745	3.419238	11.210982	2.217474
81	8.023004	3.187974	11.210978	2.139496
81.1	7.764926	3.446051	11.210977	2.072864
81.2	7.000543	4.210439	11.210982	2.024186
81.3	6.435958	4.775029	11.210987	1.997469
81.4	6.744610	4.466376	11.210985	1.992444
81.5	7.710469	3.500509	11.210979	2.005341
81.6	8.343883	2.867091	11.210974	2.031186
81.7	7.948861	3.262117	11.210978	2.065756
81.8	6.994695	4.216293	11.210988	2.106204
81.9	6.756017	4.454976	11.210993	2.150679
82	7.882463	3.328523	11.210987	2.197859
82.1	9.466803	1.744171	11.210975	2.246935
82.2	9.887679	1.323290	11.210969	2.297793
82.3	8.480913	2.730062	11.210975	2.350829
82.4	6.337352	4.873636	11.210988	2.406178
82.5	5.376970	5.834023	11.210993	2.462852
82.6	6.400552	4.810433	11.210985	2.518510
82.7	8.181065	3.029906	11.210971	2.570083
82.8	8.842926	2.368043	11.210969	2.614827
82.9	8.009185	3.201794	11.210979	2.651128
83	7.042510	4.168478	11.210988	2.678689
83.1	7.176238	4.034748	11.210986	2.698100
83.2	8.129826	3.081153	11.210978	2.710050
83.3	8.667416	2.543556	11.210973	2.714652
83.4	8.035290	3.175687	11.210976	2.711365
83.5	6.858795	4.352190	11.210985	2.699795
83.6	6.424027	4.786960	11.210987	2.681095
83.7	7.175952	4.035029	11.210981	2.659106
83.8	8.234891	2.976082	11.210972	2.640356
83.9	8.357065	2.853906	11.210971	2.632611
84	7.236325	3.974653	11.210978	2.642425
84.1	5.851593	5.359395	11.210987	2.672689
84.2	5.552298	5.658692	11.210990	2.721309
84.3	6.723090	4.487894	11.210984	2.781669
84.4	8.397691	2.813284	11.210975	2.844689
84.5	9.176466	2.034504	11.210970	2.901729
84.6	8.425377	2.785598	11.210975	2.947356
84.7	6.852074	4.358911	11.210985	2.981105
84.8	5.992995	5.217997	11.210992	3.007525
84.9	6.813279	4.397708	11.210987	3.034319
85	8.626126	2.584849	11.210975	3.069237
85.1	9.633868	1.577100	11.210968	3.117078
85.2	8.811225	2.399751	11.210976	3.178346
85.3	7.106771	4.104219	11.210990	3.250161
85.4	6.423163	4.787832	11.210996	3.328607
85.5	7.473571	3.737416	11.210987	3.410867
85.6	9.125900	2.085075	11.210976	3.495940
85.7	9.778461	1.432510	11.210972	3.583938
85.8	8.879981	2.330997	11.210977	3.674949
85.9	7.279164	3.931822	11.210987	3.768421
86	6.404435	4.806557	11.210992	3.863296
86.1	7.006663	4.204324	11.210987	3.958490
86.2	8.489228	2.721750	11.210978	4.053221
86.3	9.440453	1.770519	11.210972	4.147033
86.4	8.925714	2.285261	11.210975	4.239605
86.5	7.333383	3.877602	11.210985	4.330476
86.6	5.996753	5.214239	11.210992	4.418737
86.7	6.014158	5.196834	11.210992	4.502669
86.8	7.360667	3.850317	11.210984	4.579351
86.9	8.883714	2.327260	11.210973	4.644367
87	9.135792	2.075178	11.210970	4.691828
87.1	7.696400	3.514578	11.210978	4.715020
87.2	5.836774	5.374217	11.210991	4.707801
87.3	5.479096	5.731900	11.210995	4.666481
87.4	7.235028	3.975957	11.210985	4.591511
87.5	9.613727	1.597243	11.210970	4.488197
87.6	10.410685	0.800280	11.210966	4.365923
87.7	8.920821	2.290156	11.210976	4.235918
87.8	6.664408	4.546584	11.210992	4.108216
87.9	5.898536	5.312461	11.210998	3.988773
88	7.424434	3.786553	11.210987	3.877783
88.1	9.684141	1.526828	11.210968	3.769797
88.2	10.142087	1.068875	11.210962	3.655638
88.3	7.966997	3.243977	11.210975	3.525465
88.4	5.157375	6.053619	11.210994	3.372017
88.5	4.528441	6.682557	11.210998	3.193079
88.6	6.616286	4.594696	11.210982	2.992596
88.7	9.080827	2.130136	11.210964	2.780220
88.8	9.370460	1.840505	11.210965	2.569500
88.9	7.573461	3.637522	11.210983	2.375139
89	6.191455	5.019542	11.210997	2.209926
89.1	7.088066	4.122923	11.210989	2.082239
89.2	9.107325	2.103643	11.210968	1.995218
89.3	9.460160	1.750803	11.210962	1.948206
89.4	7.408424	3.802555	11.210979	1.939468
89.5	5.373111	5.837886	11.210996	1.968084
89.6	5.855699	5.355292	11.210991	2.033617
89.7	8.171150	3.039820	11.210970	2.134203
89.8	9.286802	1.924157	11.210959	2.264982
89.9	7.730221	3.480753	11.210974	2.418179
90	5.537652	5.673344	11.210996	2.584657
90.1	5.679855	5.531141	11.210996	2.755925
90.2	8.176522	3.034452	11.210974	2.925763
90.3	9.943222	1.267735	11.210958	3.091108
90.4	8.727661	2.483308	11.210968	3.252168
90.5	6.062393	5.148599	11.210993	3.411797
90.6	5.361630	5.849369	11.210999	3.574078
90.7	7.571651	3.639329	11.210979	3.742119
90.8	9.898796	1.312161	11.210957	3.915630
90.9	9.241522	1.969439	11.210961	4.089582
91	6.114915	5.096072	11.210987	4.254992
91.1	4.163663	7.047341	11.211004	4.401592
91.2	5.763019	5.447972	11.210991	4.521018
91.3	9.103476	2.107487	11.210963	4.609162
91.4	10.283785	0.927168	11.210953	4.666979
91.5	7.877696	3.333276	11.210972	4.699815
91.6	4.603470	6.607528	11.210998	4.715833
91.7	4.156764	7.054237	11.211002	4.724099
91.8	7.005307	4.205673	11.210980	4.732531
91.9	10.050672	1.160288	11.210960	4.745751
92	10.275958	0.935004	11.210962	4.763491
92.1	7.933091	3.277891	11.210982	4.780756
92.2	5.779133	5.431863	11.210995	4.790175
92.3	5.768822	5.442168	11.210990	4.785316
92.4	7.284830	3.926146	11.210976	4.763369
92.5	8.395987	2.814983	11.210969	4.726219
92.6	8.145610	3.065365	11.210975	4.679658
92.7	7.297898	3.913086	11.210984	4.631021
92.8	7.024004	4.186981	11.210984	4.586201
92.9	7.412738	3.798241	11.210979	4.547466
93	7.666428	3.544550	11.210977	4.513209
93.1	7.487278	3.723705	11.210983	4.479889
93.2	7.565436	3.645552	11.210988	4.445161
93.3	8.423950	2.787032	11.210982	4.410191
93.4	9.242165	1.968805	11.210971	4.379433
93.5	8.656845	2.554125	11.210970	4.358038
93.6	6.785693	4.425291	11.210983	4.348563
93.7	5.515336	5.695658	11.210994	4.348715
93.8	6.351997	4.858992	11.210988	4.350959
93.9	8.505884	2.705088	11.210973	4.344065
94	9.677788	1.533177	11.210965	4.316202
94.1	8.670338	2.540636	11.210974	4.258806
94.2	6.673455	4.537534	11.210989	4.170088
94.3	5.783126	5.427868	11.210994	4.056994
94.4	6.748914	4.462072	11.210985	3.934720
94.5	8.371898	2.839075	11.210973	3.823744
94.6	8.851142	2.359827	11.210969	3.745056
94.7	7.722792	3.488186	11.210978	3.714678
94.8	6.304726	4.906263	11.210989	3.738858
94.9	6.117839	5.093150	11.210990	3.811515
95	7.256128	3.954854	11.210982	3.915043
95.1	8.550119	2.660856	11.210976	4.024452
95.2	9.039172	2.171806	11.210978	4.113645
95.3	8.826798	2.384185	11.210983	4.162023
95.4	8.465207	2.745777	11.210984	4.159521
95.5	8.204448	3.006536	11.210984	4.108586
95.6	8.124352	3.086633	11.210985	4.022751
95.7	8.314779	2.896205	11.210984	3.922675
95.8	8.681039	2.529943	11.210981	3.831029
95.9	8.846228	2.364751	11.210978	3.767485
96	8.410594	2.800384	11.210978	3.744671
96.1	7.420890	3.790092	11.210982	3.765856
96.2	6.538998	4.671990	11.210988	3.825027
96.3	6.521170	4.689818	11.210988	3.909408
96.4	7.433170	3.777813	11.210983	4.003404
96.5	8.490744	2.720233	11.210977	4.092374
96.6	8.802607	2.408369	11.210976	4.165080
96.7	8.251359	2.959622	11.210981	4.214454
96.8	7.563211	3.647776	11.210987	4.237232
96.9	7.509640	3.701347	11.210987	4.233375
97	8.115705	3.095278	11.210983	4.205924
97.1	8.787204	2.423776	11.210980	4.161076
97.2	9.103651	2.107330	11.210981	4.107752
97.3	9.106605	2.104376	11.210981	4.056028
97.4	8.907098	2.303883	11.210981	4.014710
97.5	8.511346	2.699636	11.210982	3.989277
97.6	8.046434	3.164551	11.210984	3.981603
97.7	7.875568	3.335419	11.210988	3.991514
97.8	8.353516	2.857472	11.210988	4.018545
97.9	9.376761	1.834223	11.210984	4.062003
98	10.260089	0.950890	11.210979	4.119268
98.1	10.301117	0.909862	11.210979	4.184102
98.2	9.478365	1.732618	11.210983	4.246757
98.3	8.433706	2.777280	11.210986	4.296185
98.4	7.785904	3.425082	11.210986	4.323281
98.5	7.590266	3.620717	11.210983	4.323664
98.6	7.458459	3.752521	11.210980	4.298914
98.7	7.092608	4.118373	11.210981	4.256000
98.8	6.644070	4.566915	11.210984	4.205311
98.9	6.551752	4.659234	11.210986	4.158114
99	7.043541	4.167443	11.210984	4.124180
99.1	7.824113	3.386867	11.210980	4.109953
99.2	8.296005	2.914972	11.210977	4.117339
99.3	8.102067	3.108911	11.210978	4.143172
99.4	7.429846	3.781136	11.210981	4.179610
99.5	6.799554	4.411430	11.210984	4.215733
99.6	6.581249	4.629735	11.210984	4.240257
99.7	6.731236	4.479747	11.210982	4.244576
99.8	7.024264	4.186718	11.210982	4.224961
99.9	7.440794	3.770190	11.210983	4.183050
100	8.092149	3.118833	11.210982	4.124608
100.1	8.715969	2.495008	11.210977	4.057184
100.2	8.575735	2.635238	11.210973	3.987542
100.3	7.270128	3.940851	11.210978	3.919735
100.4	5.579411	5.631578	11.210989	3.854547
100.5	5.027711	6.183283	11.210994	3.790320
100.6	6.325312	4.885674	11.210987	3.724520
100.7	8.423307	2.787666	11.210974	3.655318
100.8	9.396381	1.814587	11.210968	3.582664
100.9	8.378567	2.832408	11.210976	3.508364
101	6.496653	4.714337	11.210989	3.435097
101.1	5.683063	5.527931	11.210994	3.365052
101.2	6.639014	4.571972	11.210986	3.299033
101.3	8.247789	2.963186	11.210975	3.236367
101.4	8.905607	2.305364	11.210971	3.175707
101.5	8.059545	3.151431	11.210976	3.116548
101.6	6.496288	4.714696	11.210985	3.060576
101.7	5.465737	5.745252	11.210989	3.011577
101.8	5.601787	5.609199	11.210986	2.973399
101.9	6.509445	4.701536	11.210980	2.947183
102	7.341207	3.869771	11.210978	2.930090
102.1	7.692919	3.518060	11.210979	2.916852
102.2	7.711990	3.498990	11.210980	2.903334
102.3	7.527811	3.683168	11.210979	2.889569
102.4	7.058013	4.152966	11.210980	2.880080
102.5	6.409212	4.801771	11.210983	2.881476
102.6	6.066821	5.144166	11.210986	2.899146
102.7	6.453771	4.757215	11.210985	2.934911
102.8	7.426076	3.784906	11.210981	2.986433
102.9	8.343155	2.867822	11.210978	3.048209
103	8.593679	2.617298	11.210977	3.113527
103.1	8.047262	3.163718	11.210980	3.176566
103.2	7.138672	4.072312	11.210984	3.233900
103.3	6.556305	4.654682	11.210987	3.284927
103.4	6.698099	4.512887	11.210985	3.331051
103.5	7.351586	3.859396	11.210982	3.374130
103.6	7.959186	3.251793	11.210980	3.415389
103.7	8.182244	3.028737	11.210981	3.455603
103.8	8.130267	3.080716	11.210983	3.496149
103.9	8.050646	3.160337	11.210983	3.539661
104	7.938454	3.272528	11.210982	3.589396
104.1	7.598510	3.612472	11.210982	3.647545
104.2	7.022700	4.188283	11.210983	3.713728
104.3	6.504880	4.706106	11.210986	3.784965
104.4	6.397698	4.813288	11.210986	3.857281
104.5	6.882057	4.328928	11.210986	3.927860
104.6	7.843975	3.367008	11.210983	3.996339
104.7	8.842509	2.368470	11.210980	4.064604
104.8	9.341414	1.869565	11.210979	4.135430
104.9	9.121097	2.089884	11.210981	4.210732
105	8.452558	2.758426	11.210985	4.290073
105.1	7.831884	3.379102	11.210987	4.369999
105.2	7.566502	3.644484	11.210986	4.444565
105.3	7.587630	3.623354	11.210984	4.506921
105.4	7.616557	3.594426	11.210983	4.551316
105.5	7.591806	3.619179	11.210986	4.574871
105.6	7.862703	3.348285	11.210987	4.578781
105.7	8.653846	2.557138	11.210983	4.568694
105.8	9.446511	1.764466	11.210977	4.553911
105.9	9.412270	1.798707	11.210976	4.545291
106	8.492878	2.718105	11.210983	4.552258
106.1	7.643599	3.567392	11.210991	4.579734
106.2	7.820582	3.390408	11.210990	4.625802
106.3	8.876793	2.334189	11.210982	4.681256
106.4	9.658494	1.552481	11.210975	4.732097
106.5	9.210894	2.000082	11.210976	4.764406
106.6	7.791714	3.419270	11.210984	4.769184
106.7	6.661677	4.549313	11.210990	4.745001
106.8	6.832732	4.378255	11.210987	4.697929
106.9	7.953460	3.257517	11.210977	4.639569
107	8.590344	2.620627	11.210971	4.584421
107.1	7.833359	3.377618	11.210977	4.547517
107.2	6.434207	4.776782	11.210989	4.542144
107.3	5.993077	5.217916	11.210993	4.576622
107.4	7.116829	4.094157	11.210986	4.650099
107.5	8.799792	2.411185	11.210976	4.750270
107.6	9.611509	1.599465	11.210973	4.856088
107.7	9.119659	2.091319	11.210978	4.944479
107.8	8.027503	3.183480	11.210983	4.997417
107.9	7.166950	4.044034	11.210984	5.006492
108	6.731638	4.479344	11.210982	4.974034
108.1	6.490420	4.720561	11.210982	4.911252
108.2	6.410709	4.800275	11.210984	4.834561
108.3	6.808399	4.402587	11.210986	4.761308
108.4	7.846731	3.364252	11.210984	4.705916
108.5	9.077941	2.133037	11.210979	4.677135
108.6	9.720894	1.490083	11.210977	4.676844
108.7	9.439214	1.771766	11.210980	4.700734
108.8	8.634282	2.576702	11.210984	4.740592
108.9	7.879152	3.331832	11.210984	4.787184
109	7.364437	3.846546	11.210983	4.832590
109.1	7.039193	4.171790	11.210983	4.871430
109.2	6.956369	4.254615	11.210984	4.901165
109.3	7.250331	3.960652	11.210983	4.921781
109.4	7.855664	3.355317	11.210981	4.935076
109.5	8.383725	2.827252	11.210978	4.943619
109.6	8.394314	2.816664	11.210978	4.949503
109.7	7.865577	3.345405	11.210982	4.953238
109.8	7.325242	3.885745	11.210987	4.953306
109.9	7.305547	3.905439	11.210986	4.946818
110	7.678495	3.532486	11.210981	4.931157
110.1	7.840541	3.370438	11.210979	4.905769
110.2	7.573653	3.637329	11.210982	4.873117
110.3	7.394454	3.816532	11.210986	4.838443
110.4	7.860310	3.350674	11.210984	4.808838
110.5	8.707931	2.503046	11.210977	4.792246
110.6	9.022935	2.188039	11.210974	4.796490
110.7	8.332433	2.878546	11.210979	4.827980
110.8	7.288710	3.922278	11.210988	4.889818
110.9	7.063729	4.147263	11.210991	4.979597
111	8.040472	3.170512	11.210984	5.088041
111.1	9.266323	1.944652	11.210974	5.199850
111.2	9.393864	1.817108	11.210972	5.297355
111.3	8.159263	3.051716	11.210980	5.365970
111.4	6.713004	4.497984	11.210988	5.398970
111.5	6.372719	4.838270	11.210989	5.399077
111.6	7.224965	3.986016	11.210981	5.376535
111.7	8.135888	3.075086	11.210974	5.345483
111.8	8.080922	3.130054	11.210976	5.320397
111.9	7.229066	3.981918	11.210984	5.313370
112	6.635390	4.575599	11.210989	5.332417
112.1	7.078521	4.132467	11.210988	5.380761
112.2	8.282854	2.928126	11.210980	5.456970
112.3	9.110269	2.100704	11.210973	5.555803
112.4	8.656859	2.554116	11.210975	5.669678
112.5	7.267746	3.943238	11.210984	5.790543
112.6	6.258581	4.952409	11.210990	5.911597
112.7	6.552719	4.658268	11.210987	6.028047
112.8	7.730144	3.480835	11.210979	6.136471
112.9	8.550746	2.660228	11.210974	6.233469
113	8.344766	2.866213	11.210979	6.314962
113.1	7.710680	3.500308	11.210987	6.376786
113.2	7.746937	3.464053	11.210989	6.416137
113.3	8.649189	2.561794	11.210982	6.432920
113.4	9.462216	1.748760	11.210976	6.430200
113.5	9.291106	1.919870	11.210976	6.413460
113.6	8.158256	3.052724	11.210980	6.389001
113.7	6.804459	4.406527	11.210986	6.362201
113.8	6.092252	5.118736	11.210988	6.336443
113.9	6.445754	4.765232	11.210986	6.313112
114	7.520311	3.690669	11.210980	6.292452
114.1	8.358069	2.852905	11.210974	6.274557
114.2	8.137475	3.073501	11.210976	6.259903
114.3	7.023293	4.187691	11.210984	6.249380
114.4	6.160659	5.050333	11.210992	6.244145
114.5	6.552012	4.658978	11.210990	6.245459
114.6	7.949577	3.261404	11.210981	6.254401
114.7	9.124077	2.086898	11.210975	6.271272
114.8	9.225632	1.985345	11.210977	6.294736
114.9	8.544988	2.665995	11.210983	6.321187
115	7.944236	3.266749	11.210986	6.345003
115.1	7.885735	3.325248	11.210984	6.359862
115.2	8.076125	3.134855	11.210980	6.360595
115.3	7.921074	3.289906	11.210980	6.344711
115.4	7.297559	3.913425	11.210984	6.313055
115.5	6.822954	4.388036	11.210990	6.269460
115.6	7.194012	4.016977	11.210989	6.219690
115.7	8.306748	2.904235	11.210983	6.170085
115.8	9.317387	1.893591	11.210978	6.126293
115.9	9.512017	1.698961	11.210978	6.092313
116	8.933850	2.277133	11.210983	6.069892
116.1	8.258423	2.952565	11.210987	6.058289
116.2	8.164842	3.046147	11.210988	6.054364
116.3	8.775587	2.435398	11.210985	6.053093
116.4	9.611533	1.599449	11.210982	6.048529
116.5	10.075037	1.135944	11.210981	6.035136
116.6	10.002585	1.208399	11.210984	6.009212
116.7	9.676183	1.534802	11.210985	5.969972
116.8	9.314920	1.896064	11.210984	5.919807
116.9	8.889846	2.321137	11.210984	5.863484
117	8.475359	2.735627	11.210985	5.806445
117.1	8.341524	2.869462	11.210986	5.752846
117.2	8.567891	2.643092	11.210983	5.704081
117.3	8.833535	2.377446	11.210981	5.658336
117.4	8.764323	2.446658	11.210981	5.611176
117.5	8.410243	2.800742	11.210984	5.556895
117.6	8.245537	2.965451	11.210987	5.490297
117.7	8.629716	2.581269	11.210985	5.408583
117.8	9.252094	1.958885	11.210979	5.312915
117.9	9.310757	1.900220	11.210977	5.209017
118	8.506898	2.704083	11.210982	5.106239
118.1	7.600688	3.610301	11.210989	5.014921
118.2	7.594897	3.616092	11.210989	4.942789
118.3	8.457593	2.753388	11.210981	4.892176
118.4	9.029436	2.181538	11.210974	4.860096
118.5	8.426779	2.784200	11.210978	4.841134
118.6	7.228330	3.982658	11.210988	4.830335
118.7	6.814235	4.396756	11.210991	4.824069
118.8	7.696080	3.514905	11.210985	4.819746
118.9	8.974497	2.236480	11.210977	4.815807
119	9.461387	1.749589	11.210976	4.812204
119.1	8.964387	2.246595	11.210982	4.810690
119.2	8.288782	2.922205	11.210988	4.814360
119.3	8.194890	3.016097	11.210987	4.826477
119.4	8.640427	2.570556	11.210983	4.849116
119.5	9.025348	2.185632	11.210980	4.882367
119.6	8.934743	2.276239	11.210981	4.924536
119.7	8.505044	2.705940	11.210984	4.973187
119.8	8.126451	3.084534	11.210985	5.026303
119.9	7.974589	3.236395	11.210984	5.082859
120	7.939270	3.271712	11.210983	5.142725
120.1	7.872748	3.338234	11.210983	5.206252
120.2	7.786319	3.424664	11.210984	5.273868
120.3	7.836778	3.374207	11.210985	5.345713
120.4	8.172745	3.038241	11.210985	5.421107
120.5	8.768058	2.442926	11.210984	5.497855
120.6	9.367609	1.843374	11.210982	5.571687
120.7	9.660320	1.550662	11.210982	5.636364
120.8	9.552835	1.658149	11.210983	5.684626
120.9	9.213652	1.997333	11.210985	5.709694
121	8.876894	2.334091	11.210985	5.706720
121.1	8.685106	2.525880	11.210985	5.673676
121.2	8.662203	2.548782	11.210985	5.611413
121.3	8.736415	2.474569	11.210984	5.522845
121.4	8.786209	2.424774	11.210984	5.411517
121.5	8.727773	2.483211	11.210984	5.280022
121.6	8.606417	2.604568	11.210985	5.128965
121.7	8.589448	2.621539	11.210986	4.957008
121.8	8.816360	2.394627	11.210986	4.762051
121.9	9.241468	1.969517	11.210985	4.543000
122	9.666881	1.544103	11.210984	4.301422
122.1	9.933040	1.277944	11.210984	4.042509
122.2	10.024050	1.186935	11.210985	3.775069
122.3	10.003211	1.207773	11.210985	3.510498
122.4	9.913486	1.297499	11.210985	3.261018
122.5	9.748208	1.462777	11.210985	3.037872
122.6	9.507696	1.703289	11.210986	2.850494
122.7	9.292556	1.918431	11.210987	2.707199
122.8	9.302104	1.908884	11.210988	2.616563
122.9	9.646937	1.564050	11.210987	2.587494
123	10.122192	1.088791	11.210983	2.626851
123.1	10.256980	0.954000	11.210981	2.736058
123.2	9.715847	1.495134	11.210982	2.909682
123.3	8.683074	2.527912	11.210986	3.137053
123.4	7.794511	3.416479	11.210990	3.405292
123.5	7.620882	3.590108	11.210990	3.701668
123.6	8.176858	3.034129	11.210986	4.014575
123.7	8.926183	2.284799	11.210982	4.333593
123.8	9.275769	1.935212	11.210981	4.649341
123.9	9.093901	2.117083	11.210984	4.953686
124	8.783297	2.427690	11.210987	5.240459
124.1	8.861096	2.349892	11.210988	5.506404
124.2	9.449373	1.761613	11.210986	5.751683
124.3	10.155586	1.055396	11.210982	5.979302
124.4	10.449096	0.761885	11.210981	6.193353
124.5	10.158972	1.052012	11.210984	6.396772
124.6	9.597513	1.613474	11.210987	6.589655
124.7	9.207617	2.003371	11.210988	6.768848
124.8	9.139451	2.071535	11.210986	6.928842
124.9	9.181464	2.029520	11.210983	7.063352
125	9.014483	2.196499	11.210982	7.166704
125.1	8.487850	2.723132	11.210982	7.234487
125.2	7.756537	3.454447	11.210985	7.263523
125.3	7.237873	3.973114	11.210988	7.251601
125.4	7.341880	3.869108	11.210988	7.197489
125.5	8.088583	3.122402	11.210985	7.101406
125.6	8.986700	2.224281	11.210981	6.965732
125.7	9.428620	1.782360	11.210980	6.795557
125.8	9.276292	1.934691	11.210983	6.598804
125.9	8.984905	2.226083	11.210987	6.385765
126	9.072568	2.138419	11.210987	6.167966
126.1	9.519199	1.691784	11.210983	5.956270
126.2	9.805363	1.405617	11.210980	5.758436
126.3	9.525239	1.685742	11.210981	5.577062
126.4	8.823746	2.387238	11.210984	5.409492
126.5	8.205495	3.005490	11.210986	5.250239
126.6	8.026509	3.184476	11.210985	5.094440
126.7	8.242855	2.968129	11.210983	4.940383
126.8	8.593848	2.617134	11.210983	4.790317
126.9	8.919238	2.291745	11.210983	4.649548
127	9.252913	1.958071	11.210984	4.524301
127.1	9.653267	1.557717	11.210984	4.419230
127.2	9.994744	1.216237	11.210982	4.335654
127.3	9.961916	1.249065	11.210980	4.271300
127.4	9.349910	1.861072	11.210981	4.221836
127.5	8.376350	2.834634	11.210984	4.183762
127.6	7.586356	3.624631	11.210987	4.156821
127.7	7.403804	3.807182	11.210986	4.143899
127.8	7.790994	3.419990	11.210984	4.148644
127.9	8.352525	2.858457	11.210982	4.172870
128	8.731309	2.479672	11.210982	4.215300
128.1	8.878236	2.332747	11.210983	4.271857
128.2	8.968689	2.242295	11.210984	4.336853
128.3	9.110360	2.100624	11.210984	4.404298
128.4	9.179526	2.031456	11.210982	4.468738
128.5	8.994549	2.216433	11.210982	4.525374
128.6	8.627041	2.583943	11.210984	4.569804
128.7	8.417138	2.793847	11.210986	4.598080
128.8	8.591797	2.619187	11.210984	4.607411
128.9	8.940762	2.270218	11.210980	4.597129
129	9.027400	2.183580	11.210980	4.569219
129.1	8.741487	2.469496	11.210983	4.527929
129.2	8.515407	2.695581	11.210988	4.478404
129.3	8.872382	2.338606	11.210988	4.424674
129.4	9.756286	1.454697	11.210983	4.367723
129.5	10.441517	0.769461	11.210978	4.304462
129.6	10.191789	1.019189	11.210978	4.228350
129.7	8.994735	2.216248	11.210983	4.131773
129.8	7.659345	3.551644	11.210989	4.009425
129.9	7.155202	4.055788	11.210990	3.861296
130	7.758764	3.452221	11.210985	3.694003
130.1	8.802894	2.408084	11.210979	3.519767
130.2	9.333815	1.877162	11.210977	3.353086
130.3	9.063642	2.147339	11.210982	3.206071
130.4	8.586368	2.624619	11.210987	3.084303
130.5	8.618573	2.592415	11.210988	2.985277
130.6	9.178632	2.032351	11.210984	2.900405
130.7	9.645374	1.565606	11.210980	2.819459
130.8	9.527025	1.683956	11.210981	2.735119
130.9	8.986988	2.223996	11.210985	2.645718
131	8.602854	2.608133	11.210987	2.555591
131.1	8.718338	2.492648	11.210985	2.473223
131.2	9.100471	2.110511	11.210982	2.407812
131.3	9.253158	1.957822	11.210980	2.365696
131.4	9.007395	2.203588	11.210983	2.348534
131.5	8.682455	2.528531	11.210986	2.354090
131.6	8.628681	2.582304	11.210985	2.378462
131.7	8.764310	2.446673	11.210983	2.417800
131.8	8.751383	2.459599	11.210982	2.468573
131.9	8.556796	2.654190	11.210985	2.526952
132	8.567490	2.643497	11.210988	2.588483
132.1	9.038698	2.172288	11.210986	2.648747
132.2	9.678168	1.532814	11.210982	2.704764
132.3	9.970875	1.240105	11.210981	2.756342
132.4	9.706939	1.504043	11.210982	2.806387
132.5	9.091885	2.119100	11.210985	2.859359
132.6	8.493641	2.717345	11.210987	2.917879
132.7	8.156652	3.054334	11.210986	2.978981
132.8	8.077601	3.133384	11.210985	3.032478
132.9	8.095744	3.115240	11.210984	3.063102
133	8.126652	3.084333	11.210985	3.055777
133.1	8.302122	2.908864	11.210986	3.001690
133.2	8.794819	2.416166	11.210985	2.902636
133.3	9.457832	1.753150	11.210982	2.771797
133.4	9.795399	1.415581	11.210980	2.630099
133.5	9.499193	1.711789	11.210982	2.499140
133.6	8.916381	2.294606	11.210988	2.394139
133.7	8.749273	2.461717	11.210990	2.321272
133.8	9.271557	1.939429	11.210986	2.280181
133.9	9.999649	1.211332	11.210981	2.267627
134	10.205615	1.005364	11.210979	2.278730
134.1	9.639977	1.571005	11.210982	2.306753
134.2	8.702951	2.508035	11.210986	2.344063
134.3	8.036028	3.174961	11.210989	2.384683
134.4	7.997772	3.213216	11.210987	2.426544
134.5	8.418387	2.792596	11.210984	2.471287
134.6	8.795074	2.415908	11.210981	2.521150
134.7	8.770363	2.440620	11.210982	2.574819
134.8	8.455987	2.754999	11.210986	2.625379
134.9	8.295079	2.915909	11.210988	2.662292
135	8.618067	2.592921	11.210988	2.676432
135.1	9.334437	1.876548	11.210985	2.664926
135.2	10.031406	1.179577	11.210982	2.632619
135.3	10.328966	0.882016	11.210982	2.589337
135.4	10.132038	1.078945	11.210983	2.544967
135.5	9.627476	1.583509	11.210985	2.505313
135.6	9.141191	2.069796	11.210987	2.470869
135.7	8.972481	2.238507	11.210988	2.438724
135.8	9.231440	1.979547	11.210987	2.405799
135.9	9.751377	1.459608	11.210985	2.371102
136	10.189598	1.021385	11.210983	2.336114
136.1	10.291358	0.919625	11.210984	2.304180
136.2	10.101415	1.109571	11.210986	2.280214
136.3	9.903880	1.307108	11.210988	2.270644
136.4	9.919819	1.291168	11.210987	2.281798
136.5	10.082158	1.128828	11.210985	2.315983
136.6	10.141946	1.069038	11.210984	2.367999
136.7	9.964588	1.246397	11.210985	2.425399
136.8	9.687883	1.523104	11.210987	2.472327
136.9	9.571584	1.639403	11.210987	2.494322
137	9.670087	1.540898	11.210985	2.481882
137.1	9.689767	1.521215	11.210982	2.431875
137.2	9.283640	1.927342	11.210982	2.346908
137.3	8.540440	2.670546	11.210986	2.233267
137.4	8.046843	3.164147	11.210990	2.098306
137.5	8.311902	2.899087	11.210989	1.948155
137.6	9.177661	2.033323	11.210984	1.786423
137.7	9.940233	1.270747	11.210980	1.614284
137.8	10.066440	1.144541	11.210981	1.431911
137.9	9.697788	1.513198	11.210986	1.240782
138	9.397093	1.813895	11.210988	1.046288
138.1	9.463186	1.747800	11.210986	0.860365
138.2	9.648829	1.562154	11.210983	0.704647
138.3	9.587271	1.623712	11.210984	0.612699
138.4	9.299985	1.911001	11.210986	0.617605
138.5	9.130729	2.080259	11.210987	0.719689
138.6	9.282350	1.928636	11.210986	0.888906
138.7	9.586540	1.624444	11.210984	1.095801
138.8	9.723621	1.487362	11.210983	1.319792
138.9	9.571087	1.639898	11.210984	1.546131
139	9.321721	1.889266	11.210987	1.764483
139.1	9.301137	1.909851	11.210988	1.969137
139.2	9.667364	1.543624	11.210987	2.159224
139.3	10.249189	0.961796	11.210985	2.338227
139.4	10.652314	0.558668	11.210982	2.512794
139.5	10.533449	0.677533	11.210982	2.691147
139.6	9.838436	1.372547	11.210983	2.881407
139.7	8.876304	2.334683	11.210987	3.089909
139.8	8.171309	3.039679	11.210989	3.319549
139.9	8.108026	3.102963	11.210988	3.568470
140	8.612015	2.598970	11.210985	3.829601
140.1	9.202222	2.008760	11.210981	4.091344
140.2	9.412934	1.798047	11.210981	4.339342
140.3	9.172495	2.038488	11.210983	4.558978
140.4	8.782681	2.428304	11.210985	4.738207
140.5	8.597747	2.613239	11.210986	4.870170
140.6	8.758814	2.452171	11.210985	4.954999
140.7	9.140243	2.070740	11.210983	5.000212
140.8	9.451535	1.759447	11.210982	5.019441
140.9	9.446435	1.764546	11.210981	5.029706
141	9.089504	2.121478	11.210982	5.047940
141.1	8.512465	2.698518	11.210983	5.087703
141.2	7.930237	3.280748	11.210985	5.156784
141.3	7.677765	3.533222	11.210987	5.255974
141.4	8.071928	3.139059	11.210987	5.379015
141.5	8.983610	2.227372	11.210982	5.513794
141.6	9.698990	1.511987	11.210977	5.644770
141.7	9.531556	1.679423	11.210979	5.756158
141.8	8.624157	2.586828	11.210986	5.835009
141.9	7.897473	3.313518	11.210991	5.873445
142	8.048860	3.162129	11.210989	5.869725
142.1	8.813315	2.397667	11.210982	5.828118
142.2	9.361557	1.849422	11.210979	5.757682
142.3	9.220809	1.990172	11.210981	5.670137
142.4	8.697231	2.513756	11.210986	5.577208
142.5	8.470576	2.740412	11.210989	5.488103
142.6	8.845744	2.365242	11.210986	5.407896
142.7	9.469628	1.741354	11.210983	5.337289
142.8	9.808034	1.402948	11.210983	5.273554
142.9	9.776734	1.434252	11.210985	5.211938
143	9.729132	1.481854	11.210987	5.146904
143.1	9.873621	1.337364	11.210985	5.073077
143.2	9.941809	1.269173	11.210981	4.986112
143.3	9.548769	1.662213	11.210982	4.883619
143.4	8.789635	2.421351	11.210985	4.765884
143.5	8.279165	2.931824	11.210989	4.635907
143.6	8.508627	2.702361	11.210988	4.498419
143.7	9.273199	1.937784	11.210983	4.358160
143.8	9.842221	1.368758	11.210979	4.218319
143.9	9.650225	1.560755	11.210980	4.080177
144	8.786203	2.424781	11.210984	3.944145
144.1	7.890957	3.320031	11.210988	3.811188
144.2	7.597158	3.613831	11.210988	3.683446
144.3	7.987294	3.223690	11.210984	3.563946
144.4	8.554678	2.656303	11.210980	3.456270
144.5	8.710645	2.500334	11.210979	3.364863
144.6	8.364544	2.846439	11.210983	3.295743
144.7	8.021877	3.189110	11.210987	3.256545
144.8	8.297571	2.913417	11.210988	3.254811
144.9	9.283855	1.927130	11.210985	3.294592
145	10.353791	0.857188	11.210980	3.373431
145.1	10.698807	0.512172	11.210979	3.482452
145.2	10.187429	1.023556	11.210984	3.610218
145.3	9.506694	1.704295	11.210989	3.747771
145.4	9.313730	1.897257	11.210987	3.891284
145.5	9.470018	1.740962	11.210981	4.040985
145.6	9.273257	1.937721	11.210978	4.198215
145.7	8.392278	2.818704	11.210982	4.363197
145.8	7.436036	3.774953	11.210989	4.534479
145.9	7.418407	3.792584	11.210991	4.709575
146	8.598800	2.612185	11.210985	4.886083
146.1	10.016046	1.194930	11.210976	5.062785
146.2	10.402627	0.808349	11.210976	5.240513
146.3	9.570881	1.640103	11.210984	5.422520
146.4	8.646630	2.564362	11.210992	5.613936
146.5	8.785284	2.425707	11.210991	5.819789
146.6	9.829620	1.381362	11.210981	6.041779
146.7	10.469966	0.741007	11.210974	6.275678
146.8	9.742190	1.468787	11.210977	6.511790
146.9	8.163488	3.047499	11.210987	6.738394
147	7.215805	3.995188	11.210993	6.945787
147.1	7.767068	3.443921	11.210989	7.128934
147.2	9.194878	2.016101	11.210980	7.288091
147.3	10.135378	1.075598	11.210976	7.427759
147.4	9.935231	1.275750	11.210981	7.554714
147.5	9.163358	2.047629	11.210988	7.675793
147.6	8.742093	2.468896	11.210989	7.796007
147.7	8.928490	2.282496	11.210986	7.917671
147.8	9.304778	1.906205	11.210982	8.040966
147.9	9.426356	1.784626	11.210982	8.165270
148	9.208091	2.002892	11.210983	8.289902
148.1	8.838561	2.372424	11.210984	8.413731
148.2	8.573508	2.637477	11.210985	8.534332
148.3	8.584970	2.626015	11.210985	8.647602
148.4	8.814504	2.396479	11.210983	8.748274
148.5	8.951194	2.259788	11.210981	8.831082
148.6	8.709054	2.501928	11.210982	8.892083
148.7	8.168800	3.042185	11.210985	8.929604
148.8	7.708014	3.502972	11.210986	8.944508
148.9	7.537640	3.673344	11.210985	8.939786
149	7.518327	3.692656	11.210983	8.919680
149.1	7.514177	3.696807	11.210984	8.888540
149.2	7.636667	3.574317	11.210985	8.849687
149.3	8.039407	3.171577	11.210984	8.804639
149.4	8.653499	2.557483	11.210982	8.752901
149.5	9.175957	2.035024	11.210980	8.692375
149.6	9.289997	1.920983	11.210980	8.620429
149.7	8.953147	2.257836	11.210983	8.535556
149.8	8.509345	2.701642	11.210987	8.439210
149.9	8.456480	2.754509	11.210988	8.337004
150	8.991942	2.219044	11.210986	8.238337
150.1	9.746294	1.464687	11.210982	8.153934
150.2	10.067149	1.143831	11.210979	8.091816
150.3	9.667077	1.543905	11.210982	8.053337
150.4	8.906999	2.303987	11.210985	8.031201
150.5	8.365314	2.845672	11.210986	8.010458
150.6	8.269051	2.941934	11.210985	7.972252
150.7	8.456819	2.754164	11.210983	7.898996
150.8	8.729341	2.481642	11.210983	7.779371
150.9	8.992280	2.218702	11.210982	7.611810
151	9.104980	2.106001	11.210981	7.405653
151.1	8.915083	2.295899	11.210982	7.179679
151.2	8.562503	2.648483	11.210985	6.958126
151.3	8.501554	2.709434	11.210988	6.764683
151.4	9.016662	2.194324	11.210986	6.615573
151.5	9.774416	1.436565	11.210980	6.514028
151.6	10.029658	1.181319	11.210977	6.449052
151.7	9.361390	1.849590	11.210980	6.399485
151.8	8.152549	3.058437	11.210986	6.341145
151.9	7.245223	3.965766	11.210989	6.253664
152	7.115342	4.095644	11.210986	6.125065
152.1	7.485732	3.725250	11.210982	5.953548
152.2	7.790643	3.420338	11.210981	5.746731
152.3	7.868955	3.342028	11.210983	5.518848
152.4	8.032066	3.178919	11.210985	5.286616
152.5	8.523311	2.687673	11.210984	5.064591
152.6	9.090231	2.120749	11.210980	4.861048
152.7	9.151764	2.059215	11.210978	4.675892
152.8	8.460646	2.750337	11.210982	4.501892
152.9	7.610649	3.600341	11.210990	4.328901
153	7.644567	3.566425	11.210993	4.148909
153.1	8.900113	2.310872	11.210985	3.959563
153.2	10.331836	0.879137	11.210974	3.764992
153.3	10.367390	0.843580	11.210970	3.574180
153.4	8.628029	2.582950	11.210979	3.398021
153.5	6.539791	4.671201	11.210992	3.246213
153.6	5.948105	5.262888	11.210994	3.124674
153.7	7.195711	4.015273	11.210984	3.033631
153.8	8.824895	2.386077	11.210972	2.966647
153.9	9.211635	1.999337	11.210972	2.911173
154	8.253452	2.957530	11.210982	2.851169
154.1	7.279864	3.931127	11.210990	2.771512
154.2	7.461855	3.749134	11.210989	2.662859
154.3	8.594011	2.616969	11.210981	2.525178
154.4	9.484729	1.726246	11.210975	2.368307
154.5	9.313756	1.897222	11.210978	2.208688
154.6	8.392538	2.818446	11.210984	2.063227
154.7	7.638061	3.572926	11.210987	1.943494
154.8	7.562924	3.648061	11.210985	1.853453
154.9	7.918004	3.292976	11.210981	1.791019
155	8.144506	3.066473	11.210979	1.751479
155.1	7.986579	3.224402	11.210981	1.730765
155.2	7.673847	3.537136	11.210984	1.727104
155.3	7.625478	3.585508	11.210985	1.740588
155.4	8.036113	3.174871	11.210984	1.771488
155.5	8.661771	2.549209	11.210980	1.818491
155.6	8.964078	2.246900	11.210978	1.877844
155.7	8.610611	2.600370	11.210981	1.944263
155.8	7.913329	3.297657	11.210986	2.013745
155.9	7.630384	3.580606	11.210990	2.086741
156	8.211140	2.999847	11.210987	2.169403
156.1	9.307787	1.903195	11.210982	2.271536
156.2	10.107077	1.103902	11.210979	2.401946
156.3	10.074627	1.136353	11.210980	2.564025
156.4	9.333089	1.877895	11.210984	2.754365
156.5	8.407728	2.803258	11.210987	2.964493
156.6	7.754505	3.456482	11.210987	3.183879
156.7	7.527636	3.683350	11.210987	3.402776
156.8	7.637945	3.573041	11.210986	3.614430
156.9	7.964415	3.246572	11.210986	3.816218
157	8.523569	2.687418	11.210987	4.009397
157.1	9.371218	1.839767	11.210986	4.197622
157.2	10.277942	0.933039	11.210982	4.384999
157.3	10.656894	0.554084	11.210978	4.574566
157.4	10.091790	1.119191	11.210981	4.767782
157.5	8.951107	2.259880	11.210987	4.964955
157.6	8.209541	3.001450	11.210992	5.166082
157.7	8.507224	2.703765	11.210989	5.371408
157.8	9.495082	1.715900	11.210982	5.581339
157.9	10.232335	0.978643	11.210979	5.795723
158	10.157800	1.053181	11.210981	6.012908
158.1	9.521112	1.689873	11.210985	6.229080
158.2	8.910108	2.300878	11.210987	6.438312
158.3	8.611540	2.599445	11.210985	6.633538
158.4	8.521067	2.689917	11.210984	6.808243
158.5	8.450197	2.760786	11.210983	6.958335
158.6	8.353349	2.857635	11.210984	7.083574
158.7	8.333917	2.877068	11.210985	7.188149
158.8	8.533158	2.677828	11.210985	7.280148
158.9	8.984050	2.226935	11.210985	7.369774
159	9.510957	1.700026	11.210983	7.466326
159.1	9.803930	1.407052	11.210982	7.574733
159.2	9.682276	1.528707	11.210984	7.693298
159.3	9.315050	1.895937	11.210987	7.813926
159.4	9.125011	2.085978	11.210989	7.924642
159.5	9.391161	1.819827	11.210987	8.013079
159.6	9.889613	1.321370	11.210983	8.069626
159.7	10.003812	1.207167	11.210979	8.089430
159.8	9.352894	1.858087	11.210981	8.072940
159.9	8.287626	2.923360	11.210986	8.025083
160	7.618846	3.592144	11.210989	7.953442
160.1	7.836516	3.374472	11.210988	7.865970
160.2	8.667454	2.543529	11.210983	7.768907
160.3	9.417021	1.793960	11.210981	7.665543
160.4	9.659037	1.551945	11.210982	7.556160
160.5	9.504107	1.706878	11.210985	7.439041
160.6	9.275936	1.935049	11.210986	7.312062
160.7	9.140108	2.070877	11.210985	7.174257
160.8	9.081681	2.129303	11.210984	7.026789
160.9	9.041564	2.169419	11.210984	6.872976
161	8.961273	2.249710	11.210983	6.717388
161.1	8.789631	2.421352	11.210983	6.564387
161.2	8.537281	2.673703	11.210984	6.416750
161.3	8.311202	2.899784	11.210985	6.274910
161.4	8.258886	2.952100	11.210986	6.137071
161.5	8.468777	2.742209	11.210986	6.000137
161.6	8.917242	2.293743	11.210985	5.861226
161.7	9.464857	1.746127	11.210984	5.719325
161.8	9.847409	1.363572	11.210981	5.576482
161.9	9.735053	1.475927	11.210980	5.437882
162	9.014863	2.196119	11.210983	5.310554
162.1	8.106529	3.104459	11.210988	5.201035
162.2	7.776495	3.434495	11.210990	5.112784
162.3	8.386878	2.824108	11.210986	5.044305
162.4	9.377051	1.833928	11.210979	4.988807
162.5	9.746757	1.464220	11.210977	4.935898
162.6	9.098853	2.112128	11.210981	4.875028
162.7	7.994292	3.216694	11.210986	4.799448
162.8	7.265821	3.945167	11.210988	4.708800
162.9	7.215053	3.995933	11.210986	4.608980
163	7.536400	3.674583	11.210983	4.509509
163.1	7.817645	3.393337	11.210982	4.420057
163.2	7.956613	3.254371	11.210984	4.347568
163.3	8.150054	3.060931	11.210985	4.294623
163.4	8.603710	2.607275	11.210985	4.259113
163.5	9.246900	1.964082	11.210982	4.235217
163.6	9.660857	1.550122	11.210979	4.215399
163.7	9.355009	1.855969	11.210979	4.192863
163.8	8.297001	2.913982	11.210984	4.163747
163.9	7.211074	3.999916	11.210990	4.128296
164	7.084459	4.126533	11.210992	4.090390
164.1	8.113696	3.097289	11.210984	4.055277
164.2	9.292629	1.918346	11.210975	4.026368
164.3	9.377875	1.833098	11.210973	4.002777
164.4	8.242548	2.968433	11.210981	3.978821
164.5	7.040590	4.170400	11.210989	3.945493
164.6	7.016254	4.194736	11.210990	3.893313
164.7	8.211638	2.999344	11.210981	3.815727
164.8	9.363575	1.847398	11.210973	3.711939
164.9	9.212865	1.998109	11.210974	3.587803
165	7.907268	3.303717	11.210984	3.453863
165.1	6.880348	4.330645	11.210993	3.321085
165.2	7.289179	3.921811	11.210990	3.196312
165.3	8.705164	2.505814	11.210979	3.079919
165.4	9.543156	1.667816	11.210972	2.966574
165.5	8.856249	2.354728	11.210977	2.848007
165.6	7.470197	3.740792	11.210989	2.716370
165.7	7.073946	4.137047	11.210993	2.567590
165.8	8.244514	2.966471	11.210984	2.404205
165.9	9.729949	1.481024	11.210973	2.236600
166	9.904620	1.306353	11.210973	2.081234
166.1	8.641394	2.569589	11.210983	1.955148
166.2	7.378121	3.832873	11.210993	1.868882
166.3	7.496570	3.714423	11.210993	1.823698
166.4	8.940769	2.270214	11.210983	1.816905
166.5	10.355334	0.855640	11.210974	1.848721
166.6	10.422633	0.788340	11.210973	1.921406
166.7	9.002193	2.208786	11.210980	2.033017
166.8	7.097360	4.113627	11.210988	2.174830
166.9	5.949432	5.261560	11.210991	2.335004
167	6.146590	5.064398	11.210989	2.503953
167.1	7.368927	3.842056	11.210983	2.677072
167.2	8.778677	2.432301	11.210978	2.854055
167.3	9.602763	1.608214	11.210976	3.036721
167.4	9.561202	1.649778	11.210979	3.227668
167.5	8.987352	2.223632	11.210984	3.430165
167.6	8.500863	2.710124	11.210986	3.646991
167.7	8.447260	2.763725	11.210985	3.876804
167.8	8.624464	2.586517	11.210981	4.111000
167.9	8.533810	2.677169	11.210980	4.334643
168	7.979798	3.231184	11.210982	4.530943
168.1	7.389076	3.821911	11.210986	4.686584
168.2	7.365984	3.845002	11.210986	4.795706
168.3	7.936857	3.274124	11.210982	4.861529
168.4	8.454214	2.756763	11.210978	4.895566
168.5	8.369564	2.841416	11.210979	4.914963
168.6	7.914421	3.296564	11.210985	4.938881
168.7	7.831287	3.379701	11.210988	4.984724
168.8	8.480696	2.730290	11.210985	5.064709
168.9	9.397707	1.813273	11.210980	5.183187
169	9.814666	1.396313	11.210979	5.335327
169.1	9.477615	1.733366	11.210981	5.507766
169.2	8.770489	2.440495	11.210984	5.681234
169.3	8.177753	3.033232	11.210985	5.834591
169.4	7.915403	3.295581	11.210984	5.949378
169.5	7.961435	3.249548	11.210982	6.013900
169.6	8.139109	3.071872	11.210981	6.025892
169.7	8.205704	3.005276	11.210980	5.993075
169.8	8.068187	3.142795	11.210982	5.931461
169.9	7.924073	3.286911	11.210984	5.861712
170	8.017835	3.193149	11.210984	5.804370
170.1	8.277440	2.933542	11.210982	5.775084
170.2	8.407917	2.803064	11.210981	5.781187
170.3	8.308796	2.902187	11.210983	5.820774
170.4	8.207981	3.003003	11.210984	5.884401
170.5	8.340884	2.870100	11.210983	5.958075
170.6	8.609240	2.601740	11.210980	6.026245
170.7	8.647055	2.563924	11.210979	6.074719
170.8	8.250282	2.960699	11.210981	6.093756
170.9	7.693428	3.517556	11.210985	6.080759
171	7.513274	3.697712	11.210987	6.041319
171.1	7.946170	3.264814	11.210984	5.987589
171.2	8.608294	2.602685	11.210979	5.933884
171.3	8.789926	2.421050	11.210976	5.890807
171.4	8.162303	3.048677	11.210979	5.860531
171.5	7.204848	4.006137	11.210985	5.835913
171.6	6.807803	4.403186	11.210988	5.804248
171.7	7.399338	3.811647	11.210985	5.753584
171.8	8.523612	2.687368	11.210979	5.677805
171.9	9.265623	1.945354	11.210976	5.577986
172	9.097854	2.113125	11.210979	5.460672
172.1	8.362131	2.848854	11.210985	5.335335
172.2	7.879903	3.331085	11.210988	5.212438
172.3	8.067664	3.143321	11.210985	5.102133
172.4	8.537023	2.673956	11.210980	5.012716
172.5	8.582385	2.628592	11.210977	4.948166
172.6	7.925553	3.285426	11.210979	4.905372
172.7	6.953790	4.257193	11.210984	4.873103
172.8	6.357975	4.853011	11.210986	4.834669
172.9	6.588678	4.622308	11.210986	4.773859
173	7.531444	3.679537	11.210982	4.681214
173.1	8.565266	2.645712	11.210977	4.557292
173.2	9.001077	2.209900	11.210977	4.411672
173.3	8.683964	2.527017	11.210982	4.258889
173.4	8.205195	3.005792	11.210987	4.113492
173.5	8.269546	2.941441	11.210986	3.986174
173.6	8.805777	2.405204	11.210980	3.881832
173.7	8.984221	2.226754	11.210975	3.799338
173.8	8.129353	3.081623	11.210977	3.732308
173.9	6.511364	4.699620	11.210984	3.670521
174	5.260906	5.950085	11.210991	3.602243
174.1	5.445086	5.765905	11.210991	3.517572
174.2	7.057050	4.153932	11.210982	3.412252
174.3	8.832040	2.378931	11.210972	3.290470
174.4	9.237057	1.973912	11.210969	3.164550
174.5	7.928313	3.282665	11.210978	3.050628
174.6	6.238625	4.972366	11.210991	2.962408
174.7	5.964856	5.246138	11.210994	2.906783
174.8	7.516353	3.694631	11.210984	2.882917
174.9	9.385458	1.825512	11.210971	2.883112
175	9.696301	1.514667	11.210969	2.893591
175.1	8.183307	3.027672	11.210979	2.896135
175.2	6.357869	4.853121	11.210990	2.872635
175.3	5.851108	5.359883	11.210991	2.812109
175.4	6.897117	4.313867	11.210984	2.716458
175.5	8.406515	2.804461	11.210976	2.601137
175.6	9.188279	2.022695	11.210974	2.489430
175.7	8.872437	2.338540	11.210977	2.402401
175.8	7.852111	3.358870	11.210981	2.350124
175.9	6.788153	4.422832	11.210985	2.330056
176	6.250485	4.960502	11.210987	2.332426
176.1	6.459235	4.751750	11.210985	2.346552
176.2	7.153265	4.057716	11.210981	2.363501
176.3	7.841592	3.369387	11.210979	2.375961
176.4	8.270158	2.940822	11.210980	2.378345
176.5	8.502754	2.708227	11.210980	2.368497
176.6	8.520363	2.690615	11.210979	2.349766
176.7	8.062130	3.148849	11.210979	2.330917
176.8	7.120732	4.090251	11.210983	2.322782
176.9	6.318596	4.892392	11.210989	2.333346
177	6.405678	4.805311	11.210989	2.364164
177.1	7.446237	3.764748	11.210984	2.409938
177.2	8.721134	2.489844	11.210978	2.460809
177.3	9.363563	1.847413	11.210976	2.505687
177.4	9.021039	2.189939	11.210978	2.535273
177.5	8.045302	3.165681	11.210983	2.544263
177.6	7.182695	4.028292	11.210987	2.532558
177.7	7.010162	4.200825	11.210987	2.505268
177.8	7.504055	3.706928	11.210983	2.471431
177.9	8.149406	3.061574	11.210980	2.441806
178	8.510092	2.700889	11.210981	2.426499
178.1	8.620567	2.590417	11.210983	2.433065
178.2	8.783992	2.426992	11.210985	2.465347
178.3	9.108237	2.102747	11.210983	2.522892
178.4	9.372178	1.838804	11.210982	2.600830
178.5	9.321332	1.889650	11.210982	2.690291
178.6	8.961867	2.249116	11.210984	2.779553
178.7	8.473990	2.736994	11.210984	2.855882
178.8	7.965207	3.245777	11.210984	2.907756
178.9	7.539389	3.671596	11.210985	2.927032
179	7.430020	3.780966	11.210986	2.910745
179.1	7.754589	3.456394	11.210984	2.862265
179.2	8.225901	2.985079	11.210980	2.791508
179.3	8.350494	2.860486	11.210979	2.713950
179.4	7.978340	3.232642	11.210982	2.648432
179.5	7.539567	3.671420	11.210987	2.614122
179.6	7.645243	3.565745	11.210988	2.627043
179.7	8.440495	2.770489	11.210984	2.696499
179.8	9.352934	1.858044	11.210978	2.821845
179.9	9.551437	1.659538	11.210975	2.990646
180	8.726965	2.484014	11.210979	3.179526
180.1	7.448961	3.762025	11.210986	3.358135
180.2	6.736654	4.474336	11.210989	3.495299
180.3	7.125666	4.085319	11.210985	3.565829
180.4	8.052195	3.158782	11.210977	3.556452
180.5	8.406587	2.804387	11.210974	3.469419
180.6	7.831196	3.379784	11.210980	3.322496
180.7	7.154053	4.056933	11.210987	3.144847
180.8	7.363656	3.847331	11.210987	2.969641
180.9	8.379735	2.831244	11.210979	2.825516
181	9.060870	2.150103	11.210973	2.729929
181.1	8.532742	2.678234	11.210977	2.686924
181.2	7.360615	3.850371	11.210987	2.689033
181.3	6.960136	4.250854	11.210990	2.720966
181.4	7.835653	3.375329	11.210983	2.763693
181.5	8.893574	2.317399	11.210973	2.798667
181.6	8.768707	2.442266	11.210974	2.811520
181.7	7.537700	3.673284	11.210984	2.794316
181.8	6.635547	4.575444	11.210991	2.746013
181.9	7.063178	4.147808	11.210987	2.671535
182	8.229621	2.981356	11.210977	2.580189
182.1	8.762110	2.448863	11.210973	2.483898
182.2	8.089964	3.121016	11.210980	2.395288
182.3	7.036760	4.174229	11.210989	2.325481
182.4	6.909853	4.301140	11.210992	2.281608
182.5	8.112540	3.098446	11.210986	2.264669
182.6	9.706513	1.504463	11.210976	2.268858
182.7	10.310587	0.900385	11.210973	2.283128
182.8	9.421724	1.789254	11.210979	2.294543
182.9	7.876472	3.334516	11.210988	2.292243
183	6.978567	4.232423	11.210991	2.271025
183.1	7.197041	4.013945	11.210985	2.233292
183.2	7.862952	3.348027	11.210979	2.187878
183.3	8.082336	3.128642	11.210978	2.145880
183.4	7.666015	3.544966	11.210981	2.115646
183.5	7.120956	4.090029	11.210985	2.099128
183.6	6.982871	4.228114	11.210985	2.090849
183.7	7.317287	3.893696	11.210983	2.079752
183.8	7.772230	3.438750	11.210980	2.053290
183.9	7.961268	3.249712	11.210979	2.002240
184	7.791285	3.419697	11.210981	1.924263
184.1	7.515159	3.695825	11.210984	1.824837
184.2	7.485139	3.725845	11.210984	1.715674
184.3	7.767526	3.443456	11.210982	1.611829
184.4	8.004317	3.206662	11.210979	1.528384
184.5	7.828160	3.382820	11.210980	1.476874
184.6	7.412175	3.798809	11.210984	1.462104
184.7	7.308687	3.902298	11.210985	1.480705
184.8	7.699892	3.511090	11.210981	1.522012
184.9	8.130291	3.080687	11.210978	1.570678
185	8.100422	3.110556	11.210978	1.610439
185.1	7.709207	3.501775	11.210982	1.628643
185.2	7.479666	3.731317	11.210983	1.620359
185.3	7.626570	3.584410	11.210981	1.590395
185.4	7.786057	3.424921	11.210977	1.552111
185.5	7.460181	3.750796	11.210977	1.523113
185.6	6.609167	4.601814	11.210981	1.518892
185.7	5.906947	5.304040	11.210988	1.547262
185.8	6.224450	4.986537	11.210988	1.607240
185.9	7.543333	3.667646	11.210979	1.692533
186	8.648137	2.562834	11.210971	1.795581
186.1	8.432956	2.778017	11.210973	1.909120
186.2	7.275835	3.935149	11.210983	2.025846
186.3	6.564364	4.646624	11.210989	2.138328
186.4	7.061734	4.149251	11.210985	2.240435
186.5	8.193994	3.016983	11.210977	2.329722
186.6	8.796583	2.414390	11.210974	2.408809
186.7	8.293790	2.917187	11.210977	2.483849
186.8	7.192572	4.018412	11.210985	2.560533
186.9	6.556801	4.654188	11.210989	2.640547
187	7.004679	4.206307	11.210986	2.720970
187.1	8.127098	3.083881	11.210978	2.796551
187.2	8.852893	2.358081	11.210974	2.862908
187.3	8.500922	2.710054	11.210976	2.918746
187.4	7.477075	3.733908	11.210984	2.966234
187.5	6.771151	4.439836	11.210987	3.009809
187.6	6.882079	4.328906	11.210985	3.054279
187.7	7.477124	3.733857	11.210981	3.103055
187.8	7.966486	3.244494	11.210980	3.157119
187.9	8.108024	3.102957	11.210982	3.214940
188	8.084320	3.126664	11.210984	3.273089
188.1	8.210999	2.999985	11.210984	3.327145
188.2	8.591378	2.619604	11.210982	3.372753
188.3	8.941849	2.269130	11.210979	3.406772
188.4	8.764593	2.446384	11.210978	3.428140
188.5	7.846905	3.364076	11.210981	3.437936
188.6	6.659491	4.551497	11.210987	3.438559
188.7	6.117437	5.093555	11.210991	3.432507
188.8	6.781479	4.429510	11.210989	3.421444
188.9	8.294791	2.916191	11.210982	3.405975
189	9.630134	1.580842	11.210976	3.386045
189.1	9.870213	1.340761	11.210975	3.361620
189.2	8.875936	2.335043	11.210979	3.333322
189.3	7.383169	3.827817	11.210986	3.302852
189.4	6.438749	4.772241	11.210990	3.273040
189.5	6.583379	4.627609	11.210987	3.247330
189.6	7.475251	3.735731	11.210982	3.228687
189.7	8.268458	2.942519	11.210978	3.218262
189.8	8.347096	2.863882	11.210978	3.214508
189.9	7.754382	3.456601	11.210982	3.213414
190	7.046285	4.164701	11.210986	3.209881
190.1	6.839186	4.371802	11.210988	3.199408
190.2	7.410598	3.800389	11.210986	3.179309
190.3	8.503584	2.707398	11.210982	3.149527
190.4	9.445482	1.765495	11.210977	3.113453
190.5	9.602711	1.608266	11.210977	3.078358
190.6	8.882410	2.328571	11.210980	3.054620
190.7	7.845599	3.365387	11.210986	3.053632
190.8	7.301315	3.909675	11.210989	3.085501
190.9	7.699130	3.511858	11.210988	3.157900
191	8.776473	2.434510	11.210983	3.275720
191.1	9.732895	1.478083	11.210978	3.439690
191.2	9.851747	1.359231	11.210978	3.643735
191.3	9.066005	2.144977	11.210981	3.873503
191.4	7.967470	3.243516	11.210986	4.108017
191.5	7.299316	3.911672	11.210988	4.324185
191.6	7.390360	3.820626	11.210986	4.502420
191.7	7.989937	3.221045	11.210983	4.631388
191.8	8.616607	2.594374	11.210981	4.710417
191.9	8.990053	2.220928	11.210981	4.749043
192	9.043010	2.167971	11.210981	4.764187
192.1	8.721125	2.489856	11.210982	4.776192
192.2	8.142999	3.067986	11.210985	4.804783
192.3	7.809092	3.401896	11.210988	4.865483
192.4	8.158419	3.052567	11.210986	4.966781
192.5	8.920730	2.290250	11.210980	5.108437
192.6	9.254996	1.955980	11.210976	5.281367
192.7	8.625209	2.585770	11.210978	5.469442
192.8	7.419629	3.791356	11.210985	5.653086
192.9	6.606083	4.604906	11.210989	5.813755
193	6.781260	4.429727	11.210987	5.937832
193.1	7.641334	3.569648	11.210982	6.018593
193.2	8.391862	2.819117	11.210979	6.055879
193.3	8.548358	2.662622	11.210980	6.054272
193.4	8.280443	2.930540	11.210984	6.020794
193.5	8.121632	3.089354	11.210986	5.962607
193.6	8.407159	2.803826	11.210985	5.885000
193.7	8.898282	2.312699	11.210981	5.790345
193.8	9.050119	2.160861	11.210980	5.678840
193.9	8.747610	2.463374	11.210984	5.550659
194	8.519821	2.691167	11.210988	5.407863
194.1	8.817063	2.393923	11.210985	5.254795
194.2	9.332814	1.878166	11.210980	5.097099
194.3	9.331918	1.879059	11.210978	4.940110
194.4	8.547213	2.663769	11.210982	4.787485
194.5	7.558086	3.652901	11.210988	4.640748
194.6	7.230919	3.980070	11.210989	4.499692
194.7	7.815402	3.395583	11.210985	4.362890
194.8	8.669070	2.541909	11.210978	4.227817
194.9	8.908025	2.302952	11.210977	4.090879
195	8.311970	2.899012	11.210982	3.947990
195.1	7.561500	3.649488	11.210988	3.795985
195.2	7.549716	3.661273	11.210989	3.634556
195.3	8.453677	2.757307	11.210984	3.467720
195.4	9.516356	1.694622	11.210978	3.303661
195.5	9.768678	1.442299	11.210976	3.152550
195.6	8.959176	2.251805	11.210981	3.023335
195.7	7.760669	3.450319	11.210987	2.921235
195.8	7.103103	4.107887	11.210990	2.847068
195.9	7.384050	3.826937	11.210987	2.798089
196	8.278844	2.932139	11.210982	2.769062
196.1	9.105478	2.105501	11.210979	2.752770
196.2	9.334849	1.876130	11.210979	2.740338
196.3	8.961536	2.249446	11.210982	2.722287
196.4	8.470029	2.740956	11.210986	2.690733
196.5	8.372912	2.838074	11.210987	2.642163
196.6	8.756738	2.454247	11.210984	2.579627
196.7	9.252014	1.958967	11.210982	2.512988
196.8	9.397064	1.813917	11.210981	2.456225
196.9	9.054198	2.156785	11.210983	2.422079
197	8.520079	2.690906	11.210985	2.416532
197.1	8.225449	2.985537	11.210986	2.436567
197.2	8.321642	2.889342	11.210984	2.472481
197.3	8.591180	2.619802	11.210982	2.512536
197.4	8.758817	2.452165	11.210982	2.546963
197.5	8.796635	2.414349	11.210983	2.569977
197.6	8.851352	2.359633	11.210984	2.580183
197.7	9.006009	2.204976	11.210984	2.580277
197.8	9.277240	1.933745	11.210985	2.576511
197.9	9.679437	1.531548	11.210985	2.577481
198	10.075535	1.135448	11.210983	2.591481
198.1	10.146845	1.064136	11.210982	2.623004
198.2	9.743818	1.467165	11.210983	2.670634
198.3	9.135086	2.075900	11.210986	2.727983
198.4	8.730172	2.480814	11.210986	2.786955
198.5	8.631134	2.579850	11.210984	2.841174
198.6	8.600041	2.610942	11.210982	2.887726
198.7	8.455443	2.755540	11.210983	2.926779
198.8	8.341550	2.869435	11.210985	2.959833
198.9	8.505483	2.705502	11.210985	2.987805
199	8.902715	2.308267	11.210983	3.009898
199.1	9.188548	2.022433	11.210981	3.023622
199.2	9.134260	2.076723	11.210983	3.025781
199.3	8.907648	2.303337	11.210985	3.014028
199.4	8.800328	2.410656	11.210984	2.988453
199.5	8.775749	2.435233	11.210982	2.952604
199.6	8.538361	2.672620	11.210981	2.913354
199.7	8.062878	3.148106	11.210984	2.879370
199.8	7.804513	3.406474	11.210987	2.858514
199.9	8.215707	2.995279	11.210987	2.855308
200	9.124730	2.086251	11.210982	2.869923
