#time	ekin		epot		etot		chain_length
0	11.210660	1.811740	13.022400	22.600221
0.1	6.587598	6.444370	13.031968	22.877569
0.2	1.528152	11.503863	13.032014	23.043603
0.3	2.621703	10.410302	13.032005	23.073018
0.4	8.531590	4.500361	13.031951	22.974549
0.5	11.658949	1.372974	13.031924	22.788321
0.6	8.145308	4.886651	13.031959	22.573875
0.7	2.907873	10.124136	13.032009	22.392681
0.8	2.986559	10.045448	13.032007	22.290655
0.9	8.129914	4.902043	13.031956	22.286177
1	11.215755	1.816170	13.031925	22.367149
1.1	7.874206	5.157749	13.031956	22.497660
1.2	2.369499	10.662508	13.032007	22.631619
1.3	1.904642	11.127369	13.032011	22.728581
1.4	7.059904	5.972059	13.031963	22.766418
1.5	11.125106	1.906821	13.031927	22.746799
1.6	9.025220	4.006729	13.031949	22.692043
1.7	3.821703	9.210294	13.031998	22.634921
1.8	2.322060	10.709948	13.032008	22.605407
1.9	6.030400	7.001570	13.031970	22.619317
2	9.586365	3.445571	13.031937	22.672796
2.1	8.337903	4.694050	13.031953	22.744149
2.2	4.488639	8.543354	13.031993	22.801969
2.3	3.676343	9.355659	13.032001	22.816646
2.4	7.073261	5.958706	13.031967	22.771137
2.5	9.921790	3.110149	13.031939	22.667181
2.6	8.207441	4.824513	13.031955	22.524869
2.7	4.147245	8.884748	13.031993	22.375826
2.8	3.126555	9.905447	13.032002	22.252534
2.9	6.453078	6.578893	13.031971	22.177638
3	9.768912	3.263030	13.031942	22.156890
3.1	8.984479	4.047473	13.031953	22.177727
3.2	5.528936	7.503050	13.031986	22.213461
3.3	4.041325	8.990671	13.031996	22.231600
3.4	6.059620	6.972353	13.031973	22.203684
3.5	8.392903	4.639048	13.031951	22.113451
3.6	7.939875	5.092085	13.031960	21.960823
3.7	5.874336	7.157649	13.031984	21.760800
3.8	5.540340	7.491648	13.031988	21.538120
3.9	7.432426	5.599540	13.031966	21.319880
4	8.553446	4.478505	13.031952	21.128727
4.1	6.933215	6.098752	13.031967	20.978628
4.2	4.633781	8.398209	13.031990	20.873971
4.3	4.886486	8.145503	13.031988	20.811621
4.4	7.447456	5.584508	13.031963	20.784608
4.5	8.828415	4.203535	13.031951	20.785709
4.6	7.245898	5.786071	13.031969	20.809397
4.7	5.204928	7.827064	13.031992	20.851509
4.8	5.909923	7.122065	13.031987	20.907170
4.9	8.671107	4.360854	13.031961	20.968350
5	9.679240	3.352709	13.031949	21.022630
5.1	7.155602	5.876367	13.031969	21.054104
5.2	3.866895	9.165101	13.031996	21.046331
5.3	3.673367	9.358634	13.032000	20.986451
5.4	7.119710	5.912266	13.031977	20.869211
5.5	10.781937	2.250013	13.031950	20.699612
5.6	10.726858	2.305091	13.031950	20.493178
5.7	6.795891	6.236086	13.031977	20.273464
5.8	2.783110	10.248893	13.032002	20.067240
5.9	2.413236	10.618767	13.032003	19.898528
6	5.857145	7.174836	13.031981	19.783032
6.1	9.833834	3.198123	13.031957	19.724465
6.2	10.824594	2.207362	13.031955	19.713839
6.3	8.540539	4.491437	13.031976	19.731906
6.4	5.881464	7.150531	13.031994	19.753931
6.5	5.407087	7.624905	13.031992	19.755234
6.6	6.882554	6.149426	13.031979	19.715948
6.7	8.472013	4.559959	13.031972	19.624088
6.8	9.005652	4.026321	13.031973	19.476715
6.9	8.679101	4.352877	13.031979	19.279442
7	8.297537	4.734443	13.031981	19.044778
7.1	8.135666	4.896312	13.031978	18.789814
7.2	7.771947	5.260030	13.031977	18.533593
7.3	7.092261	5.939721	13.031982	18.294351
7.4	6.803787	6.228200	13.031987	18.086711
7.5	7.535700	5.496283	13.031983	17.919295
7.6	8.768704	4.263270	13.031974	17.793603
7.7	9.208955	3.823016	13.031971	17.704571
7.8	8.307148	4.724829	13.031978	17.641850
7.9	6.955765	6.076221	13.031987	17.590715
8	6.404627	6.627362	13.031989	17.533057
8.1	7.008878	6.023107	13.031985	17.449619
8.2	8.265548	4.766432	13.031980	17.323786
8.3	9.439068	3.592909	13.031977	17.146073
8.4	9.999997	3.031979	13.031976	16.917780
8.5	9.706584	3.325392	13.031976	16.652396
8.6	8.571502	4.460477	13.031979	16.373818
8.7	7.106949	5.925037	13.031986	16.111356
8.8	6.372221	6.659770	13.031991	15.892492
8.9	7.110399	5.921588	13.031987	15.735153
9	8.754721	4.277257	13.031977	15.641519
9.1	9.881241	3.150731	13.031972	15.595735
9.2	9.725860	3.306116	13.031976	15.567202
9.3	8.805483	4.226500	13.031983	15.518518
9.4	8.110313	4.921673	13.031986	15.415330
9.5	8.094407	4.937576	13.031983	15.235197
9.6	8.415399	4.616580	13.031978	14.973270
9.7	8.364823	4.667153	13.031976	14.643519
9.8	7.607554	5.424426	13.031979	14.275264
9.9	6.665951	6.366036	13.031986	13.905880
10	6.580565	6.451425	13.031990	13.571554
10.1	7.907361	5.124625	13.031986	13.298558
10.2	9.975788	3.056188	13.031976	13.097331
10.3	11.214502	1.817466	13.031968	12.960781
10.4	10.462705	2.569266	13.031971	12.867104
10.5	8.157815	4.874168	13.031984	12.786388
10.6	6.089043	6.942951	13.031994	12.689100
10.7	5.771675	7.260319	13.031994	12.553755
10.8	7.186202	5.845783	13.031985	12.371417
10.9	9.092213	3.939763	13.031976	12.146056
11	10.146504	2.885468	13.031972	11.891229
11.1	9.799018	3.232957	13.031975	11.624647
11.2	8.567737	4.464245	13.031982	11.362670
11.3	7.520302	5.511684	13.031987	11.116363
11.4	7.325644	5.706341	13.031985	10.889678
11.5	7.771502	5.260479	13.031981	10.679592
11.6	8.194311	4.837668	13.031979	10.477917
11.7	8.242492	4.789488	13.031981	10.274428
11.8	8.101956	4.930028	13.031983	10.060459
11.9	8.118685	4.913299	13.031984	9.831725
12	8.429099	4.602884	13.031983	9.589383
12.1	8.912315	4.119667	13.031981	9.339157
12.2	9.332270	3.699710	13.031980	9.089042
12.3	9.447755	3.584223	13.031978	8.846518
12.4	9.029592	4.002386	13.031977	8.616239
12.5	7.991544	5.040435	13.031979	8.398946
12.6	6.707908	6.324078	13.031985	8.191861
12.7	6.084877	6.947114	13.031991	7.990166
12.8	6.957501	6.074490	13.031991	7.788836
12.9	9.187492	3.844490	13.031982	7.584080
13	11.439302	1.592669	13.031971	7.373945
13.1	12.069755	0.962212	13.031967	7.158088
13.2	10.455626	2.576348	13.031974	6.937174
13.3	7.653175	5.378813	13.031988	6.712534
13.4	5.736647	7.295351	13.031998	6.486279
13.5	6.127710	6.904284	13.031995	6.261456
13.6	8.328008	4.703973	13.031981	6.041677
13.7	10.418934	2.613036	13.031971	5.829940
13.8	10.861525	2.170446	13.031971	5.626904
13.9	9.740753	3.291226	13.031980	5.429565
14	8.323022	4.708965	13.031986	5.231708
14.1	7.641594	5.390391	13.031986	5.026557
14.2	7.677107	5.354874	13.031981	4.810405
14.3	7.800427	5.231552	13.031980	4.585420
14.4	7.744946	5.287037	13.031983	4.360421
14.5	7.897764	5.134222	13.031986	4.149222
14.6	8.619454	4.412530	13.031984	3.966989
14.7	9.552978	3.479000	13.031978	3.825699
14.8	9.834324	3.197650	13.031974	3.730275
14.9	9.025881	4.006097	13.031978	3.676766
15	7.744763	5.287223	13.031986	3.653109
15.1	7.201008	5.830982	13.031990	3.641992
15.2	8.006122	5.025863	13.031985	3.624805
15.3	9.461380	3.570595	13.031974	3.585670
15.4	10.071873	2.960095	13.031968	3.514735
15.5	8.901407	4.130565	13.031972	3.410074
15.6	6.619847	6.412138	13.031985	3.277780
15.7	5.122410	7.909585	13.031995	3.130163
15.8	5.828088	7.203903	13.031992	2.982560
15.9	8.237959	4.794019	13.031978	2.849752
16	10.335268	2.696699	13.031968	2.743221
16.1	10.579181	2.452790	13.031971	2.670106
16.2	9.410210	3.621774	13.031984	2.633793
16.3	8.543023	4.488967	13.031990	2.635155
16.4	8.870447	4.161538	13.031985	2.673211
16.5	9.625508	3.406467	13.031976	2.744519
16.6	9.512054	3.519920	13.031973	2.841734
16.7	8.236296	4.795685	13.031981	2.952691
16.8	6.959140	6.072850	13.031991	3.061395
16.9	7.128128	5.903863	13.031991	3.151167
17	8.770548	4.261431	13.031979	3.208953
17.1	10.226876	2.805092	13.031967	3.229259
17.2	9.862840	3.169129	13.031969	3.216555
17.3	7.955651	5.076332	13.031983	3.185560
17.4	6.508231	6.523762	13.031993	3.159336
17.5	7.015272	6.016718	13.031989	3.165368
17.6	8.912228	4.119749	13.031977	3.229828
17.7	10.357640	2.674329	13.031969	3.370482
17.8	10.144498	2.887475	13.031973	3.589684
17.9	8.784051	4.247933	13.031983	3.871404
18	7.854753	5.177236	13.031989	4.185373
18.1	8.187142	4.844841	13.031982	4.495393
18.2	8.895639	4.136332	13.031972	4.767663
18.3	8.505653	4.526318	13.031971	4.977303
18.4	6.922796	6.109187	13.031983	5.112240
18.5	5.881121	7.150873	13.031995	5.174265
18.6	7.051604	5.980386	13.031990	5.177793
18.7	9.728735	3.303237	13.031972	5.147068
18.8	11.303867	1.728095	13.031963	5.111834
18.9	10.350403	2.681569	13.031972	5.100742
19	8.033167	4.998819	13.031987	5.133325
19.1	6.480374	6.551620	13.031994	5.215442
19.2	6.838108	6.193882	13.031991	5.341860
19.3	8.658558	4.373422	13.031980	5.501641
19.4	10.364093	2.667877	13.031970	5.681713
19.5	10.509766	2.522204	13.031970	5.868899
19.6	9.045924	3.986056	13.031980	6.051508
19.7	7.342164	5.689826	13.031990	6.220609
19.8	6.785032	6.246958	13.031991	6.370863
19.9	7.470351	5.561633	13.031984	6.500709
20	8.514891	4.517088	13.031979	6.611592
20.1	9.252213	3.779767	13.031980	6.706076
20.2	9.655638	3.376343	13.031981	6.785554
20.3	9.781455	3.250524	13.031979	6.849406
20.4	9.305663	3.726314	13.031976	6.897037
20.5	7.956946	5.075034	13.031980	6.931229
20.6	6.241226	6.790761	13.031988	6.959420
20.7	5.329872	7.702121	13.031993	6.992006
20.8	6.065667	6.966325	13.031992	7.039294
20.9	8.151143	4.880841	13.031984	7.108808
21	10.401003	2.630975	13.031978	7.203696
21.1	11.777942	1.254036	13.031978	7.322267
21.2	12.119648	0.912334	13.031982	7.458074
21.3	11.950386	1.081601	13.031987	7.599994
21.4	11.818546	1.213442	13.031988	7.732976
21.5	11.828891	1.203094	13.031985	7.840452
21.6	11.626779	1.405201	13.031981	7.907692
21.7	10.760583	2.271397	13.031979	7.924309
21.8	9.202827	3.829157	13.031983	7.885146
21.9	7.668140	5.363850	13.031990	7.790085
22	7.236827	5.795167	13.031994	7.643527
22.1	8.376071	4.655918	13.031989	7.453796
22.2	10.331440	2.700539	13.031979	7.232370
22.3	11.669783	1.362191	13.031974	6.992839
22.4	11.544026	1.487951	13.031977	6.749617
22.5	10.427706	2.604280	13.031986	6.516500
22.6	9.583375	3.448617	13.031992	6.305327
22.7	9.819582	3.212408	13.031989	6.124974
22.8	10.753764	2.278217	13.031981	5.980717
22.9	11.236063	1.795912	13.031975	5.873666
23	10.483168	2.548809	13.031977	5.800218
23.1	8.849428	4.182556	13.031984	5.752042
23.2	7.520455	5.511535	13.031990	5.717181
23.3	7.426647	5.605342	13.031989	5.682147
23.4	8.445584	4.586399	13.031983	5.634392
23.5	9.658890	3.373088	13.031979	5.564463
23.6	10.293275	2.738705	13.031980	5.467350
23.7	10.282609	2.749375	13.031984	5.342786
23.8	10.045281	2.986707	13.031988	5.194535
23.9	10.099559	2.932431	13.031990	5.029003
24	10.727446	2.304541	13.031986	4.853940
24.1	11.481134	1.550844	13.031977	4.677940
24.2	11.261047	1.770925	13.031972	4.510414
24.3	9.453736	3.578241	13.031976	4.361022
24.4	6.954763	6.077226	13.031989	4.238079
24.5	5.649287	7.382710	13.031997	4.146285
24.6	6.663326	6.368666	13.031992	4.084421
24.7	9.233117	3.798862	13.031979	4.043760
24.8	11.428384	1.603586	13.031971	4.008187
24.9	11.874129	1.157843	13.031972	3.957398
25	10.617560	2.414419	13.031979	3.873907
25.1	8.613337	4.418648	13.031985	3.751673
25.2	6.885907	6.146082	13.031989	3.600793
25.3	6.057053	6.974936	13.031989	3.445444
25.4	6.175128	6.856859	13.031987	3.317221
25.5	6.876728	6.155256	13.031984	3.246430
25.6	7.765561	5.266422	13.031982	3.253199
25.7	8.616436	4.415546	13.031981	3.341437
25.8	9.281062	3.750918	13.031980	3.498501
25.9	9.564184	3.467795	13.031979	3.699878
26	9.297009	3.734970	13.031979	3.915527
26.1	8.517627	4.514354	13.031981	4.115656
26.2	7.526401	5.505584	13.031984	4.275563
26.3	6.757340	6.274647	13.031987	4.379222
26.4	6.606706	6.425282	13.031989	4.420997
26.5	7.293186	5.738802	13.031988	4.405707
26.6	8.697070	4.334915	13.031985	4.347761
26.7	10.239356	2.792622	13.031979	4.269213
26.8	11.062072	1.969903	13.031975	4.195954
26.9	10.642211	2.389766	13.031977	4.152062
27	9.342880	3.689104	13.031984	4.153827
27.1	8.178369	4.853620	13.031989	4.206155
27.2	7.918545	5.113444	13.031989	4.303269
27.3	8.515679	4.516307	13.031985	4.432806
27.4	9.433345	3.598639	13.031983	4.580536
27.5	10.283023	2.748959	13.031982	4.733784
27.6	10.876631	2.155349	13.031980	4.883520
27.7	10.873950	2.158027	13.031977	5.025878
27.8	9.948438	3.083540	13.031978	5.162847
27.9	8.398635	4.633349	13.031984	5.300712
28	7.189192	5.842798	13.031990	5.445315
28.1	7.180347	5.851642	13.031990	5.596396
28.2	8.350916	4.681068	13.031983	5.745156
28.3	9.796009	3.235967	13.031977	5.876768
28.4	10.518267	2.513709	13.031975	5.976014
28.5	10.258152	2.773828	13.031980	6.032842
28.6	9.575001	3.456984	13.031985	6.045273
28.7	9.238196	3.793792	13.031987	6.019044
28.8	9.507478	3.524506	13.031983	5.965467
28.9	9.857400	3.174578	13.031978	5.899011
29	9.612058	3.419921	13.031979	5.834927
29.1	8.881386	4.150599	13.031985	5.786688
29.2	8.514474	4.517514	13.031989	5.763301
29.3	9.075226	3.956760	13.031985	5.767246
29.4	10.140655	2.891323	13.031978	5.793863
29.5	10.663050	2.368923	13.031973	5.832516
29.6	9.952323	3.079653	13.031976	5.870020
29.7	8.407315	4.624669	13.031984	5.896688
29.8	7.289953	5.742038	13.031991	5.912416
29.9	7.576954	5.455035	13.031989	5.926801
30	8.985201	4.046779	13.031980	5.950571
30.1	10.231102	2.800870	13.031972	5.985325
30.2	10.207021	2.824951	13.031972	6.019440
30.3	8.931117	4.100862	13.031979	6.031182
30.4	7.464428	5.567559	13.031987	5.996269
30.5	6.932601	6.099388	13.031988	5.896143
30.6	7.605643	5.426341	13.031984	5.723919
30.7	8.882117	4.149862	13.031979	5.486746
30.8	9.956190	3.075787	13.031976	5.204763
30.9	10.309313	2.722662	13.031975	4.907346
31	9.821003	3.210975	13.031978	4.627339
31.1	8.825008	4.206975	13.031982	4.393860
31.2	7.985066	5.046920	13.031986	4.224908
31.3	7.825770	5.206216	13.031986	4.122662
31.4	8.361057	4.670925	13.031982	4.074573
31.5	9.132707	3.899271	13.031978	4.058611
31.6	9.521281	3.510694	13.031975	4.048425
31.7	9.189124	3.842853	13.031977	4.017590
31.8	8.380483	4.651498	13.031982	3.943944
31.9	7.775160	5.256826	13.031986	3.813816
32	7.932181	5.099805	13.031986	3.625071
32.1	8.793020	4.238962	13.031982	3.388038
32.2	9.744606	3.287372	13.031978	3.124001
32.3	10.137416	2.894561	13.031977	2.861422
32.4	9.773730	3.258249	13.031979	2.630175
32.5	9.039284	3.992699	13.031983	2.454491
32.6	8.512409	4.519575	13.031984	2.347418
32.7	8.414044	4.617938	13.031983	2.310489
32.8	8.650651	4.381331	13.031982	2.336136
32.9	9.045646	3.986333	13.031980	2.408108
33	9.294473	3.737505	13.031978	2.503496
33.1	9.109386	3.922593	13.031979	2.599520
33.2	8.615208	4.416776	13.031984	2.682555
33.3	8.397629	4.634358	13.031987	2.755865
33.4	8.887038	4.144947	13.031985	2.841469
33.5	9.767373	3.264607	13.031980	2.968867
33.6	10.231342	2.800633	13.031976	3.152953
33.7	9.756434	3.275543	13.031978	3.380941
33.8	8.718720	4.313265	13.031985	3.621244
33.9	8.112775	4.919212	13.031988	3.843868
34	8.366132	4.665850	13.031982	4.034241
34.1	8.814164	4.217812	13.031976	4.192726
34.2	8.609897	4.422079	13.031976	4.327046
34.3	7.740059	5.291922	13.031981	4.446806
34.4	7.028603	6.003384	13.031987	4.560972
34.5	7.279212	5.752775	13.031987	4.676257
34.6	8.430537	4.601444	13.031981	4.795448
34.7	9.589365	3.442611	13.031976	4.916256
34.8	10.021086	3.010893	13.031979	5.031855
34.9	9.947812	3.084172	13.031984	5.133313
35	10.002567	3.029418	13.031984	5.213153
35.1	10.212496	2.819485	13.031981	5.269228
35.2	10.157820	2.874160	13.031980	5.307657
35.3	9.706433	3.325549	13.031981	5.342094
35.4	9.049448	3.982534	13.031983	5.386741
35.5	8.425542	4.606442	13.031984	5.447269
35.6	8.094639	4.937346	13.031986	5.518315
35.7	8.339301	4.692686	13.031986	5.588445
35.8	9.233985	3.797998	13.031984	5.646762
35.9	10.322748	2.709230	13.031978	5.687147
36	10.718434	2.313540	13.031974	5.709462
36.1	9.940561	3.091419	13.031979	5.718398
36.2	8.671850	4.360138	13.031988	5.720937
36.3	8.079652	4.952336	13.031989	5.723545
36.4	8.368636	4.663347	13.031982	5.730300
36.5	8.762388	4.269590	13.031978	5.742819
36.6	8.647225	4.384754	13.031978	5.762051
36.7	8.200760	4.831223	13.031983	5.790775
36.8	8.069039	4.962946	13.031985	5.834588
36.9	8.573877	4.458104	13.031982	5.899481
37	9.240387	3.791590	13.031976	5.986052
37.1	9.250878	3.781097	13.031975	6.083671
37.2	8.421152	4.610830	13.031981	6.169807
37.3	7.579884	5.452106	13.031990	6.216909
37.4	7.840719	5.191273	13.031992	6.203909
37.5	9.431429	3.600556	13.031985	6.126470
37.6	11.258919	1.773055	13.031974	6.000643
37.7	11.802133	1.229838	13.031970	5.857506
37.8	10.578686	2.453292	13.031978	5.731891
37.9	8.695245	4.336744	13.031989	5.652434
38	7.808598	5.223395	13.031993	5.637711
38.1	8.484216	4.547770	13.031986	5.695801
38.2	9.838714	3.193265	13.031979	5.822312
38.3	10.715082	2.316895	13.031976	5.998686
38.4	10.650738	2.381240	13.031978	6.194928
38.5	9.829215	3.202766	13.031981	6.376742
38.6	8.734725	4.297259	13.031984	6.514134
38.7	7.920927	5.111059	13.031986	6.588466
38.8	7.705142	5.326842	13.031985	6.596155
38.9	7.978711	5.053272	13.031983	6.548197
39	8.459506	4.572476	13.031982	6.466168
39.1	9.063941	3.968042	13.031983	6.376875
39.2	9.839297	3.192684	13.031981	6.307402
39.3	10.495317	2.536660	13.031976	6.279817
39.4	10.315752	2.716221	13.031974	6.304472
39.5	9.046746	3.985235	13.031981	6.375626
39.6	7.733132	5.298860	13.031992	6.474580
39.7	7.897045	5.134948	13.031993	6.577966
39.8	9.631563	3.400417	13.031980	6.665440
39.9	11.140731	1.891236	13.031967	6.724193
40	10.669049	2.362920	13.031969	6.750408
40.1	8.453981	4.578001	13.031982	6.748254
40.2	6.407812	6.624181	13.031993	6.726793
40.3	6.149033	6.882959	13.031992	6.695642
40.4	7.606345	5.425637	13.031982	6.661125
40.5	9.343661	3.688313	13.031973	6.624206
40.6	10.024388	3.007586	13.031973	6.580410
40.7	9.564770	3.467210	13.031981	6.521564
40.8	8.977174	4.054813	13.031987	6.439193
40.9	9.177307	3.854679	13.031986	6.328643
41	9.967405	3.064574	13.031979	6.192328
41.1	10.316145	2.715830	13.031974	6.040749
41.2	9.670888	3.361091	13.031979	5.890672
41.3	8.669261	4.362725	13.031986	5.760547
41.4	8.326528	4.705458	13.031987	5.664099
41.5	8.824444	4.207537	13.031981	5.604836
41.6	9.419517	3.612460	13.031977	5.575126
41.7	9.457495	3.574484	13.031978	5.560308
41.8	9.081728	3.950254	13.031982	5.543839
41.9	8.791424	4.240559	13.031983	5.510731
42	8.725420	4.306562	13.031982	5.449749
42.1	8.759546	4.272437	13.031982	5.355371
42.2	8.964677	4.067307	13.031984	5.229255
42.3	9.513940	3.518043	13.031983	5.080137
42.4	10.233881	2.798099	13.031980	4.921237
42.5	10.580980	2.450997	13.031977	4.765308
42.6	10.130696	2.901282	13.031978	4.618989
42.7	9.112499	3.919485	13.031984	4.479468
42.8	8.389941	4.642048	13.031989	4.336712
42.9	8.643953	4.388034	13.031987	4.181392
43	9.543980	3.487997	13.031978	4.012609
43.1	9.891199	3.140773	13.031972	3.839703
43.2	8.931421	4.100556	13.031977	3.678800
43.3	7.439293	5.592695	13.031988	3.547333
43.4	7.013056	6.018937	13.031992	3.458692
43.5	8.250825	4.781160	13.031985	3.418185
43.6	10.059824	2.972150	13.031974	3.420965
43.7	10.916100	2.115872	13.031972	3.452268
43.8	10.402338	2.629640	13.031978	3.490059
43.9	9.321498	3.710487	13.031985	3.509892
44	8.656717	4.375271	13.031988	3.491200
44.1	8.742945	4.289040	13.031986	3.423711
44.2	9.311336	3.720646	13.031983	3.312075
44.3	9.930683	3.101297	13.031980	3.175956
44.4	10.192163	2.839813	13.031976	3.043353
44.5	9.698230	3.333745	13.031975	2.939224
44.6	8.326524	4.705454	13.031978	2.876328
44.7	6.641466	6.390519	13.031986	2.854778
44.8	5.750761	7.281231	13.031991	2.869266
44.9	6.451263	6.580727	13.031990	2.915775
45	8.443502	4.588479	13.031981	2.991741
45.1	10.451119	2.580854	13.031973	3.091489
45.2	11.193678	1.838294	13.031972	3.203198
45.3	10.374912	2.657066	13.031978	3.311038
45.4	8.873766	4.158220	13.031987	3.400606
45.5	7.983515	5.048476	13.031991	3.463378
45.6	8.358084	4.673904	13.031988	3.497475
45.7	9.569665	3.462316	13.031981	3.505046
45.8	10.581915	2.450061	13.031976	3.488973
45.9	10.610365	2.421610	13.031976	3.451549
46	9.639137	3.392844	13.031980	3.395715
46.1	8.360374	4.671612	13.031986	3.327319
46.2	7.670320	5.361669	13.031989	3.256351
46.3	8.013339	5.018648	13.031987	3.195838
46.4	9.073900	3.958082	13.031981	3.158491
46.5	10.081333	2.950644	13.031977	3.152598
46.6	10.432595	2.599383	13.031978	3.179435
46.7	10.104716	2.927266	13.031981	3.233544
46.8	9.544990	3.486995	13.031985	3.304874
46.9	9.199556	3.832430	13.031986	3.380627
47	9.219598	3.812387	13.031985	3.446436
47.1	9.559420	3.472564	13.031984	3.488396
47.2	10.028660	3.003320	13.031980	3.496702
47.3	10.155419	2.876557	13.031976	3.469531
47.4	9.483954	3.548023	13.031976	3.414872
47.5	8.211463	4.820519	13.031982	3.348707
47.6	7.193074	5.838913	13.031987	3.289544
47.7	7.194887	5.837100	13.031987	3.251580
47.8	8.240527	4.791456	13.031983	3.240372
47.9	9.668182	3.363796	13.031978	3.253637
48	10.672284	2.359691	13.031976	3.285791
48.1	10.717556	2.314420	13.031976	3.331962
48.2	9.709598	3.322381	13.031979	3.388740
48.3	8.159099	4.872887	13.031986	3.452891
48.4	7.103143	5.928848	13.031991	3.520976
48.5	7.319797	5.712191	13.031988	3.590821
48.6	8.461385	4.570595	13.031980	3.663041
48.7	9.330238	3.701737	13.031974	3.740573
48.8	9.132629	3.899348	13.031977	3.826289
48.9	8.277340	4.754645	13.031984	3.920577
49	7.825718	5.206270	13.031988	4.020731
49.1	8.301065	4.730919	13.031985	4.122303
49.2	9.227416	3.804563	13.031979	4.221203
49.3	9.778321	3.253656	13.031978	4.315258
49.4	9.666481	3.365500	13.031981	4.404705
49.5	9.309427	3.722558	13.031985	4.491609
49.6	9.234142	3.797843	13.031985	4.578602
49.7	9.469599	3.562384	13.031982	4.667476
49.8	9.580499	3.451481	13.031980	4.758232
49.9	9.282609	3.749373	13.031982	4.848919
50	8.871231	4.160755	13.031986	4.936369
50.1	8.912357	4.119630	13.031987	5.017478
50.2	9.549069	3.482914	13.031983	5.090416
50.3	10.239112	2.792866	13.031978	5.155165
50.4	10.263551	2.768426	13.031977	5.213120
50.5	9.464794	3.567188	13.031982	5.265949
50.6	8.451415	4.580573	13.031988	5.314151
50.7	8.071681	4.960309	13.031990	5.355807
50.8	8.640233	4.391753	13.031986	5.385980
50.9	9.634329	3.397651	13.031980	5.397207
51	10.174383	2.857594	13.031977	5.381259
51.1	9.831261	3.200718	13.031979	5.331740
51.2	8.928697	4.103285	13.031983	5.246772
51.3	8.117316	4.914669	13.031985	5.131038
51.4	7.803193	5.228792	13.031985	4.996496
51.5	7.951885	5.080098	13.031983	4.861231
51.6	8.256131	4.775850	13.031981	4.746220
51.7	8.422233	4.609748	13.031981	4.670313
51.8	8.395932	4.636050	13.031982	4.644595
51.9	8.376622	4.655362	13.031984	4.668189
52	8.593559	4.438425	13.031984	4.727780
52.1	9.068659	3.963324	13.031983	4.801660
52.2	9.565675	3.466305	13.031980	4.866446
52.3	9.723402	3.308576	13.031978	4.903229
52.4	9.291006	3.740973	13.031979	4.901158
52.5	8.354208	4.677774	13.031982	4.858563
52.6	7.392572	5.639414	13.031986	4.782426
52.7	7.042485	5.989504	13.031988	4.686751
52.8	7.637790	5.394197	13.031987	4.590131
52.9	8.878090	4.153891	13.031982	4.512770
53	10.019060	3.012918	13.031978	4.473123
53.1	10.492818	2.539161	13.031979	4.484125
53.2	10.313894	2.718088	13.031982	4.549240
53.3	9.884853	3.147132	13.031985	4.659991
53.4	9.542078	3.489908	13.031985	4.797453
53.5	9.318853	3.713131	13.031984	4.938035
53.6	9.050985	3.980998	13.031983	5.060688
53.7	8.694623	4.337362	13.031985	5.152204
53.8	8.519544	4.512443	13.031987	5.209023
53.9	8.856119	4.175867	13.031986	5.236028
54	9.605121	3.426860	13.031981	5.243664
54.1	10.152854	2.879123	13.031977	5.244635
54.2	9.924040	3.107938	13.031978	5.250942
54.3	8.986937	4.045046	13.031982	5.271456
54.4	8.000190	5.031796	13.031986	5.310084
54.5	7.595704	5.436283	13.031987	5.364875
54.6	7.943247	5.088739	13.031986	5.428790
54.7	8.838235	4.193749	13.031984	5.492386
54.8	9.929561	3.102421	13.031981	5.547594
54.9	10.779335	2.252644	13.031978	5.590979
55	10.997037	2.034941	13.031978	5.624906
55.1	10.546158	2.485823	13.031981	5.655928
55.2	9.777820	3.254163	13.031983	5.691136
55.3	9.062286	3.969698	13.031984	5.734514
55.4	8.513869	4.518114	13.031984	5.785417
55.5	8.152971	4.879013	13.031984	5.839621
55.6	8.110549	4.921436	13.031984	5.891513
55.7	8.451140	4.580843	13.031983	5.936071
55.8	8.923306	4.108673	13.031980	5.970175
55.9	9.130431	3.901548	13.031979	5.993188
56	8.978270	4.053711	13.031981	6.006740
56.1	8.796926	4.235058	13.031984	6.013891
56.2	8.946749	4.085236	13.031985	6.018063
56.3	9.413739	3.618244	13.031983	6.022249
56.4	9.879527	3.152455	13.031982	6.028737
56.5	10.067362	2.964620	13.031981	6.039304
56.6	9.892511	3.139470	13.031981	6.055522
56.7	9.445396	3.586587	13.031983	6.078860
56.8	8.959445	4.072538	13.031983	6.110410
56.9	8.539876	4.492106	13.031982	6.150442
57	8.033864	4.998117	13.031981	6.198194
57.1	7.424044	5.607939	13.031984	6.252156
57.2	7.164804	5.867183	13.031987	6.310693
57.3	7.808254	5.223732	13.031986	6.372539
57.4	9.143061	3.888917	13.031978	6.436682
57.5	10.002627	3.029344	13.031971	6.501582
57.6	9.425356	3.606619	13.031975	6.564304
57.7	7.967641	5.064346	13.031988	6.620422
57.8	7.343190	5.688804	13.031994	6.665199
57.9	8.456768	4.575218	13.031986	6.695686
58	10.235131	2.796841	13.031973	6.712655
58.1	10.856692	2.175276	13.031968	6.721173
58.2	9.702920	3.329055	13.031975	6.729193
58.3	7.755430	5.276554	13.031984	6.744641
58.4	6.428926	6.603062	13.031988	6.772389
58.5	6.400931	6.631054	13.031986	6.812657
58.6	7.347068	5.684911	13.031979	6.861374
58.7	8.312603	4.719369	13.031973	6.911468
58.8	8.360334	4.671637	13.031972	6.953897
58.9	7.404151	5.627828	13.031979	6.978647
59	6.577817	6.454173	13.031990	6.976600
59.1	7.278666	5.753324	13.031990	6.942560
59.2	9.373842	3.658134	13.031975	6.878502
59.3	10.748343	2.283620	13.031963	6.795250
59.4	9.751859	3.280111	13.031971	6.710855
59.5	7.490033	5.541956	13.031989	6.645550
59.6	6.563061	6.468935	13.031997	6.615482
59.7	8.060501	4.971484	13.031986	6.628182
59.8	10.425095	2.606873	13.031968	6.681083
59.9	11.121511	1.910450	13.031962	6.762342
60	9.210289	3.821683	13.031972	6.853148
60.1	6.270773	6.761216	13.031989	6.931430
60.2	4.786447	8.245548	13.031996	6.976463
60.3	5.744388	7.287599	13.031987	6.973379
60.4	7.909881	5.122092	13.031973	6.916557
60.5	9.285902	3.746067	13.031968	6.810917
60.6	9.056973	3.975001	13.031975	6.670485
60.7	8.066683	4.965302	13.031984	6.514430
60.8	7.693706	5.338282	13.031988	6.361719
60.9	8.434552	4.597431	13.031982	6.225992
61	9.413523	3.618451	13.031974	6.112444
61.1	9.437567	3.594407	13.031975	6.018245
61.2	8.576652	4.455332	13.031984	5.936249
61.3	8.062000	4.969988	13.031988	5.859610
61.4	8.460637	4.571346	13.031983	5.784670
61.5	9.091996	3.939981	13.031977	5.711048
61.6	9.211392	3.820584	13.031977	5.639676
61.7	8.705196	4.326783	13.031979	5.570545
61.8	7.945966	5.086016	13.031982	5.501750
61.9	7.459017	5.572967	13.031984	5.430135
62	7.569443	5.462540	13.031983	5.352402
62.1	8.134813	4.897167	13.031980	5.265648
62.2	8.679496	4.352482	13.031978	5.167551
62.3	8.867756	4.164224	13.031979	5.056825
62.4	8.769009	4.262972	13.031982	4.933975
62.5	8.675012	4.356972	13.031984	4.801895
62.6	8.825143	4.206842	13.031985	4.665742
62.7	9.244042	3.787941	13.031982	4.531818
62.8	9.540732	3.491245	13.031977	4.405820
62.9	9.034963	3.997012	13.031975	4.291292
63	7.614559	5.417422	13.031981	4.189248
63.1	6.252776	6.779214	13.031989	4.099300
63.2	6.245928	6.786064	13.031992	4.021226
63.3	7.926021	5.105963	13.031984	3.955190
63.4	10.136840	2.895132	13.031972	3.900355
63.5	11.049445	1.982521	13.031966	3.853597
63.6	9.812463	3.219510	13.031974	3.809795
63.7	7.482674	5.549314	13.031987	3.763577
63.8	6.057332	6.974662	13.031994	3.711323
63.9	6.560384	6.471605	13.031989	3.652264
64	8.234331	4.797647	13.031978	3.588268
64.1	9.497505	3.534467	13.031972	3.522666
64.2	9.527337	3.504639	13.031976	3.458829
64.3	8.877969	4.154015	13.031984	3.399078
64.4	8.624200	4.407786	13.031986	3.344262
64.5	9.081160	3.950821	13.031981	3.294043
64.6	9.519131	3.512844	13.031976	3.247572
64.7	9.108438	3.923538	13.031976	3.203991
64.8	7.946035	5.085948	13.031983	3.162451
64.9	7.036015	5.995974	13.031989	3.121766
65	7.217675	5.814311	13.031987	3.080011
65.1	8.250928	4.781051	13.031980	3.034422
65.2	9.160373	3.871602	13.031976	2.982007
65.3	9.341184	3.690794	13.031978	2.920918
65.4	9.102939	3.929045	13.031984	2.851848
65.5	9.202936	3.829051	13.031987	2.778409
65.6	9.987429	3.044555	13.031984	2.705982
65.7	10.892016	2.139960	13.031976	2.639485
65.8	10.888821	2.143153	13.031974	2.581275
65.9	9.682635	3.349345	13.031980	2.530439
66	8.180760	4.851228	13.031988	2.483898
66.1	7.567956	5.464033	13.031990	2.438512
66.2	8.167568	4.864416	13.031984	2.392759
66.3	9.239443	3.792534	13.031977	2.347073
66.4	9.660262	3.371711	13.031973	2.303049
66.5	8.927495	4.104483	13.031978	2.262493
66.6	7.760676	5.271312	13.031988	2.227018
66.7	7.558851	5.473142	13.031993	2.198013
66.8	8.960583	4.071404	13.031987	2.176248
66.9	11.022175	2.009800	13.031975	2.161008
67	12.025207	1.006762	13.031969	2.149698
67.1	11.080478	1.951496	13.031974	2.138919
67.2	8.894963	4.137022	13.031985	2.126696
67.3	7.028223	6.003769	13.031992	2.114127
67.4	6.546576	6.485415	13.031990	2.105053
67.5	7.366820	5.665164	13.031984	2.103985
67.6	8.631929	4.400050	13.031979	2.113759
67.7	9.555560	3.476418	13.031978	2.134242
67.8	9.984198	3.047783	13.031981	2.162501
67.9	10.277052	2.754932	13.031984	2.194021
68	10.660991	2.370991	13.031982	2.224275
68.1	10.784070	2.247910	13.031979	2.250190
68.2	10.256824	2.775158	13.031982	2.271170
68.3	9.409380	3.622606	13.031987	2.289243
68.4	8.935356	4.096631	13.031987	2.308008
68.5	9.006083	4.025900	13.031983	2.330801
68.6	9.219964	3.812017	13.031981	2.359006
68.7	9.299408	3.732573	13.031981	2.391263
68.8	9.384261	3.647722	13.031983	2.423716
68.9	9.596787	3.435194	13.031981	2.451148
69	9.662605	3.369373	13.031979	2.468564
69.1	9.205608	3.826371	13.031980	2.472590
69.2	8.318798	4.713186	13.031984	2.462121
69.3	7.613193	5.418795	13.031988	2.438057
69.4	7.658288	5.373700	13.031988	2.402480
69.5	8.473431	4.558553	13.031984	2.357920
69.6	9.575983	3.455997	13.031981	2.307090
69.7	10.415447	2.616532	13.031979	2.252973
69.8	10.683798	2.348181	13.031979	2.198807
69.9	10.398040	2.633942	13.031982	2.147696
70	9.944180	3.087807	13.031986	2.101912
70.1	9.840734	3.191254	13.031988	2.062349
70.2	10.227862	2.804124	13.031985	2.028683
70.3	10.787124	2.244859	13.031983	2.000252
70.4	11.180419	1.851563	13.031982	1.976904
70.5	11.267140	1.764842	13.031981	1.958798
70.6	10.947608	2.084372	13.031980	1.945079
70.7	10.173903	2.858079	13.031982	1.932785
70.8	9.189736	3.842249	13.031985	1.917583
70.9	8.505277	4.526711	13.031988	1.896301
71	8.537174	4.494813	13.031987	1.869348
71.1	9.252753	3.779231	13.031984	1.841009
71.2	10.118472	2.913508	13.031980	1.817027
71.3	10.506141	2.525838	13.031979	1.800776
71.4	10.259538	2.772444	13.031982	1.790714
71.5	9.795481	3.236505	13.031986	1.781135
71.6	9.622434	3.409553	13.031987	1.765806
71.7	9.872225	3.159760	13.031985	1.741876
71.8	10.285487	2.746496	13.031982	1.711436
71.9	10.523634	2.508348	13.031982	1.679787
72	10.479379	2.552604	13.031983	1.651726
72.1	10.301397	2.730587	13.031984	1.628370
72.2	10.134812	2.897172	13.031984	1.606288
72.3	9.998590	3.033394	13.031985	1.579016
72.4	9.976879	3.055107	13.031986	1.539919
72.5	10.218687	2.813297	13.031984	1.485193
72.6	10.546002	2.485978	13.031980	1.416055
72.7	10.323211	2.708765	13.031976	1.339400
72.8	9.067232	3.964746	13.031978	1.266617
72.9	7.272637	5.759351	13.031988	1.210703
73	6.338805	6.693190	13.031995	1.182357
73.1	7.277508	5.754483	13.031991	1.186145
73.2	9.450403	3.581575	13.031978	1.218143
73.3	11.009497	2.022474	13.031970	1.266296
73.4	10.831771	2.200204	13.031975	1.313818
73.5	9.612570	3.419416	13.031986	1.344476
73.6	8.801049	4.230941	13.031989	1.347798
73.7	8.951693	4.080291	13.031985	1.322418
73.8	9.471097	3.560882	13.031979	1.276506
73.9	9.562049	3.469929	13.031978	1.225024
74	9.064728	3.967253	13.031981	1.184589
74.1	8.490915	4.541070	13.031985	1.168151
74.2	8.443283	4.588703	13.031986	1.182260
74.3	9.020704	4.011279	13.031983	1.227656
74.4	9.744100	3.287880	13.031980	1.300936
74.5	10.087251	2.944729	13.031980	1.395603
74.6	10.046965	2.985018	13.031984	1.503106
74.7	10.046611	2.985374	13.031985	1.614365
74.8	10.251338	2.780644	13.031982	1.721090
74.9	10.269208	2.762770	13.031979	1.816474
75	9.712606	3.319373	13.031980	1.895641
75.1	8.748856	4.283127	13.031983	1.956231
75.2	8.000327	5.031660	13.031987	1.999237
75.3	8.078983	4.953005	13.031988	2.029747
75.4	9.086966	3.945018	13.031984	2.056904
75.5	10.401103	2.630875	13.031978	2.092283
75.6	11.110035	1.921941	13.031975	2.146563
75.7	10.714988	2.316988	13.031977	2.225778
75.8	9.458857	3.573125	13.031982	2.329453
75.9	8.227707	4.804282	13.031988	2.451536
76	7.925167	5.106821	13.031989	2.582477
76.1	8.625523	4.406459	13.031982	2.711078
76.2	9.471709	3.560267	13.031975	2.826422
76.3	9.519943	3.512032	13.031974	2.920264
76.4	8.654387	4.377593	13.031980	2.989492
76.5	7.693600	5.338387	13.031987	3.037748
76.6	7.625639	5.406351	13.031989	3.075253
76.7	8.756942	4.275044	13.031986	3.116168
76.8	10.486052	2.545927	13.031979	3.173793
76.9	11.668702	1.363271	13.031973	3.255515
77	11.362149	1.669825	13.031974	3.360488
77.1	9.720573	3.311410	13.031983	3.481381
77.2	8.096033	4.935959	13.031992	3.608285
77.3	7.795290	5.236702	13.031992	3.732090
77.4	8.801460	4.230523	13.031983	3.846441
77.5	9.991828	3.040149	13.031977	3.948583
77.6	10.430564	2.601414	13.031978	4.039408
77.7	10.172500	2.859483	13.031983	4.122786
77.8	9.890622	3.141365	13.031986	4.204338
77.9	9.967680	3.064304	13.031984	4.290049
78	10.123669	2.908313	13.031982	4.385101
78.1	9.974685	3.057298	13.031983	4.493006
78.2	9.672738	3.359248	13.031986	4.614968
78.3	9.696294	3.335693	13.031986	4.749597
78.4	10.140318	2.891664	13.031982	4.893221
78.5	10.475560	2.556418	13.031978	5.040568
78.6	10.106559	2.925419	13.031978	5.185488
78.7	9.102293	3.929690	13.031983	5.321701
78.8	8.186982	4.845006	13.031988	5.443943
78.9	7.964085	5.067902	13.031987	5.549696
79	8.375624	4.656360	13.031985	5.640987
79.1	9.024476	4.007508	13.031984	5.724910
79.2	9.735680	3.296305	13.031984	5.811508
79.3	10.506529	2.525453	13.031982	5.909429
79.4	11.054264	1.977714	13.031978	6.021950
79.5	10.829293	2.202683	13.031977	6.145687
79.6	9.656562	3.375419	13.031981	6.272051
79.7	8.193939	4.838049	13.031988	6.390108
79.8	7.496475	5.535515	13.031990	6.489448
79.9	7.978732	5.053253	13.031985	6.562257
80	8.908683	4.123294	13.031977	6.604385
80.1	9.132434	3.899541	13.031974	6.615647
80.2	8.314158	4.717823	13.031981	6.599741
80.3	7.283553	5.748435	13.031988	6.564037
80.4	7.098896	5.933094	13.031990	6.519007
80.5	8.005461	5.026526	13.031986	6.476506
80.6	9.426193	3.605789	13.031982	6.446494
80.7	10.649406	2.382573	13.031979	6.433375
80.8	11.258145	1.773834	13.031979	6.434159
80.9	11.116377	1.915603	13.031980	6.439422
81	10.380825	2.651159	13.031984	6.436283
81.1	9.589424	3.442564	13.031989	6.412094
81.2	9.367993	3.663996	13.031989	6.357485
81.3	9.766152	3.265831	13.031984	6.267794
81.4	10.114789	2.917190	13.031979	6.142922
81.5	9.846873	3.185108	13.031980	5.986656
81.6	9.228143	3.803843	13.031986	5.806096
81.7	9.033938	3.998049	13.031988	5.611101
81.8	9.620257	3.411727	13.031984	5.413607
81.9	10.455728	2.576250	13.031977	5.226684
82	10.598755	2.433220	13.031975	5.063091
82.1	9.628353	3.403626	13.031979	4.933326
82.2	8.121860	4.910127	13.031987	4.843311
82.3	7.250105	5.781887	13.031992	4.792401
82.4	7.773229	5.258759	13.031989	4.773219
82.5	9.231070	3.800909	13.031979	4.774127
82.6	10.209064	2.822907	13.031971	4.782237
82.7	9.624624	3.407349	13.031973	4.784900
82.8	7.815977	5.216006	13.031983	4.770979
82.9	6.283368	6.748623	13.031991	4.733481
83	6.276049	6.755942	13.031991	4.672298
83.1	7.662776	5.369206	13.031983	4.594394
83.2	9.239891	3.792085	13.031977	4.510218
83.3	10.044323	2.987655	13.031978	4.427891
83.4	10.148996	2.882987	13.031983	4.348603
83.5	10.180911	2.851074	13.031985	4.266669
83.6	10.394041	2.637941	13.031982	4.175353
83.7	10.411134	2.620844	13.031978	4.074277
83.8	9.832108	3.199872	13.031980	3.971686
83.9	8.929501	4.102484	13.031984	3.880347
84	8.472809	4.559178	13.031987	3.810995
84.1	8.828066	4.203918	13.031984	3.767234
84.2	9.511179	3.520800	13.031979	3.744144
84.3	9.808733	3.223247	13.031980	3.731074
84.4	9.672277	3.359709	13.031986	3.717089
84.5	9.720107	3.311882	13.031989	3.696069
84.6	10.252545	2.779439	13.031984	3.669029
84.7	10.654329	2.377649	13.031978	3.643539
84.8	10.196179	2.835799	13.031978	3.631651
84.9	8.995554	4.036429	13.031983	3.647100
85	7.932994	5.098994	13.031988	3.701604
85.1	7.844804	5.187185	13.031989	3.800607
85.2	8.816603	4.215381	13.031984	3.940058
85.3	10.111410	2.920567	13.031977	4.106458
85.4	10.769799	2.262176	13.031976	4.281311
85.5	10.412666	2.619314	13.031980	4.448424
85.6	9.575551	3.456437	13.031988	4.600059
85.7	9.270149	3.761843	13.031992	4.737863
85.8	10.065307	2.966681	13.031988	4.868159
85.9	11.352091	1.679886	13.031977	4.995779
86	11.661488	1.370482	13.031970	5.120661
86.1	10.155327	2.876648	13.031975	5.237931
86.2	7.723052	5.308936	13.031988	5.340240
86.3	6.282301	6.749694	13.031995	5.420935
86.4	6.966335	6.065655	13.031990	5.477065
86.5	9.015694	4.016283	13.031977	5.511550
86.6	10.539052	2.492919	13.031970	5.534142
86.7	10.478118	2.553859	13.031977	5.560773
86.8	9.610176	3.421812	13.031989	5.610650
86.9	9.408748	3.623244	13.031991	5.700451
87	10.224727	2.807256	13.031983	5.836743
87.1	10.954272	2.077702	13.031973	6.010632
87.2	10.376232	2.655741	13.031973	6.198441
87.3	8.576626	4.455356	13.031982	6.368216
87.4	6.957109	6.074882	13.031991	6.488800
87.5	6.861293	6.170698	13.031990	6.538116
87.6	8.270649	4.761333	13.031981	6.508328
87.7	9.865903	3.166070	13.031972	6.406718
87.8	10.324356	2.707616	13.031972	6.252313
87.9	9.506285	3.525694	13.031979	6.069637
88	8.373656	4.658330	13.031987	5.882050
88.1	7.930058	5.101931	13.031988	5.707058
88.2	8.381774	4.650211	13.031985	5.554182
88.3	9.221873	3.810108	13.031981	5.424686
88.4	9.875593	3.156386	13.031979	5.313033
88.5	10.114602	2.917377	13.031979	5.210067
88.6	9.936028	3.095950	13.031978	5.106087
88.7	9.300931	3.731047	13.031978	4.991318
88.8	8.289829	4.742153	13.031982	4.854050
88.9	7.471491	5.560496	13.031988	4.679582
89	7.661118	5.370871	13.031989	4.453310
89.1	8.993947	4.038036	13.031982	4.168573
89.2	10.451612	2.580362	13.031974	3.834597
89.3	10.723846	2.308126	13.031973	3.477161
89.4	9.639049	3.392933	13.031982	3.130432
89.5	8.491062	4.540930	13.031992	2.825604
89.6	8.633199	4.398791	13.031990	2.582747
89.7	9.823960	3.208018	13.031978	2.407945
89.8	10.474224	2.557746	13.031970	2.293196
89.9	9.562416	3.469558	13.031975	2.217250
90	7.820722	5.211265	13.031986	2.149828
90.1	6.892119	6.139872	13.031992	2.060294
90.2	7.557962	5.474025	13.031987	1.927534
90.3	9.040166	3.991812	13.031978	1.747298
90.4	10.013384	3.018591	13.031975	1.535159
90.5	10.000864	3.031115	13.031979	1.324037
90.6	9.581834	3.450150	13.031984	1.154229
90.7	9.430115	3.601869	13.031984	1.053473
90.8	9.516831	3.515150	13.031981	1.017192
90.9	9.361888	3.670092	13.031980	1.014738
91	8.860293	4.171690	13.031984	1.016560
91.1	8.568588	4.463400	13.031988	1.010144
91.2	9.051456	3.980531	13.031986	0.999208
91.3	10.083384	2.948596	13.031980	0.996448
91.4	10.746631	2.285345	13.031976	1.015516
91.5	10.380855	2.651123	13.031978	1.065095
91.6	9.260448	3.771537	13.031985	1.147352
91.7	8.258869	4.773120	13.031989	1.259758
91.8	7.983640	5.048349	13.031988	1.396839
91.9	8.357494	4.674491	13.031985	1.550609
92	8.937226	4.094757	13.031983	1.710999
92.1	9.409548	3.622435	13.031983	1.867256
92.2	9.738499	3.293485	13.031984	2.009897
92.3	10.019097	3.012888	13.031985	2.132399
92.4	10.347575	2.684411	13.031986	2.232156
92.5	10.751510	2.280475	13.031985	2.310723
92.6	11.061756	1.970227	13.031983	2.373602
92.7	10.969518	2.062464	13.031983	2.429747
92.8	10.401733	2.630252	13.031985	2.490477
92.9	9.724035	3.307953	13.031988	2.566943
93	9.444627	3.587361	13.031989	2.665816
93.1	9.702707	3.329278	13.031985	2.784938
93.2	10.066545	2.965436	13.031980	2.911975
93.3	9.926526	3.105454	13.031979	3.027498
93.4	9.189349	3.842635	13.031984	3.110958
93.5	8.530387	4.501603	13.031990	3.146896
93.6	8.788183	4.243807	13.031990	3.129409
93.7	10.021230	3.010754	13.031984	3.063965
93.8	11.269626	1.762351	13.031976	2.966264
93.9	11.451557	1.580419	13.031976	2.858165
94	10.457946	2.574036	13.031982	2.761351
94.1	9.199575	3.832414	13.031989	2.690910
94.2	8.698843	4.333148	13.031992	2.652243
94.3	9.290849	3.741139	13.031989	2.643066
94.4	10.548163	2.483821	13.031983	2.657787
94.5	11.659221	1.372757	13.031978	2.689699
94.6	11.861415	1.170560	13.031976	2.730129
94.7	10.858432	2.173546	13.031978	2.767617
94.8	9.083460	3.948525	13.031984	2.789880
94.9	7.493507	5.538483	13.031990	2.788178
95	6.949510	6.082482	13.031992	2.761675
95.1	7.703917	5.328072	13.031989	2.719543
95.2	9.318879	3.713104	13.031983	2.679574
95.3	10.932160	2.099819	13.031978	2.662872
95.4	11.744772	1.287205	13.031977	2.685717
95.5	11.503583	1.528397	13.031980	2.752623
95.6	10.600155	2.431830	13.031985	2.855828
95.7	9.701708	3.330280	13.031988	2.982030
95.8	9.277898	3.754090	13.031988	3.120791
95.9	9.378377	3.653609	13.031986	3.268228
96	9.736652	3.295331	13.031983	3.424691
96.1	10.074061	2.957921	13.031982	3.589939
96.2	10.336928	2.695056	13.031983	3.760007
96.3	10.634649	2.397335	13.031984	3.927501
96.4	10.976251	2.055732	13.031983	4.084330
96.5	11.174674	1.857310	13.031983	4.224861
96.6	11.099825	1.932160	13.031986	4.347933
96.7	10.968460	2.063529	13.031989	4.457216
96.8	11.167594	1.864394	13.031988	4.560106
96.9	11.667068	1.364915	13.031983	4.665712
97	11.827167	1.204811	13.031978	4.782523
97.1	11.087855	1.944124	13.031979	4.916266
97.2	9.790370	3.241617	13.031987	5.068429
97.3	9.018262	4.013729	13.031992	5.235744
97.4	9.489398	3.542590	13.031988	5.410559
97.5	10.708236	2.323743	13.031979	5.581708
97.6	11.379831	1.652142	13.031974	5.735857
97.7	10.752914	2.279064	13.031978	5.859691
97.8	9.485090	3.546898	13.031988	5.942843
97.9	8.995341	4.036651	13.031993	5.980726
98	9.836409	3.195575	13.031985	5.976168
98.1	10.861688	2.170285	13.031973	5.939237
98.2	10.430555	2.601417	13.031972	5.885125
98.3	8.458069	4.573915	13.031984	5.830489
98.4	6.722919	6.309076	13.031995	5.789086
98.5	6.880161	6.151832	13.031993	5.767923
98.6	8.555967	4.476013	13.031979	5.765369
98.7	9.882541	3.149431	13.031972	5.772302
98.8	9.812055	3.219925	13.031979	5.775815
98.9	9.231653	3.800336	13.031989	5.763664
99	9.477956	3.554033	13.031989	5.727742
99.1	10.568233	2.463749	13.031982	5.665784
99.2	11.459636	1.572341	13.031977	5.581160
99.3	11.392447	1.639532	13.031979	5.481091
99.4	10.619988	2.411998	13.031986	5.374023
99.5	10.014596	3.017394	13.031990	5.267166
99.6	10.137767	2.894220	13.031988	5.165138
99.7	10.742929	2.289054	13.031983	5.070012
99.8	11.124883	1.907096	13.031980	4.982194
99.9	10.871962	2.160020	13.031982	4.901321
100	10.232130	2.799855	13.031986	4.826768
100.1	9.784743	3.247245	13.031988	4.757794
100.2	9.931028	3.100960	13.031988	4.693485
100.3	10.638996	2.392988	13.031984	4.632691
100.4	11.339473	1.692506	13.031979	4.574079
100.5	11.208612	1.823364	13.031976	4.516362
100.6	10.007468	3.024514	13.031982	4.458624
100.7	8.563170	4.468820	13.031990	4.400536
100.8	8.025488	5.006503	13.031991	4.342242
100.9	8.660798	4.371187	13.031986	4.283938
101	9.672564	3.359416	13.031980	4.225536
101.1	10.203890	2.828090	13.031980	4.167105
101.2	10.222130	2.809854	13.031984	4.110267
101.3	10.277265	2.754721	13.031985	4.059395
101.4	10.591395	2.440587	13.031982	4.020589
101.5	10.731662	2.300317	13.031979	3.998102
101.6	10.246919	2.785062	13.031981	3.990731
101.7	9.358035	3.673952	13.031987	3.990716
101.8	8.826014	4.205977	13.031991	3.985577
101.9	9.185166	3.846823	13.031989	3.961918
102	10.200367	2.831616	13.031983	3.909751
102.1	11.047798	1.984179	13.031977	3.825798
102.2	10.993007	2.038969	13.031977	3.714511
102.3	10.010549	3.021432	13.031981	3.586321
102.4	8.834647	4.197341	13.031987	3.453817
102.5	8.327163	4.704826	13.031989	3.327810
102.6	8.717358	4.314628	13.031986	3.215619
102.7	9.519519	3.512464	13.031982	3.122500
102.8	10.182457	2.849525	13.031982	3.054401
102.9	10.608252	2.423732	13.031984	3.018497
103	10.941700	2.090283	13.031984	3.019598
103.1	11.100524	1.931457	13.031982	3.054729
103.2	10.786244	2.245737	13.031981	3.110535
103.3	9.940502	3.091482	13.031984	3.166068
103.4	9.023167	4.008821	13.031988	3.199317
103.5	8.725751	4.306239	13.031990	3.193956
103.6	9.343271	3.688715	13.031986	3.143758
103.7	10.387185	2.644795	13.031979	3.053695
103.8	10.890048	2.141927	13.031975	2.937790
103.9	10.280760	2.751218	13.031978	2.814468
104	9.017436	4.014550	13.031986	2.701060
104.1	8.203245	4.828746	13.031991	2.609907
104.2	8.538208	4.493781	13.031990	2.547768
104.3	9.771480	3.260504	13.031984	2.517236
104.4	11.059946	1.972033	13.031979	2.516737
104.5	11.613546	1.418430	13.031976	2.538349
104.6	11.103708	1.928270	13.031978	2.567024
104.7	9.786590	3.245393	13.031983	2.583958
104.8	8.361771	4.670217	13.031988	2.572679
104.9	7.619226	5.412765	13.031991	2.524474
105	8.010537	5.021453	13.031990	2.440978
105.1	9.331575	3.700410	13.031985	2.333209
105.2	10.806261	2.225718	13.031980	2.217262
105.3	11.627551	1.404427	13.031978	2.107628
105.4	11.470575	1.561405	13.031980	2.011009
105.5	10.541223	2.490760	13.031983	1.925275
105.6	9.387795	3.644192	13.031988	1.845515
105.7	8.726447	4.305544	13.031991	1.771632
105.8	9.022165	4.009823	13.031988	1.710454
105.9	10.005669	3.026313	13.031982	1.672171
106	10.825459	2.206519	13.031978	1.665256
106.1	10.856540	2.175440	13.031980	1.693331
106.2	10.325136	2.706850	13.031986	1.754967
106.3	10.017472	3.014517	13.031989	1.845101
106.4	10.319426	2.712559	13.031985	1.956328
106.5	10.694829	2.337150	13.031979	2.079665
106.6	10.318275	2.713703	13.031978	2.205557
106.7	9.148094	3.883891	13.031985	2.325606
106.8	8.165614	4.866378	13.031993	2.434612
106.9	8.453504	4.578488	13.031992	2.531912
107	9.991035	3.040947	13.031983	2.621478
107.1	11.429571	1.602400	13.031972	2.711029
107.2	11.292938	1.739033	13.031970	2.810530
107.3	9.494547	3.537434	13.031981	2.929869
107.4	7.545988	5.486004	13.031992	3.075526
107.5	7.117791	5.914202	13.031993	3.247317
107.6	8.349193	4.682790	13.031983	3.437359
107.7	9.757482	3.274491	13.031973	3.632665
107.8	9.964203	3.067773	13.031976	3.820519
107.9	9.217503	3.814482	13.031985	3.993901
108	8.848035	4.183954	13.031989	4.153958
108.1	9.426592	3.605390	13.031982	4.308422
108.2	10.087112	2.944863	13.031974	4.467591
108.3	9.723630	3.308344	13.031974	4.640596
108.4	8.392894	4.639089	13.031983	4.833451
108.5	7.350636	5.681355	13.031991	5.048690
108.6	7.774500	5.257490	13.031990	5.285757
108.7	9.533442	3.498539	13.031981	5.541608
108.8	11.221970	1.810002	13.031972	5.811492
108.9	11.519997	1.511977	13.031974	6.090049
109	10.523016	2.508968	13.031984	6.372721
109.1	9.505366	3.526625	13.031991	6.657277
109.2	9.454298	3.577691	13.031989	6.944385
109.3	10.123866	2.908115	13.031981	7.235342
109.4	10.485747	2.546229	13.031976	7.527344
109.5	9.874112	3.157866	13.031977	7.810501
109.6	8.606005	4.425978	13.031983	8.069502
109.7	7.606484	5.425503	13.031988	8.288605
109.8	7.564556	5.467432	13.031987	8.457173
109.9	8.425262	4.606721	13.031983	8.573579
110	9.527704	3.504274	13.031978	8.646259
110.1	10.147131	2.884846	13.031977	8.691676
110.2	10.052306	2.979675	13.031981	8.729862
110.3	9.708030	3.323957	13.031987	8.778823
110.4	9.832398	3.199590	13.031988	8.849073
110.5	10.554223	2.477760	13.031983	8.939639
110.6	11.155284	1.876693	13.031977	9.037695
110.7	10.830366	2.201610	13.031976	9.122735
110.8	9.479181	3.552798	13.031980	9.172931
110.9	7.833739	5.198248	13.031987	9.171222
111	7.002782	6.029210	13.031991	9.109932
111.1	7.636124	5.395864	13.031988	8.992851
111.2	9.311260	3.720720	13.031980	8.834009
111.3	10.774971	2.257002	13.031973	8.653380
111.4	10.916039	2.115934	13.031973	8.470924
111.5	9.675500	3.356481	13.031981	8.301287
111.6	8.143882	4.888109	13.031991	8.151448
111.7	7.706931	5.325063	13.031995	8.022072
111.8	8.868150	4.163838	13.031988	7.910734
111.9	10.749670	2.282308	13.031978	7.814010
112	11.791847	1.240125	13.031971	7.727692
112.1	11.090230	1.941745	13.031975	7.646610
112.2	9.186841	3.845144	13.031985	7.565232
112.3	7.637271	5.394723	13.031994	7.478963
112.4	7.710330	5.321663	13.031993	7.385451
112.5	9.328630	3.703355	13.031985	7.285190
112.6	11.225936	1.806041	13.031977	7.181091
112.7	12.139873	0.892103	13.031976	7.077271
112.8	11.807808	1.224173	13.031981	6.977823
112.9	10.876235	2.155752	13.031987	6.886393
113	10.093677	2.938311	13.031988	6.806625
113.1	9.692562	3.339424	13.031986	6.742390
113.2	9.438210	3.593774	13.031984	6.696623
113.3	9.153020	3.878965	13.031985	6.669301
113.4	9.051066	3.980921	13.031987	6.656427
113.5	9.484648	3.547340	13.031987	6.651189
113.6	10.454954	2.577030	13.031985	6.646727
113.7	11.507728	1.524254	13.031981	6.638936
113.8	12.111178	0.920803	13.031981	6.627970
113.9	12.046523	0.985460	13.031983	6.618068
114	11.464204	1.567781	13.031985	6.616115
114.1	10.758791	2.273198	13.031988	6.629500
114.2	10.421355	2.610634	13.031990	6.663651
114.3	10.699339	2.332648	13.031987	6.719694
114.4	11.216007	1.815973	13.031980	6.793013
114.5	11.155212	1.876764	13.031977	6.873488
114.6	10.051844	2.980136	13.031980	6.947597
114.7	8.366934	4.665053	13.031987	7.001783
114.8	7.178975	5.853017	13.031992	7.025943
114.9	7.263308	5.768684	13.031991	7.015911
115	8.457732	4.574254	13.031986	6.974189
115.1	9.917413	3.114568	13.031981	6.908896
115.2	10.898210	2.133769	13.031979	6.831544
115.3	11.160476	1.871503	13.031979	6.754533
115.4	10.778990	2.252989	13.031980	6.689071
115.5	9.925687	3.106294	13.031981	6.643618
115.6	8.907510	4.124475	13.031985	6.622719
115.7	8.219827	4.812161	13.031988	6.626464
115.8	8.339487	4.692502	13.031989	6.650990
115.9	9.342407	3.689579	13.031986	6.689932
116	10.716190	2.315790	13.031980	6.736197
116.1	11.605053	1.426923	13.031976	6.783323
116.2	11.410921	1.621057	13.031978	6.826145
116.3	10.338727	2.693256	13.031984	6.860976
116.4	9.309710	3.722279	13.031989	6.885765
116.5	9.140494	3.891494	13.031988	6.900507
116.6	9.749812	3.282170	13.031982	6.907716
116.7	10.298790	2.733188	13.031978	6.912316
116.8	10.157650	2.874330	13.031980	6.920337
116.9	9.548533	3.483451	13.031984	6.936627
117	9.119194	3.912792	13.031986	6.962679
117.1	9.108132	3.923851	13.031983	6.995754
117.2	9.187116	3.844865	13.031981	7.029665
117.3	9.013063	4.018919	13.031982	7.056816
117.4	8.729277	4.302709	13.031986	7.070641
117.5	8.901774	4.130215	13.031989	7.067592
117.6	9.933976	3.098011	13.031987	7.048144
117.7	11.412314	1.619664	13.031978	7.016653
117.8	12.112712	0.919260	13.031972	6.980278
117.9	11.183533	1.848444	13.031977	6.947448
118	9.452710	3.579280	13.031990	6.926229
118.1	8.797945	4.234050	13.031995	6.922435
118.2	9.907488	3.124497	13.031985	6.937116
118.3	11.381832	1.650140	13.031972	6.964324
118.4	11.431775	1.600196	13.031971	6.991300
118.5	9.924608	3.107374	13.031982	7.001975
118.6	8.368057	4.663935	13.031992	6.982333
118.7	8.168236	4.863755	13.031992	6.925271
118.8	9.329709	3.702275	13.031984	6.833101
118.9	10.719447	2.312529	13.031976	6.716997
119	11.166543	1.865432	13.031975	6.593787
119.1	10.476449	2.555533	13.031982	6.481213
119.2	9.624763	3.407227	13.031990	6.392954
119.3	9.713366	3.318624	13.031990	6.334751
119.4	10.749007	2.282976	13.031983	6.303042
119.5	11.668536	1.363440	13.031976	6.286561
119.6	11.458515	1.573460	13.031975	6.269815
119.7	10.092349	2.939633	13.031981	6.237030
119.8	8.542467	4.489522	13.031989	6.175697
119.9	8.030125	5.001867	13.031992	6.079165
120	8.945952	4.086034	13.031985	5.947816
120.1	10.311105	2.720871	13.031975	5.788581
120.2	10.687289	2.344685	13.031973	5.612867
120.3	9.769534	3.262448	13.031982	5.433464
120.4	8.743146	4.288845	13.031991	5.261431
120.5	8.921443	4.110548	13.031991	5.103994
120.6	10.283500	2.748483	13.031983	4.964006
120.7	11.615718	1.416259	13.031977	4.840665
120.8	11.898985	1.132993	13.031978	4.730748
120.9	11.177377	1.854606	13.031983	4.629801
121	10.280010	2.751978	13.031988	4.533207
121.1	10.020367	3.011621	13.031988	4.437259
121.2	10.412696	2.619286	13.031982	4.340031
121.3	10.693298	2.338680	13.031978	4.241620
121.4	10.292863	2.739117	13.031980	4.143471
121.5	9.491441	3.540544	13.031984	4.046927
121.6	8.976090	4.055897	13.031987	3.951708
121.7	9.066943	3.965042	13.031985	3.855206
121.8	9.561181	3.470802	13.031983	3.753314
121.9	10.115764	2.916218	13.031982	3.642740
122	10.544563	2.487419	13.031982	3.523610
122.1	10.766296	2.265685	13.031981	3.400571
122.2	10.623656	2.408324	13.031980	3.281739
122.3	9.982674	3.049308	13.031981	3.176423
122.4	9.123889	3.908097	13.031986	3.092823
122.5	8.743057	4.288932	13.031989	3.036354
122.6	9.317613	3.714375	13.031988	3.008782
122.7	10.587979	2.444004	13.031982	3.008066
122.8	11.701837	1.330141	13.031978	3.028666
122.9	11.875996	1.155982	13.031978	3.062399
123	11.074459	1.957524	13.031983	3.100272
123.1	10.080181	2.951809	13.031990	3.135297
123.2	9.807694	3.224297	13.031991	3.164905
123.3	10.482711	2.549275	13.031987	3.190838
123.4	11.452133	1.579847	13.031980	3.216053
123.5	11.780568	1.251410	13.031977	3.240946
123.6	11.112013	1.919969	13.031981	3.261638
123.7	10.024937	3.007052	13.031989	3.271330
123.8	9.529573	3.502419	13.031992	3.263870
123.9	10.147745	2.884245	13.031989	3.237478
124	11.416689	1.615294	13.031982	3.196706
124.1	12.306498	0.725480	13.031978	3.151851
124.2	12.160544	0.871436	13.031980	3.116278
124.3	11.233176	1.798810	13.031986	3.102846
124.4	10.357984	2.674005	13.031990	3.120479
124.5	10.133600	2.898389	13.031988	3.171475
124.6	10.437891	2.594094	13.031984	3.250141
124.7	10.728720	2.303262	13.031982	3.343450
124.8	10.716978	2.315006	13.031984	3.433900
124.9	10.578199	2.453787	13.031985	3.503981
125	10.549813	2.482172	13.031985	3.541013
125.1	10.636714	2.395271	13.031985	3.540752
125.2	10.765758	2.266227	13.031985	3.508413
125.3	10.947485	2.084500	13.031985	3.456623
125.4	11.194280	1.837705	13.031985	3.400995
125.5	11.388177	1.643806	13.031983	3.355042
125.6	11.360712	1.671272	13.031984	3.326554
125.7	11.146868	1.885118	13.031986	3.316907
125.8	10.984538	2.047448	13.031986	3.323184
125.9	10.939838	2.092147	13.031984	3.341548
126	10.795385	2.236598	13.031983	3.370068
126.1	10.470060	2.561925	13.031985	3.410047
126.2	10.250414	2.781572	13.031987	3.465862
126.3	10.411605	2.620381	13.031985	3.543768
126.4	10.773203	2.258779	13.031982	3.650101
126.5	10.859704	2.172277	13.031981	3.789333
126.6	10.525740	2.506244	13.031984	3.962529
126.7	10.210960	2.821028	13.031988	4.166760
126.8	10.435169	2.596819	13.031988	4.395719
126.9	11.159705	1.872280	13.031984	4.641350
127	11.817814	1.214168	13.031982	4.895984
127.1	11.948801	1.083182	13.031983	5.154310
127.2	11.623276	1.408709	13.031985	5.414461
127.3	11.194506	1.837480	13.031986	5.677565
127.4	10.850599	2.181386	13.031985	5.945691
127.5	10.570254	2.461731	13.031984	6.219266
127.6	10.348004	2.683980	13.031985	6.495597
127.7	10.281144	2.750842	13.031985	6.769438
127.8	10.411271	2.620713	13.031984	7.035120
127.9	10.553651	2.478331	13.031982	7.288878
128	10.442787	2.589196	13.031983	7.530175
128.1	10.123184	2.908802	13.031986	7.761638
128.2	10.018152	3.013836	13.031988	7.987953
128.3	10.419238	2.612748	13.031986	8.214338
128.4	11.027774	2.004208	13.031982	8.444896
128.5	11.228178	1.803802	13.031980	8.680886
128.6	10.803458	2.228524	13.031982	8.919297
128.7	10.177509	2.854477	13.031986	9.152566
128.8	9.892009	3.139977	13.031986	9.370039
128.9	10.042933	2.989051	13.031984	9.560876
129	10.351645	2.680338	13.031983	9.717354
129.1	10.612985	2.418998	13.031983	9.837400
129.2	10.820368	2.211615	13.031983	9.925568
129.3	10.912766	2.119216	13.031982	9.992203
129.4	10.742395	2.289587	13.031983	10.051100
129.5	10.391201	2.640784	13.031986	10.116273
129.6	10.214385	2.817602	13.031987	10.198551
129.7	10.363114	2.668870	13.031984	10.302604
129.8	10.504541	2.527440	13.031981	10.425184
129.9	10.276282	2.755699	13.031982	10.555396
130	9.839261	3.192724	13.031985	10.677271
130.1	9.671221	3.360765	13.031986	10.773752
130.2	9.860055	3.171928	13.031983	10.830740
130.3	9.966479	3.065502	13.031981	10.840114
130.4	9.723121	3.308863	13.031984	10.801074
130.5	9.490496	3.541491	13.031987	10.719678
130.6	9.657163	3.374821	13.031985	10.606889
130.7	9.857797	3.174181	13.031979	10.475782
130.8	9.351529	3.680450	13.031979	10.338641
130.9	8.200729	4.831257	13.031986	10.204614
131	7.553786	5.478207	13.031994	10.078346
131.1	8.417442	4.614548	13.031991	9.959950
131.2	10.359829	2.672150	13.031980	9.846324
131.3	11.813018	1.218955	13.031973	9.733145
131.4	11.742406	1.289572	13.031978	9.616677
131.5	10.732626	2.299361	13.031988	9.494968
131.6	10.142015	2.889975	13.031991	9.368385
131.7	10.418359	2.613626	13.031984	9.239508
131.8	10.736529	2.295449	13.031978	9.112435
131.9	10.258805	2.773175	13.031980	8.991715
132	9.262312	3.769675	13.031988	8.881209
132.1	8.760664	4.271327	13.031991	8.783152
132.2	9.245032	3.786955	13.031987	8.697523
132.3	10.182375	2.849606	13.031981	8.621784
132.4	10.767987	2.263993	13.031979	8.551118
132.5	10.678561	2.353418	13.031979	8.479306
132.6	9.968809	3.063172	13.031980	8.400085
132.7	8.923393	4.108591	13.031984	8.308634
132.8	8.203564	4.828425	13.031989	8.202790
132.9	8.466494	4.565494	13.031988	8.083683
133	9.590323	3.441658	13.031981	7.955590
133.1	10.572754	2.459220	13.031974	7.825011
133.2	10.423818	2.608156	13.031974	7.699209
133.3	9.161773	3.870209	13.031982	7.584623
133.4	7.860485	5.171505	13.031990	7.485413
133.5	7.691602	5.340390	13.031991	7.402303
133.6	8.897276	4.134710	13.031986	7.331998
133.7	10.619345	2.412633	13.031978	7.267576
133.8	11.596112	1.435861	13.031973	7.200029
133.9	11.059479	1.972496	13.031975	7.120618
134	9.389318	3.642666	13.031984	7.023420
134.1	8.006511	5.025482	13.031992	6.907338
134.2	8.151464	4.880527	13.031991	6.776777
134.3	9.623142	3.408839	13.031981	6.640414
134.4	10.962281	2.069692	13.031973	6.508386
134.5	10.947592	2.084383	13.031975	6.389141
134.6	9.783112	3.248871	13.031983	6.287438
134.7	8.725997	4.305992	13.031989	6.204063
134.8	8.653594	4.378392	13.031986	6.136578
134.9	9.174001	3.857977	13.031978	6.080062
135	9.161990	3.869984	13.031974	6.027645
135.1	8.083748	4.948231	13.031978	5.971318
135.2	6.703491	6.328496	13.031987	5.903493
135.3	6.385848	6.646143	13.031991	5.819007
135.4	7.669000	5.362984	13.031985	5.716710
135.5	9.584152	3.447822	13.031974	5.599813
135.6	10.517732	2.514239	13.031971	5.474810
135.7	9.826915	3.205064	13.031979	5.349530
135.8	8.521237	4.510754	13.031990	5.231224
135.9	8.176331	4.855663	13.031993	5.125322
136	9.227116	3.804870	13.031986	5.034818
136.1	10.611686	2.420289	13.031975	4.960003
136.2	10.934646	2.097326	13.031972	4.898508
136.3	9.814908	3.217070	13.031978	4.845855
136.4	8.172172	4.859814	13.031986	4.796551
136.5	7.272993	5.758997	13.031989	4.745462
136.6	7.556158	5.475827	13.031985	4.689023
136.7	8.432739	4.599241	13.031980	4.625885
136.8	9.131191	3.900789	13.031980	4.556715
136.9	9.429233	3.602749	13.031982	4.483192
137	9.508723	3.523260	13.031983	4.406463
137.1	9.555693	3.476290	13.031983	4.325718
137.2	9.669034	3.362948	13.031983	4.237653
137.3	9.825571	3.206411	13.031981	4.137422
137.4	9.881312	3.150668	13.031981	4.020934
137.5	9.726143	3.305837	13.031981	3.887575
137.6	9.379089	3.652892	13.031981	3.742017
137.7	8.924257	4.107726	13.031983	3.594073
137.8	8.531616	4.500369	13.031986	3.456368
137.9	8.563557	4.468431	13.031988	3.340662
138	9.280248	3.751737	13.031986	3.254479
138.1	10.290604	2.741375	13.031979	3.199676
138.2	10.720340	2.311636	13.031976	3.173323
138.3	10.145798	2.886181	13.031980	3.169859
138.4	9.205176	3.826812	13.031987	3.182974
138.5	8.991787	4.040202	13.031988	3.206347
138.6	9.651622	3.380357	13.031979	3.233529
138.7	9.971163	3.060809	13.031971	3.257884
138.8	8.945393	4.086584	13.031977	3.273306
138.9	7.409196	5.622795	13.031991	3.275592
139	7.238049	5.793946	13.031995	3.263602
139.1	8.995302	4.036682	13.031984	3.239344
139.2	11.061785	1.970183	13.031968	3.206857
139.3	11.214432	1.817533	13.031965	3.170788
139.4	9.024484	4.007495	13.031979	3.135801
139.5	6.516003	6.515993	13.031996	3.107045
139.6	6.123652	6.908346	13.031998	3.090536
139.7	8.167416	4.864568	13.031984	3.092106
139.8	10.647446	2.384524	13.031969	3.115105
139.9	11.381941	1.650027	13.031967	3.158611
140	10.066621	2.965357	13.031978	3.217613
140.1	8.279062	4.752928	13.031990	3.284958
140.2	7.721560	5.310431	13.031991	3.353454
140.3	8.592181	4.439802	13.031983	3.416825
140.4	9.669075	3.362900	13.031975	3.469605
140.5	9.834867	3.197108	13.031975	3.507146
140.6	9.186234	3.845747	13.031982	3.526668
140.7	8.621431	4.410554	13.031985	3.528992
140.8	8.698948	4.333036	13.031984	3.519507
140.9	9.192584	3.839397	13.031981	3.507096
141	9.639440	3.392540	13.031980	3.501116
141.1	9.877405	3.154575	13.031980	3.507920
141.2	9.848191	3.183787	13.031978	3.528725
141.3	9.332867	3.699110	13.031977	3.559529
141.4	8.296384	4.735596	13.031980	3.592518
141.5	7.279235	5.752750	13.031986	3.618082
141.6	7.127851	5.904137	13.031988	3.627051
141.7	8.202477	4.829506	13.031983	3.613019
141.8	9.798902	3.233072	13.031974	3.574372
141.9	10.555901	2.476068	13.031969	3.515309
142	9.822663	3.209313	13.031976	3.445186
142.1	8.449157	4.582829	13.031987	3.376195
142.2	7.883945	5.148047	13.031992	3.320217
142.3	8.792540	4.239447	13.031987	3.285857
142.4	10.483448	2.548528	13.031977	3.276270
142.5	11.399142	1.632828	13.031970	3.287934
142.6	10.578315	2.453659	13.031974	3.310576
142.7	8.709889	4.322096	13.031985	3.328628
142.8	7.455106	5.576885	13.031991	3.324341
142.9	7.760309	5.271677	13.031987	3.281968
143	9.080023	3.951956	13.031979	3.191988
143.1	10.220619	2.811357	13.031976	3.054133
143.2	10.510711	2.521265	13.031977	2.878171
143.3	9.964200	3.067780	13.031980	2.681856
143.4	9.070655	3.961330	13.031986	2.486361
143.5	8.653938	4.378050	13.031988	2.310757
143.6	9.083748	3.948236	13.031984	2.168039
143.7	9.750150	3.281827	13.031977	2.063947
143.8	9.829179	3.202798	13.031976	1.996553
143.9	9.281482	3.750498	13.031980	1.954598
144	8.706976	4.325007	13.031983	1.916945
144.1	8.452172	4.579809	13.031981	1.856787
144.2	8.336452	4.695528	13.031980	1.749831
144.3	8.292381	4.739603	13.031984	1.582271
144.4	8.759519	4.272467	13.031987	1.355600
144.5	9.943044	3.088936	13.031981	1.087992
144.6	10.926418	2.105554	13.031971	0.814398
144.7	10.410674	2.621298	13.031972	0.589993
144.8	8.522940	4.509045	13.031984	0.490007
144.9	7.096813	5.935182	13.031995	0.538667
145	7.717772	5.314220	13.031992	0.662582
145.1	9.919022	3.112956	13.031978	0.806904
145.2	11.615015	1.416951	13.031967	0.961897
145.3	11.175048	1.856922	13.031970	1.134627
145.4	9.000040	4.031943	13.031984	1.333280
145.5	7.080795	5.951200	13.031995	1.561854
145.6	7.075986	5.956008	13.031994	1.819528
145.7	8.834695	4.197288	13.031983	2.101696
145.8	10.692331	2.339641	13.031972	2.401388
145.9	11.089671	1.942300	13.031971	2.710746
146	9.881077	3.150902	13.031979	3.022375
146.1	8.227373	4.804615	13.031988	3.330415
146.2	7.465098	5.566893	13.031991	3.631486
146.3	8.069900	4.962086	13.031987	3.925607
146.4	9.447735	3.584245	13.031980	4.216291
146.5	10.555305	2.476671	13.031976	4.508634
146.6	10.721018	2.310958	13.031976	4.805910
146.7	9.975318	3.056662	13.031980	5.106664
146.8	8.841958	4.190026	13.031984	5.404126
146.9	7.991940	5.040047	13.031987	5.688762
147	7.942204	5.089784	13.031988	5.953053
147.1	8.756411	4.275573	13.031984	6.196061
147.2	9.891853	3.140125	13.031978	6.425046
147.3	10.510375	2.521600	13.031975	6.652825
147.4	10.204470	2.827509	13.031979	6.892297
147.5	9.449468	3.582518	13.031985	7.151554
147.6	9.139602	3.892385	13.031987	7.431823
147.7	9.516319	3.515663	13.031982	7.727567
147.8	9.835536	3.196441	13.031977	8.027475
147.9	9.457675	3.574304	13.031979	8.316864
148	8.797556	4.234430	13.031986	8.581939
148.1	8.780346	4.251640	13.031987	8.814652
148.2	9.643301	3.388680	13.031981	9.016148
148.3	10.555452	2.476522	13.031973	9.197185
148.4	10.455073	2.576900	13.031972	9.374958
148.5	9.181810	3.850169	13.031979	9.567191
148.6	7.686506	5.345480	13.031987	9.785602
148.7	7.117821	5.914167	13.031989	10.031214
148.8	7.739545	5.292439	13.031983	10.292941
148.9	8.733181	4.298795	13.031976	10.549490
149	9.094610	3.937366	13.031976	10.774206
149.1	8.726005	4.305977	13.031982	10.942048
149.2	8.483298	4.548689	13.031986	11.036794
149.3	9.039157	3.992826	13.031982	11.056090
149.4	9.862590	3.169384	13.031974	11.012521
149.5	9.862197	3.169777	13.031973	10.930096
149.6	9.042419	3.989564	13.031982	10.836965
149.7	8.664417	4.367571	13.031988	10.756452
149.8	9.489497	3.542486	13.031982	10.699655
149.9	10.643314	2.388660	13.031974	10.663312
150	10.839875	2.192101	13.031975	10.633963
150.1	10.094675	2.937308	13.031983	10.594830
150.2	9.410526	3.621459	13.031986	10.531582
150.3	9.233134	3.798848	13.031982	10.435562
150.4	9.184616	3.847364	13.031979	10.304566
150.5	8.956837	4.075143	13.031980	10.141985
150.6	8.675791	4.356191	13.031982	9.955083
150.7	8.595079	4.436904	13.031983	9.752700
150.8	8.833084	4.198899	13.031983	9.542889
150.9	9.400142	3.631842	13.031984	9.331594
151	10.214722	2.817260	13.031982	9.122824
151.1	10.940942	2.091036	13.031979	8.919295
151.2	11.054577	1.977400	13.031977	8.722244
151.3	10.360432	2.671548	13.031980	8.530622
151.4	9.353115	3.678870	13.031986	8.341065
151.5	8.847263	4.184725	13.031988	8.149364
151.6	9.194883	3.837102	13.031985	7.952681
151.7	10.003747	3.028233	13.031980	7.750891
151.8	10.611260	2.420718	13.031978	7.545967
151.9	10.637806	2.394173	13.031979	7.340273
152	10.131326	2.900656	13.031982	7.135958
152.1	9.466408	3.565578	13.031985	6.936029
152.2	9.117330	3.914657	13.031987	6.744918
152.3	9.275690	3.756295	13.031985	6.566973
152.4	9.702229	3.329754	13.031983	6.404064
152.5	10.051818	2.980164	13.031982	6.254403
152.6	10.244984	2.786999	13.031983	6.113340
152.7	10.385090	2.646892	13.031982	5.975379
152.8	10.382622	2.649358	13.031980	5.835908
152.9	9.953509	3.078470	13.031980	5.691836
153	9.077870	3.954113	13.031983	5.541527
153.1	8.259374	4.772614	13.031988	5.384945
153.2	8.199818	4.832172	13.031990	5.224103
153.3	9.172693	3.859294	13.031987	5.062852
153.4	10.664232	2.367747	13.031980	4.905597
153.5	11.614367	1.417607	13.031974	4.755667
153.6	11.185826	1.846149	13.031975	4.613986
153.7	9.567610	3.464373	13.031983	4.478546
153.8	8.051553	4.980440	13.031992	4.345229
153.9	8.018977	5.013017	13.031994	4.209810
154	9.605238	3.426746	13.031984	4.070071
154.1	11.457961	1.574013	13.031974	3.926743
154.2	11.995269	1.036703	13.031972	3.782725
154.3	10.899227	2.132753	13.031980	3.641109
154.4	9.300099	3.731891	13.031990	3.503336
154.5	8.573957	4.458035	13.031992	3.369030
154.6	9.091634	3.940352	13.031986	3.238509
154.7	10.105931	2.926048	13.031979	3.116466
154.8	10.641721	2.390255	13.031976	3.012063
154.9	10.316628	2.715350	13.031978	2.932723
155	9.441922	3.590060	13.031982	2.876316
155.1	8.606536	4.425448	13.031985	2.829218
155.2	8.245816	4.786169	13.031986	2.772582
155.3	8.485103	4.546882	13.031985	2.692126
155.4	9.172444	3.859539	13.031983	2.584947
155.5	9.963776	3.068206	13.031982	2.459960
155.6	10.546127	2.485855	13.031982	2.332015
155.7	10.880064	2.151920	13.031984	2.212474
155.8	11.118631	1.913354	13.031985	2.101617
155.9	11.300980	1.731003	13.031983	1.988786
156	11.197522	1.834459	13.031981	1.861234
156.1	10.592181	2.439801	13.031981	1.714205
156.2	9.700899	3.331086	13.031984	1.553961
156.3	9.055915	3.976072	13.031986	1.394826
156.4	9.001072	4.030914	13.031985	1.255701
156.5	9.414743	3.617240	13.031983	1.157598
156.6	9.884004	3.147977	13.031981	1.119051
156.7	10.052876	2.979104	13.031980	1.147212
156.8	9.810745	3.221236	13.031982	1.232160
156.9	9.374954	3.657032	13.031986	1.353254
157	9.293851	3.738139	13.031989	1.491126
157.1	10.008575	3.023412	13.031987	1.634943
157.2	11.139750	1.892229	13.031979	1.782931
157.3	11.619228	1.412746	13.031975	1.938464
157.4	10.850272	2.181707	13.031978	2.104784
157.5	9.415697	3.616289	13.031986	2.281401
157.6	8.492716	4.539275	13.031991	2.463507
157.7	8.766656	4.265332	13.031988	2.643648
157.8	9.904084	3.127897	13.031981	2.814024
157.9	10.865062	2.166913	13.031975	2.968349
158	10.791905	2.240071	13.031976	3.102934
158.1	9.807677	3.224307	13.031984	3.217147
158.2	8.938771	4.093220	13.031990	3.313541
158.3	9.119952	3.912038	13.031990	3.397716
158.4	10.248996	2.782987	13.031983	3.477695
158.5	11.296373	1.735604	13.031977	3.562545
158.6	11.367569	1.664409	13.031978	3.660316
158.7	10.545247	2.486737	13.031984	3.775767
158.8	9.641945	3.390044	13.031988	3.908525
158.9	9.310769	3.721218	13.031987	4.052154
159	9.519763	3.512220	13.031983	4.194421
159.1	9.720846	3.311133	13.031979	4.318992
159.2	9.403310	3.628668	13.031979	4.408485
159.3	8.620928	4.411056	13.031983	4.448228
159.4	8.048946	4.983042	13.031988	4.429646
159.5	8.379836	4.652153	13.031988	4.352340
159.6	9.575052	3.456932	13.031983	4.224335
159.7	10.831328	2.200651	13.031979	4.060483
159.8	11.366195	1.665785	13.031980	3.879489
159.9	11.150564	1.881420	13.031985	3.700322
160	10.814356	2.217633	13.031989	3.538829
160.1	10.904449	2.127539	13.031988	3.405169
160.2	11.303856	1.728127	13.031983	3.302334
160.3	11.375809	1.656170	13.031979	3.225849
160.4	10.689348	2.342632	13.031981	3.164614
160.5	9.576312	3.455674	13.031986	3.103054
160.6	8.893392	4.138598	13.031990	3.024729
160.7	9.208422	3.823566	13.031988	2.916830
160.8	10.250047	2.781935	13.031983	2.774096
160.9	11.154672	1.877306	13.031978	2.600558
161	11.235242	1.796737	13.031979	2.408311
161.1	10.535391	2.496592	13.031983	2.213737
161.2	9.689417	3.342570	13.031987	2.032825
161.3	9.341462	3.690526	13.031988	1.877707
161.4	9.685412	3.346573	13.031985	1.755374
161.5	10.342101	2.689880	13.031980	1.667658
161.6	10.671510	2.360468	13.031978	1.611536
161.7	10.407472	2.624509	13.031981	1.580366
161.8	9.951679	3.080307	13.031986	1.566533
161.9	9.905473	3.126514	13.031987	1.564989
162	10.371468	2.660515	13.031983	1.576244
162.1	10.811523	2.220456	13.031978	1.606823
162.2	10.543403	2.488575	13.031977	1.666068
162.3	9.456430	3.575552	13.031982	1.760834
162.4	8.287843	4.744145	13.031988	1.891851
162.5	8.042627	4.989363	13.031990	2.054387
162.6	9.038620	3.993364	13.031985	2.242132
162.7	10.524249	2.507728	13.031977	2.451037
162.8	11.333335	1.698639	13.031974	2.680411
162.9	11.011344	2.020636	13.031980	2.930725
163	10.226452	2.805536	13.031988	3.199986
163.1	9.954411	3.077578	13.031989	3.481450
163.2	10.417911	2.614074	13.031985	3.764303
163.3	11.054714	1.977267	13.031981	4.036955
163.4	11.244383	1.787596	13.031979	4.291384
163.5	10.782653	2.249327	13.031980	4.526755
163.6	9.902253	3.129730	13.031983	4.750578
163.7	9.124598	3.907388	13.031986	4.976138
163.8	8.978275	4.053712	13.031987	5.216790
163.9	9.603408	3.428576	13.031985	5.480093
164	10.571463	2.460517	13.031980	5.764841
164.1	11.185916	1.846062	13.031979	6.061881
164.2	11.075900	1.956081	13.031981	6.357576
164.3	10.513326	2.518659	13.031985	6.638275
164.4	10.058852	2.973134	13.031986	6.894430
164.5	9.948274	3.083711	13.031985	7.123343
164.6	10.013577	3.018406	13.031983	7.329877
164.7	10.094935	2.937048	13.031983	7.524884
164.8	10.213215	2.818768	13.031983	7.721638
164.9	10.322058	2.709924	13.031981	7.931226
165	10.195804	2.836177	13.031981	8.158769
165.1	9.770144	3.261839	13.031983	8.402336
165.2	9.425518	3.606470	13.031987	8.654522
165.3	9.655806	3.376181	13.031988	8.904931
165.4	10.431462	2.600520	13.031983	9.142204
165.5	11.060412	1.971566	13.031978	9.355603
165.6	10.881627	2.150352	13.031979	9.536643
165.7	10.111458	2.920528	13.031986	9.681037
165.8	9.668721	3.363268	13.031989	9.790618
165.9	9.985106	3.046878	13.031984	9.874217
166	10.436969	2.595009	13.031978	9.946532
166.1	10.208567	2.823411	13.031978	10.024847
166.2	9.357959	3.674026	13.031985	10.124553
166.3	8.823740	4.208251	13.031991	10.254664
166.4	9.373664	3.658324	13.031988	10.414076
166.5	10.583792	2.448186	13.031978	10.589560
166.6	11.110679	1.921293	13.031972	10.757140
166.7	10.135047	2.896930	13.031976	10.887563
166.8	8.365523	4.666464	13.031987	10.954350
166.9	7.388715	5.643277	13.031993	10.941653
167	8.025336	5.006651	13.031987	10.849399
167.1	9.507541	3.524437	13.031977	10.694320
167.2	10.400617	2.631358	13.031975	10.506586
167.3	10.195357	2.836624	13.031981	10.322776
167.4	9.691124	3.340864	13.031988	10.176689
167.5	9.812542	3.219445	13.031987	10.090327
167.6	10.496117	2.535864	13.031981	10.068002
167.7	10.940621	2.091356	13.031977	10.095934
167.8	10.589787	2.442191	13.031979	10.147148
167.9	9.617156	3.414827	13.031983	10.189240
168	8.684731	4.347256	13.031987	10.192539
168.1	8.412337	4.619650	13.031987	10.137025
168.2	8.920804	4.111180	13.031984	10.016801
168.3	9.734130	3.297850	13.031980	9.841165
168.4	10.164777	2.867201	13.031978	9.631911
168.5	9.947390	3.084592	13.031982	9.417315
168.6	9.529418	3.502569	13.031987	9.224258
168.7	9.589873	3.442115	13.031987	9.070894
168.8	10.219500	2.812483	13.031983	8.962634
168.9	10.734441	2.297537	13.031977	8.892693
169	10.363973	2.668004	13.031977	8.845726
169.1	9.056012	3.975971	13.031982	8.802181
169.2	7.616802	5.415187	13.031989	8.742331
169.3	7.053473	5.978519	13.031991	8.649852
169.4	7.696666	5.335321	13.031987	8.514751
169.5	8.934351	4.097630	13.031981	8.335287
169.6	9.803827	3.228150	13.031978	8.118644
169.7	9.839607	3.192373	13.031980	7.880259
169.8	9.384925	3.647060	13.031985	7.641740
169.9	9.160963	3.871025	13.031988	7.427441
170	9.572067	3.459919	13.031986	7.260105
170.1	10.370861	2.661120	13.031981	7.156336
170.2	10.912173	2.119806	13.031978	7.122748
170.3	10.745161	2.286819	13.031980	7.153784
170.4	10.040196	2.991789	13.031984	7.232239
170.5	9.446579	3.585409	13.031988	7.332671
170.6	9.471276	3.560711	13.031987	7.426867
170.7	9.973358	3.058624	13.031982	7.490054
170.8	10.300591	2.731387	13.031978	7.506499
170.9	9.972919	3.059061	13.031979	7.473076
171	9.225031	3.806953	13.031984	7.399400
171.1	8.793243	4.238744	13.031987	7.304091
171.2	9.129249	3.902736	13.031985	7.208661
171.3	9.899798	3.132182	13.031980	7.131647
171.4	10.366238	2.665740	13.031978	7.084980
171.5	10.229621	2.802361	13.031982	7.072940
171.6	9.922666	3.109321	13.031987	7.092858
171.7	9.988028	3.043959	13.031987	7.136780
171.8	10.383937	2.648046	13.031983	7.193800
171.9	10.604292	2.427687	13.031980	7.252787
172	10.304432	2.727548	13.031980	7.304994
172.1	9.611335	3.420648	13.031982	7.345872
172.2	8.934913	4.097072	13.031985	7.375468
172.3	8.624335	4.407650	13.031985	7.397098
172.4	8.750332	4.281652	13.031983	7.414797
172.5	9.089911	3.942070	13.031981	7.430736
172.6	9.310005	3.721975	13.031980	7.443878
172.7	9.276745	3.755237	13.031982	7.450386
172.8	9.243324	3.788662	13.031986	7.445364
172.9	9.595459	3.436527	13.031986	7.424890
173	10.286393	2.745589	13.031982	7.387315
173.1	10.758208	2.273772	13.031980	7.333521
173.2	10.666127	2.365856	13.031982	7.266449
173.3	10.288003	2.743982	13.031984	7.190366
173.4	9.907572	3.124411	13.031983	7.109970
173.5	9.480242	3.551741	13.031983	7.029273
173.6	9.110243	3.921742	13.031985	6.950225
173.7	9.137597	3.894388	13.031986	6.871688
173.8	9.630841	3.401141	13.031982	6.789697
173.9	10.085961	2.946016	13.031978	6.699207
174	9.841087	3.190891	13.031977	6.596384
174.1	8.873590	4.158394	13.031984	6.480235
174.2	8.048620	4.983370	13.031991	6.352887
174.3	8.313878	4.718113	13.031991	6.218325
174.4	9.679501	3.352484	13.031985	6.080283
174.5	11.199880	1.832098	13.031978	5.940514
174.6	11.831467	1.200508	13.031975	5.798021
174.7	11.200429	1.831549	13.031978	5.648936
174.8	9.764585	3.267398	13.031983	5.487066
174.9	8.412002	4.619986	13.031988	5.305511
175	7.806694	5.225294	13.031988	5.099394
175.1	8.001044	5.030941	13.031985	4.868857
175.2	8.572248	4.459734	13.031982	4.621003
175.3	9.060882	3.971099	13.031981	4.369502
175.4	9.339137	3.692845	13.031983	4.131421
175.5	9.608216	3.423768	13.031984	3.921841
175.6	9.947189	3.084792	13.031981	3.748269
175.7	9.977978	3.054000	13.031978	3.608380
175.8	9.369430	3.662550	13.031980	3.492653
175.9	8.493413	4.538573	13.031986	3.388524
176	8.117188	4.914799	13.031988	3.283454
176.1	8.562245	4.469740	13.031985	3.167656
176.2	9.431398	3.600582	13.031980	3.037082
176.3	9.984573	3.047402	13.031976	2.895858
176.4	9.692715	3.339262	13.031977	2.756691
176.5	8.835119	4.196864	13.031983	2.637457
176.6	8.398535	4.633452	13.031987	2.553453
176.7	8.920532	4.111451	13.031982	2.508567
176.8	9.719241	3.312734	13.031975	2.491380
176.9	9.685390	3.346584	13.031974	2.479408
177	8.699614	4.332368	13.031982	2.448707
177.1	7.866181	5.165808	13.031989	2.383611
177.2	8.213898	4.818089	13.031987	2.283057
177.3	9.428421	3.603556	13.031977	2.162376
177.4	10.185693	2.846279	13.031972	2.050817
177.5	9.690137	3.341840	13.031976	1.985445
177.6	8.586008	4.445976	13.031985	2.001531
177.7	8.108084	4.923903	13.031987	2.120231
177.8	8.591411	4.440571	13.031982	2.338558
177.9	9.340920	3.691057	13.031977	2.628666
178	9.622847	3.409129	13.031976	2.946502
178.1	9.279005	3.752974	13.031979	3.243945
178.2	8.611537	4.420445	13.031982	3.479792
178.3	8.093324	4.938662	13.031986	3.627733
178.4	8.208821	4.823167	13.031988	3.680732
178.5	9.169034	3.862951	13.031985	3.651716
178.6	10.484756	2.547221	13.031977	3.570718
178.7	11.078533	1.953437	13.031971	3.478668
178.8	10.209937	2.822037	13.031974	3.418555
178.9	8.343055	4.688929	13.031984	3.425751
179	6.932966	6.099027	13.031992	3.520274
179.1	7.172546	5.859445	13.031991	3.702936
179.2	8.859642	4.172339	13.031981	3.955206
179.3	10.518110	2.513861	13.031971	4.242381
179.4	10.721287	2.310684	13.031971	4.520666
179.5	9.386067	3.645913	13.031980	4.747338
179.6	7.850608	5.181384	13.031991	4.890949
179.7	7.662007	5.369986	13.031993	4.938510
179.8	9.098568	3.933415	13.031983	4.897890
179.9	10.782500	2.249471	13.031970	4.794940
180	10.921386	2.110581	13.031967	4.666107
180.1	9.119209	3.912768	13.031977	4.548710
180.2	6.939927	6.092065	13.031992	4.472095
180.3	6.522615	6.509381	13.031996	4.452021
180.4	8.424105	4.607879	13.031984	4.488537
180.5	10.880819	2.151150	13.031969	4.567076
180.6	11.587088	1.444878	13.031966	4.662673
180.7	10.119725	2.912253	13.031978	4.746288
180.8	8.155014	4.876976	13.031990	4.792364
180.9	7.435407	5.596584	13.031991	4.785988
181	8.253865	4.778118	13.031984	4.726858
181.1	9.571280	3.460694	13.031974	4.628177
181.2	9.977585	3.054386	13.031970	4.511005
181.3	8.943218	4.088759	13.031977	4.396695
181.4	7.395564	5.636423	13.031988	4.300870
181.5	6.896132	6.135861	13.031993	4.231217
181.6	8.139186	4.892801	13.031986	4.188859
181.7	10.201118	2.830857	13.031974	4.171081
181.8	11.293714	1.738254	13.031969	4.173016
181.9	10.496234	2.535742	13.031976	4.187371
182	8.698829	4.333158	13.031987	4.203875
182.1	7.604638	5.427355	13.031993	4.211267
182.2	8.111655	4.920334	13.031989	4.202107
182.3	9.713360	3.318620	13.031980	4.177573
182.4	11.051616	1.980357	13.031973	4.148674
182.5	11.073648	1.958326	13.031974	4.131949
182.6	9.841835	3.190146	13.031980	4.140905
182.7	8.320158	4.711830	13.031987	4.177725
182.8	7.507712	5.524278	13.031990	4.230700
182.9	7.805723	5.226266	13.031988	4.279129
183	8.923557	4.108427	13.031984	4.302471
183.1	10.097755	2.934223	13.031978	4.288621
183.2	10.586403	2.445574	13.031977	4.236780
183.3	10.228910	2.803070	13.031979	4.154551
183.4	9.462155	3.569828	13.031983	4.053985
183.5	8.828111	4.203873	13.031984	3.949813
183.6	8.531166	4.500816	13.031983	3.859089
183.7	8.423202	4.608780	13.031982	3.799829
183.8	8.377782	4.654202	13.031983	3.787067
183.9	8.563471	4.468514	13.031985	3.827476
184	9.199807	3.832177	13.031984	3.915988
184.1	10.079679	2.952301	13.031980	4.036898
184.2	10.576275	2.455703	13.031978	4.169202
184.3	10.318245	2.713735	13.031981	4.294123
184.4	9.643227	3.388757	13.031985	4.400997
184.5	9.155355	3.876631	13.031986	4.487216
184.6	9.077364	3.954619	13.031983	4.553655
184.7	9.181884	3.850097	13.031981	4.601421
184.8	9.181131	3.850850	13.031980	4.631472
184.9	9.020780	4.011202	13.031981	4.645363
185	8.821208	4.210775	13.031982	4.646059
185.1	8.721215	4.310768	13.031984	4.638557
185.2	8.856343	4.175642	13.031985	4.629875
185.3	9.322963	3.709022	13.031985	4.627910
185.4	10.015152	3.016831	13.031983	4.639149
185.5	10.589602	2.442378	13.031981	4.666455
185.6	10.729596	2.302384	13.031980	4.708804
185.7	10.404859	2.627123	13.031982	4.763155
185.8	9.775901	3.256081	13.031982	4.825936
185.9	8.985268	4.046714	13.031983	4.892496
186	8.224841	4.807143	13.031984	4.956430
186.1	7.853608	5.178378	13.031986	5.010781
186.2	8.186454	4.845531	13.031985	5.050389
186.3	9.091371	3.940610	13.031981	5.073520
186.4	9.925824	3.106153	13.031977	5.081682
186.5	10.041603	2.990374	13.031977	5.077894
186.6	9.410001	3.621982	13.031983	5.064722
186.7	8.719215	4.312773	13.031988	5.043398
186.8	8.756724	4.275264	13.031989	5.014210
186.9	9.565458	3.466524	13.031982	4.977241
187	10.283882	2.748093	13.031975	4.932656
187.1	10.011836	3.020140	13.031976	4.880616
187.2	8.874773	4.157211	13.031984	4.821267
187.3	8.077338	4.954653	13.031991	4.754916
187.4	8.663359	4.368629	13.031988	4.682247
187.5	10.234772	2.797206	13.031977	4.604813
187.6	11.217695	1.814275	13.031970	4.525746
187.7	10.552435	2.479539	13.031975	4.449770
187.8	8.866170	4.165815	13.031986	4.382265
187.9	7.773671	5.258321	13.031992	4.329056
188	8.169700	4.862287	13.031986	4.297432
188.1	9.366016	3.665960	13.031976	4.295745
188.2	9.905238	3.126733	13.031971	4.330259
188.3	9.142260	3.889717	13.031977	4.401513
188.4	7.849767	5.182218	13.031986	4.503131
188.5	7.244781	5.787208	13.031989	4.623993
188.6	7.738156	5.293829	13.031985	4.752410
188.7	8.814663	4.217318	13.031980	4.880182
188.8	9.728619	3.303358	13.031978	5.004762
188.9	10.039908	2.992070	13.031978	5.128556
189	9.755363	3.276618	13.031981	5.256471
189.1	9.223097	3.808886	13.031983	5.394119
189.2	8.865540	4.166444	13.031984	5.546774
189.3	8.887879	4.144104	13.031983	5.717673
189.4	9.143284	3.888697	13.031981	5.905969
189.5	9.288194	3.743786	13.031980	6.105695
189.6	9.142077	3.889905	13.031981	6.306700
189.7	8.913544	4.118441	13.031984	6.497799
189.8	8.998710	4.033275	13.031985	6.671200
189.9	9.473680	3.558301	13.031982	6.826006
190	9.909229	3.122749	13.031978	6.968408
190.1	9.827283	3.204695	13.031978	7.107961
190.2	9.253121	3.778862	13.031982	7.252764
190.3	8.750792	4.281195	13.031987	7.407053
190.4	8.951434	4.080553	13.031988	7.571223
190.5	9.954267	3.077716	13.031983	7.742033
190.6	11.029474	2.002501	13.031975	7.912359
190.7	11.033977	1.997994	13.031971	8.072024
190.8	9.453509	3.578467	13.031977	8.210260
190.9	7.180565	5.851424	13.031989	8.318363
191	5.990483	7.041513	13.031996	8.391294
191.1	6.890384	6.141605	13.031990	8.428257
191.2	9.021744	4.010232	13.031976	8.432803
191.3	10.458430	2.573538	13.031968	8.412434
191.4	10.093205	2.938768	13.031973	8.377274
191.5	8.574210	4.457774	13.031984	8.337667
191.6	7.465931	5.566059	13.031991	8.301372
191.7	7.729992	5.301996	13.031988	8.271671
191.8	9.045788	3.986193	13.031982	8.247693
191.9	10.360374	2.671602	13.031977	8.226641
192	10.844370	2.187606	13.031977	8.205389
192.1	10.389615	2.642366	13.031981	8.180051
192.2	9.540410	3.491577	13.031986	8.145498
192.3	9.044634	3.987355	13.031989	8.096887
192.4	9.237662	3.794324	13.031986	8.032688
192.5	9.775799	3.256183	13.031981	7.956870
192.6	10.072318	2.959662	13.031980	7.878284
192.7	9.938855	3.093127	13.031982	7.806945
192.8	9.663913	3.368071	13.031984	7.748658
192.9	9.527262	3.504722	13.031983	7.700765
193	9.452502	3.579481	13.031982	7.651672
193.1	9.237511	3.794472	13.031983	7.584942
193.2	9.016640	4.015347	13.031987	7.486039
193.3	9.256294	3.775695	13.031988	7.348076
193.4	10.108993	2.922990	13.031984	7.173681
193.5	10.936540	2.095437	13.031977	6.973040
193.6	10.804917	2.227058	13.031975	6.760255
193.7	9.463439	3.568541	13.031980	6.549981
193.8	7.719724	5.312264	13.031989	6.355091
193.9	6.837088	6.194905	13.031993	6.185233
194	7.479765	5.552224	13.031989	6.045815
194.1	9.121981	3.909999	13.031980	5.937127
194.2	10.484991	2.546983	13.031974	5.853835
194.3	10.588674	2.443300	13.031974	5.785482
194.4	9.426289	3.605691	13.031980	5.718627
194.5	7.814618	5.217369	13.031987	5.640681
194.6	6.824510	6.207482	13.031992	5.544335
194.7	7.214473	5.817519	13.031992	5.430406
194.8	8.893160	4.138824	13.031984	5.307337
194.9	10.709643	2.322329	13.031973	5.187373
195	11.186148	1.845821	13.031969	5.081510
195.1	9.850542	3.181434	13.031976	4.995862
195.2	7.733471	5.298515	13.031986	4.930677
195.3	6.402818	6.629174	13.031991	4.881459
195.4	6.637969	6.394020	13.031989	4.840986
195.5	8.039202	4.992780	13.031982	4.801350
195.6	9.613826	3.418151	13.031977	4.755709
195.7	10.539530	2.492445	13.031976	4.699904
195.8	10.479434	2.552543	13.031977	4.634105
195.9	9.560970	3.471010	13.031980	4.564147
196	8.345983	4.686003	13.031986	4.502025
196.1	7.606621	5.425368	13.031989	4.464851
196.2	7.769482	5.262505	13.031986	4.471336
196.3	8.563585	4.468396	13.031981	4.535406
196.4	9.324518	3.707460	13.031978	4.658971
196.5	9.585532	3.446445	13.031977	4.827880
196.6	9.324534	3.707445	13.031979	5.013847
196.7	8.762278	4.269703	13.031980	5.181530
196.8	8.090340	4.941642	13.031982	5.297679
196.9	7.451727	5.580257	13.031984	5.339168
197	7.117833	5.914154	13.031988	5.297739
197.1	7.508006	5.523983	13.031989	5.180477
197.2	8.798593	4.233393	13.031986	5.006680
197.3	10.459637	2.572341	13.031978	4.802722
197.4	11.395835	1.636137	13.031972	4.596505
197.5	10.786763	2.245211	13.031973	4.412570
197.6	8.887232	4.144749	13.031981	4.268501
197.7	6.956364	6.075626	13.031990	4.173061
197.8	6.267785	6.764206	13.031991	4.126206
197.9	7.068605	5.963380	13.031985	4.120524
198	8.504494	4.527484	13.031978	4.143597
198.1	9.554656	3.477320	13.031977	4.180830
198.2	9.914788	3.117192	13.031980	4.218104
198.3	9.944040	3.087943	13.031984	4.243651
198.4	10.002714	3.029271	13.031984	4.248988
198.5	10.109712	2.922272	13.031984	4.229312
198.6	10.154289	2.877695	13.031984	4.183703
198.7	10.111121	2.920863	13.031984	4.114910
198.8	9.992924	3.039059	13.031983	4.028138
198.9	9.787155	3.244827	13.031982	3.928945
199	9.468514	3.563467	13.031981	3.821509
199.1	9.055009	3.976972	13.031982	3.708654
199.2	8.682316	4.349666	13.031983	3.593652
199.3	8.534277	4.497706	13.031983	3.481904
199.4	8.647622	4.384360	13.031982	3.380014
199.5	8.857640	4.174341	13.031982	3.291949
199.6	8.974666	4.057315	13.031982	3.215577
199.7	8.934193	4.097788	13.031981	3.143998
199.8	8.726699	4.305282	13.031981	3.071789
199.9	8.341514	4.690468	13.031981	3.001017
200	7.889796	5.142187	13.031983	2.942466
