#time	ekin		epot		etot		chain_length
0	11.210660	9.087511	20.298171	23.047993
0.1	6.404093	13.913277	20.317370	23.293956
0.2	4.336694	15.980705	20.317398	23.374602
0.3	8.938812	11.378555	20.317367	23.283966
0.4	15.698288	4.619023	20.317311	23.056011
0.5	16.726133	3.591172	20.317306	22.756448
0.6	11.210624	9.106741	20.317364	22.464966
0.7	7.024829	13.292578	20.317407	22.249930
0.8	9.904705	10.412672	20.317377	22.141543
0.9	15.920759	4.396564	20.317323	22.128708
1	17.446091	2.871219	20.317310	22.176226
1.1	12.357680	7.959668	20.317348	22.236290
1.2	5.906332	14.411059	20.317391	22.259057
1.3	4.284890	16.032506	20.317396	22.204762
1.4	8.345151	11.972212	20.317364	22.053417
1.5	13.433283	6.884049	20.317332	21.808942
1.6	14.931722	5.385613	20.317335	21.496135
1.7	13.079903	7.237459	20.317362	21.150529
1.8	11.553028	8.764352	20.317379	20.803189
1.9	12.474528	7.842843	20.317371	20.465036
2	14.290047	6.027304	20.317351	20.121630
2.1	14.240923	6.076426	20.317349	19.752004
2.2	12.412524	7.904843	20.317367	19.354303
2.3	11.504577	8.812795	20.317373	18.948654
2.4	12.442877	7.874479	20.317355	18.566668
2.5	12.925783	7.391558	20.317341	18.241393
2.6	10.983850	9.333502	20.317352	17.999514
2.7	8.181701	12.135675	20.317376	17.855628
2.8	7.782547	12.534833	20.317380	17.809199
2.9	10.388732	9.928629	20.317360	17.844799
3	13.092118	7.225224	20.317342	17.935566
3.1	13.263539	7.053809	20.317348	18.048954
3.2	11.749048	8.568320	20.317368	18.153143
3.3	11.223756	9.093616	20.317372	18.222530
3.4	12.269359	8.047997	20.317356	18.241332
3.5	12.797415	7.519932	20.317347	18.204999
3.6	11.524745	8.792615	20.317360	18.119450
3.7	10.300668	10.016710	20.317378	17.998504
3.8	11.624694	8.692678	20.317372	17.860300
3.9	14.652498	5.664848	20.317345	17.723635
4	15.565394	4.751937	20.317331	17.604834
4.1	12.479814	7.837540	20.317354	17.515424
4.2	8.600789	11.716600	20.317389	17.460863
4.3	8.626514	11.690873	20.317387	17.440785
4.4	12.455487	7.861868	20.317356	17.450753
4.5	15.744384	4.572950	20.317334	17.484676
4.6	15.166926	5.150414	20.317340	17.536712
4.7	11.435046	8.882318	20.317363	17.601929
4.8	7.881657	12.435727	20.317384	17.675814
4.9	7.624812	12.692575	20.317388	17.753204
5	11.173746	9.143624	20.317370	17.827276
5.1	15.924404	4.392943	20.317347	17.888966
5.2	18.416145	1.901192	20.317337	17.927093
5.3	16.926835	3.390508	20.317344	17.929572
5.4	12.512092	7.805277	20.317369	17.885795
5.5	8.997312	11.320090	20.317402	17.789514
5.6	10.562638	9.754751	20.317389	17.641110
5.7	15.577646	4.739699	20.317345	17.448356
5.8	18.313672	2.003656	20.317327	17.225335
5.9	16.178917	4.138427	20.317344	16.989730
6	11.484198	8.833175	20.317373	16.759025
6.1	8.575279	11.742109	20.317388	16.546542
6.2	9.581083	10.736291	20.317375	16.358473
6.3	12.581498	7.735851	20.317350	16.193033
6.4	14.009078	6.308264	20.317342	16.042065
6.5	12.706994	7.610364	20.317358	15.894429
6.6	10.885501	9.431875	20.317376	15.739891
6.7	11.271343	9.046035	20.317379	15.572115
6.8	14.151538	6.165822	20.317361	15.389766
6.9	16.806909	3.510426	20.317335	15.195479
7	15.702840	4.614493	20.317333	14.993414
7.1	10.758574	9.558790	20.317364	14.786786
7.2	6.505946	13.811449	20.317395	14.576544
7.3	7.180097	13.137287	20.317384	14.361318
7.4	11.419138	8.898213	20.317351	14.137894
7.5	14.549418	5.767919	20.317337	13.901639
7.6	14.384573	5.932780	20.317353	13.647041
7.7	12.931122	7.386251	20.317374	13.368842
7.8	13.054337	7.263037	20.317375	13.063915
7.9	14.874645	5.442714	20.317358	12.733419
8	15.987944	4.329401	20.317345	12.384401
8.1	14.538295	5.779060	20.317355	12.029981
8.2	11.727556	8.589824	20.317381	11.687623
8.3	10.845207	9.472181	20.317388	11.375597
8.4	13.038720	7.278652	20.317372	11.108411
8.5	16.251121	4.066228	20.317349	10.892672
8.6	17.374128	2.943207	20.317334	10.725055
8.7	14.651176	5.666170	20.317346	10.592975
8.8	9.996332	10.321043	20.317375	10.476981
8.9	7.619764	12.697625	20.317389	10.353889
9	9.545292	10.772082	20.317373	10.200589
9.1	13.577797	6.739553	20.317349	9.998471
9.2	16.158216	4.159127	20.317344	9.737701
9.3	16.067804	4.249550	20.317354	9.420171
9.4	14.451453	5.865913	20.317366	9.060032
9.5	12.844816	7.472558	20.317374	8.681206
9.6	12.295048	8.022324	20.317372	8.312085
9.7	12.755623	7.561742	20.317365	7.978686
9.8	13.466988	6.850371	20.317359	7.698391
9.9	13.735632	6.581724	20.317356	7.476553
10	13.297707	7.019650	20.317357	7.306981
10.1	12.469442	7.847920	20.317362	7.174794
10.2	11.883899	8.433466	20.317365	7.059800
10.3	11.902183	8.415180	20.317363	6.940318
10.4	12.174274	8.143085	20.317359	6.797470
10.5	12.126169	8.191193	20.317362	6.618979
10.6	12.060331	8.257038	20.317369	6.401327
10.7	12.853593	7.463778	20.317371	6.149711
10.8	14.510410	5.806952	20.317361	5.876050
10.9	15.630550	4.686801	20.317351	5.595876
11	14.877906	5.439449	20.317355	5.325278
11.1	12.947512	7.369856	20.317368	5.078599
11.2	11.798205	8.519169	20.317374	4.866443
11.3	12.308851	8.008517	20.317368	4.693434
11.4	13.563799	6.753560	20.317359	4.557042
11.5	14.228657	6.088700	20.317358	4.449106
11.6	13.999843	6.317519	20.317363	4.359408
11.7	13.491098	6.826268	20.317366	4.279369
11.8	13.175924	7.141442	20.317366	4.204299
11.9	12.998589	7.318775	20.317365	4.133575
12	12.772589	7.544776	20.317365	4.069046
12.1	12.593752	7.723615	20.317367	4.012610
12.2	12.789153	7.528216	20.317368	3.964011
12.3	13.541961	6.775405	20.317367	3.919565
12.4	14.603375	5.713988	20.317363	3.872217
12.5	15.345164	4.972196	20.317360	3.813194
12.6	15.271313	5.046049	20.317362	3.735179
12.7	14.621231	5.696138	20.317369	3.636227
12.8	14.267644	6.049730	20.317374	3.522988
12.9	14.732646	5.584724	20.317370	3.411535
13	15.446209	4.871154	20.317363	3.324364
13.1	15.477812	4.839551	20.317362	3.283439
13.2	14.756900	5.560469	20.317368	3.301859
13.3	14.053333	6.264040	20.317373	3.378906
13.4	14.022215	6.295157	20.317372	3.501823
13.5	14.655386	5.661982	20.317368	3.652456
13.6	15.472882	4.844482	20.317364	3.813268
13.7	15.936362	4.381001	20.317363	3.969943
13.8	15.829087	4.488278	20.317365	4.112776
13.9	15.386909	4.930458	20.317367	4.238808
14	14.978907	5.338460	20.317367	4.353801
14.1	14.698926	5.618440	20.317365	4.471733
14.2	14.275648	6.041714	20.317362	4.610094
14.3	13.361739	6.955623	20.317363	4.781525
14.4	12.100994	8.216374	20.317368	4.985465
14.5	11.293268	9.024105	20.317373	5.205001
14.6	11.695779	8.621593	20.317372	5.411459
14.7	13.109712	7.207653	20.317365	5.575046
14.8	14.385357	5.932001	20.317358	5.676917
14.9	14.542110	5.775250	20.317360	5.716270
15	13.773901	6.543467	20.317368	5.709117
15.1	13.165828	7.151545	20.317373	5.681579
15.2	13.457387	6.859983	20.317370	5.662169
15.3	14.288121	6.029242	20.317363	5.675560
15.4	14.719305	5.598055	20.317360	5.738526
15.5	14.302635	6.014727	20.317362	5.857727
15.6	13.480706	6.836661	20.317367	6.029219
15.7	12.987557	7.329811	20.317368	6.240076
15.8	13.050390	7.266976	20.317365	6.471731
15.9	13.317279	7.000085	20.317364	6.703546
16	13.507260	6.810107	20.317367	6.915943
16.1	13.887513	6.429858	20.317371	7.093568
16.2	14.823643	5.493725	20.317368	7.228641
16.3	15.865880	4.451479	20.317359	7.323340
16.4	15.961847	4.355509	20.317357	7.389469
16.5	14.889357	5.428007	20.317364	7.444979
16.6	13.697670	6.619702	20.317371	7.508954
16.7	13.363649	6.953720	20.317370	7.597131
16.8	13.742772	6.574593	20.317365	7.718839
16.9	14.237473	6.079891	20.317364	7.875444
17	14.691263	5.626100	20.317363	8.060601
17.1	14.997990	5.319368	20.317357	8.262488
17.2	14.529878	5.787476	20.317354	8.467150
17.3	12.960850	7.356510	20.317360	8.661866
17.4	11.276564	9.040807	20.317371	8.838209
17.5	11.048408	9.268966	20.317375	8.994710
17.6	12.677858	7.639507	20.317365	9.137898
17.7	14.733702	5.583650	20.317352	9.279485
17.8	15.445138	4.872214	20.317351	9.429988
17.9	14.620801	5.696560	20.317361	9.593169
18	13.529093	6.788274	20.317367	9.764690
18.1	13.025235	7.292129	20.317363	9.934529
18.2	12.783012	7.534349	20.317361	10.090892
18.3	12.476143	7.841219	20.317362	10.223605
18.4	12.300806	8.016558	20.317363	10.326574
18.5	12.391058	7.926304	20.317362	10.399610
18.6	12.649250	7.668113	20.317363	10.449051
18.7	13.116882	7.200482	20.317364	10.486608
18.8	13.715350	6.602008	20.317358	10.526476
18.9	13.650697	6.666654	20.317351	10.580915
19	12.130297	8.187058	20.317355	10.655708
19.1	9.966696	10.350675	20.317371	10.749386
19.2	9.494723	10.822658	20.317380	10.856656
19.3	11.915047	8.402320	20.317367	10.971979
19.4	15.229640	5.087702	20.317342	11.091502
19.5	15.968239	4.349096	20.317335	11.213255
19.6	13.133162	7.184193	20.317355	11.335889
19.7	9.636021	10.681360	20.317381	11.457311
19.8	9.331882	10.985504	20.317386	11.574220
19.9	12.889688	7.427674	20.317362	11.682167
20	16.706100	3.611230	20.317331	11.775899
20.1	16.398000	3.919329	20.317329	11.850190
20.2	11.808805	8.508556	20.317361	11.901224
20.3	7.662947	12.654446	20.317393	11.928331
20.4	8.616413	11.700976	20.317389	11.935398
20.5	14.050651	6.266700	20.317351	11.931082
20.6	18.434343	1.882975	20.317319	11.927626
20.7	17.109389	3.207940	20.317328	11.938755
20.8	11.372857	8.944513	20.317370	11.976915
20.9	7.079304	13.238095	20.317399	12.049665
21	8.416228	11.901160	20.317388	12.156046
21.1	13.912207	6.405146	20.317354	12.285122
21.2	18.464103	1.853227	20.317330	12.417908
21.3	18.420372	1.896965	20.317336	12.531871
21.4	14.408867	5.908493	20.317361	12.606532
21.5	9.956917	10.360466	20.317383	12.628736
21.6	8.507310	11.810079	20.317389	12.596248
21.7	10.972359	9.345014	20.317373	12.518696
21.8	15.158067	5.159284	20.317351	12.415685
21.9	17.776850	2.540490	20.317340	12.312749
22	16.932317	3.385028	20.317345	12.236278
22.1	13.311761	7.005606	20.317368	12.208323
22.2	10.254501	10.062894	20.317395	12.241599
22.3	11.321312	8.996076	20.317389	12.335319
22.4	15.589741	4.727611	20.317353	12.473841
22.5	18.385644	1.931689	20.317333	12.629670
22.6	16.930513	3.386830	20.317342	12.770067
22.7	12.535525	7.781842	20.317367	12.865051
22.8	8.809799	11.507588	20.317386	12.894248
22.9	8.493237	11.824148	20.317385	12.850670
23	11.383045	8.934322	20.317367	12.740730
23.1	14.864713	5.452635	20.317348	12.580984
23.2	16.169602	4.147740	20.317342	12.392834
23.3	14.586246	5.731109	20.317355	12.196761
23.4	12.107863	8.209513	20.317376	12.007627
23.5	11.591586	8.725795	20.317381	11.832248
23.6	13.553389	6.763973	20.317362	11.669895
23.7	15.375762	4.941584	20.317347	11.515427
23.8	14.903534	5.413820	20.317354	11.363816
23.9	12.988010	7.329359	20.317369	11.214287
24	11.645666	8.671705	20.317371	11.072443
24.1	11.535170	8.782197	20.317367	10.949337
24.2	12.240449	8.076915	20.317364	10.857619
24.3	13.265678	7.051684	20.317362	10.806142
24.4	14.193939	6.123420	20.317359	10.795264
24.5	14.583032	5.734325	20.317357	10.815125
24.6	14.015295	6.302060	20.317355	10.847669
24.7	12.324891	7.992467	20.317358	10.870926
24.8	9.955810	10.361555	20.317365	10.863580
24.9	8.113537	12.203838	20.317375	10.809056
25	8.221168	12.096211	20.317379	10.698857
25.1	10.804826	9.512545	20.317371	10.534507
25.2	14.628592	5.688762	20.317354	10.327307
25.3	17.107891	3.209449	20.317340	10.095516
25.4	16.380582	3.936764	20.317345	9.859333
25.5	13.280627	7.036737	20.317364	9.634972
25.6	10.489611	9.827764	20.317376	9.429955
25.7	9.734149	10.583223	20.317373	9.242326
25.8	10.694304	9.623061	20.317365	9.064972
25.9	12.306308	8.011053	20.317361	8.892053
26	13.786881	6.530475	20.317355	8.722607
26.1	14.349074	5.968277	20.317351	8.559600
26.2	13.623341	6.694015	20.317357	8.406249
26.3	12.419863	7.897501	20.317364	8.262544
26.4	11.768144	8.549220	20.317364	8.124030
26.5	11.731863	8.585499	20.317362	7.982850
26.6	11.843283	8.474078	20.317361	7.829571
26.7	11.916850	8.400512	20.317362	7.654770
26.8	12.204421	8.112944	20.317364	7.450640
26.9	13.010826	7.306536	20.317363	7.213131
27	14.063558	6.253799	20.317357	6.944444
27.1	14.536625	5.780729	20.317354	6.654607
27.2	13.946947	6.370411	20.317358	6.360563
27.3	12.720114	7.597250	20.317363	6.082206
27.4	11.573547	8.743818	20.317365	5.836640
27.5	10.815364	9.502002	20.317366	5.633260
27.6	10.777470	9.539901	20.317372	5.471788
27.7	12.156512	8.160859	20.317371	5.343318
27.8	14.731801	5.585557	20.317357	5.232933
27.9	16.553862	3.763482	20.317344	5.122865
28	15.756570	4.560777	20.317348	4.995944
28.1	12.794763	7.522602	20.317365	4.839046
28.2	10.171752	10.145629	20.317381	4.645946
28.3	10.104367	10.213015	20.317382	4.418706
28.4	12.657896	7.659472	20.317368	4.166849
28.5	15.734606	4.582744	20.317351	3.904207
28.6	16.860808	3.456538	20.317346	3.644418
28.7	15.393684	4.923672	20.317357	3.397038
28.8	12.957259	7.360112	20.317371	3.166292
28.9	11.680721	8.636653	20.317375	2.952736
29	12.155092	8.162274	20.317366	2.755607
29.1	13.122792	7.194565	20.317357	2.573556
29.2	13.125691	7.191668	20.317359	2.403789
29.3	12.231554	8.085815	20.317369	2.241208
29.4	11.677474	8.639899	20.317374	2.078837
29.5	12.199925	8.117443	20.317368	1.909617
29.6	13.247393	7.069967	20.317360	1.728746
29.7	14.062001	6.255360	20.317361	1.535510
29.8	14.710204	5.607158	20.317362	1.333750
29.9	15.298146	5.019212	20.317358	1.130525
30	15.170770	5.146584	20.317354	0.933298
30.1	13.646526	6.670832	20.317358	0.747042
30.2	11.211620	9.105749	20.317369	0.573610
30.3	9.265800	11.051578	20.317378	0.416404
30.4	9.128003	11.189381	20.317384	0.297857
30.5	11.518845	8.798530	20.317375	0.288857
30.6	15.146702	5.170652	20.317354	0.416950
30.7	17.161275	3.156067	20.317342	0.614175
30.8	16.074824	4.242527	20.317351	0.838829
30.9	13.294717	7.022653	20.317370	1.072162
31	11.597540	8.719838	20.317378	1.302160
31.1	12.173177	8.144191	20.317368	1.520397
31.2	13.593014	6.724340	20.317354	1.722579
31.3	13.838195	6.479160	20.317354	1.909373
31.4	12.807017	7.510351	20.317368	2.086070
31.5	12.213666	8.103711	20.317377	2.260726
31.6	13.261734	7.055637	20.317372	2.441565
31.7	15.275732	5.041628	20.317360	2.635020
31.8	16.576683	3.740670	20.317353	2.845124
31.9	16.090959	4.226395	20.317354	3.073780
32	14.058125	6.259236	20.317361	3.320870
32.1	11.757553	8.559817	20.317371	3.583711
32.2	10.629139	9.688234	20.317373	3.856476
32.3	11.054318	9.263049	20.317367	4.130631
32.4	12.202114	8.115247	20.317361	4.396850
32.5	13.142116	7.175244	20.317360	4.647749
32.6	13.578591	6.738769	20.317361	4.880168
32.7	13.461875	6.855486	20.317361	5.095904
32.8	12.911839	7.405529	20.317368	5.300596
32.9	12.747666	7.569707	20.317374	5.501080
33	13.692302	6.625065	20.317368	5.702117
33.1	14.992743	5.324614	20.317357	5.903928
33.2	15.242082	5.075272	20.317354	6.102185
33.3	14.071495	6.245866	20.317361	6.290584
33.4	12.527030	7.790339	20.317369	6.464108
33.5	11.859346	8.458024	20.317369	6.620944
33.6	12.228566	8.088796	20.317362	6.762287
33.7	12.751229	7.566128	20.317357	6.890744
33.8	12.657257	7.660102	20.317359	7.008805
33.9	12.183151	8.134214	20.317366	7.118326
34	12.200271	8.117098	20.317369	7.220830
34.1	13.159103	7.158263	20.317366	7.317957
34.2	14.461638	5.855718	20.317356	7.411886
34.3	14.753159	5.564191	20.317350	7.505677
34.4	13.413247	6.904110	20.317358	7.603195
34.5	11.548223	8.769146	20.317369	7.708129
34.6	10.764388	9.552983	20.317370	7.822198
34.7	11.354354	8.963009	20.317363	7.943382
34.8	12.364718	7.952638	20.317356	8.065323
34.9	12.795459	7.521895	20.317354	8.178450
35	12.384576	7.932783	20.317360	8.272344
35.1	11.874530	8.442839	20.317369	8.338320
35.2	12.381327	7.936044	20.317371	8.371435
35.3	13.902147	6.415214	20.317361	8.371568
35.4	15.022786	5.294568	20.317354	8.343328
35.5	14.695978	5.621380	20.317358	8.294730
35.6	13.522963	6.794405	20.317368	8.235054
35.7	12.828477	7.488893	20.317371	8.173107
35.8	13.127840	7.189526	20.317367	8.116906
35.9	13.871754	6.445606	20.317360	8.074241
36	14.165278	6.152079	20.317357	8.052253
36.1	13.652039	6.665322	20.317361	8.054730
36.2	12.959113	7.358255	20.317367	8.078364
36.3	12.980467	7.336900	20.317367	8.110676
36.4	13.608296	6.709063	20.317359	8.131424
36.5	13.711809	6.605546	20.317356	8.117644
36.6	12.767496	7.549869	20.317365	8.050473
36.7	11.890510	8.426866	20.317375	7.920737
36.8	12.472844	7.844531	20.317375	7.731399
36.9	14.457585	5.859779	20.317364	7.496703
37	16.301907	4.015444	20.317351	7.238794
37.1	16.238866	4.078482	20.317348	6.982840
37.2	13.950383	6.366975	20.317358	6.751811
37.3	11.023959	9.293413	20.317373	6.562032
37.4	9.684208	10.633172	20.317380	6.420432
37.5	11.041804	9.275571	20.317374	6.323995
37.6	14.196493	6.120866	20.317359	6.261436
37.7	16.763514	3.553833	20.317347	6.216550
37.8	16.857574	3.459778	20.317352	6.172273
37.9	15.050719	5.266652	20.317371	6.114446
38	13.824233	6.493149	20.317382	6.034484
38.1	14.627536	5.689836	20.317372	5.930480
38.2	16.243028	4.074329	20.317357	5.806676
38.3	16.744579	3.572771	20.317350	5.671527
38.4	15.260411	5.056940	20.317351	5.534828
38.5	12.138391	8.178971	20.317362	5.404585
38.6	9.110863	11.206515	20.317379	5.284586
38.7	8.645564	11.671821	20.317386	5.173965
38.8	11.694832	8.622540	20.317372	5.069696
38.9	16.167725	4.149622	20.317347	4.970701
39	18.327167	1.990165	20.317331	4.879695
39.1	16.034180	4.283163	20.317343	4.800995
39.2	11.126370	9.191004	20.317374	4.736636
39.3	8.131210	12.186184	20.317393	4.683518
39.4	9.789587	10.527792	20.317378	4.632727
39.5	14.107807	6.209538	20.317345	4.571393
39.6	16.426431	3.890895	20.317327	4.487123
39.7	14.252017	6.065324	20.317342	4.374051
39.8	9.851569	10.465804	20.317373	4.237884
39.9	7.700137	12.617249	20.317386	4.096404
40	9.662718	10.654652	20.317370	3.974252
40.1	13.412194	6.905153	20.317347	3.894914
40.2	15.474388	4.842954	20.317342	3.873748
40.3	14.954323	5.363033	20.317355	3.913810
40.4	13.439446	6.877919	20.317365	4.004667
40.5	12.421680	7.895687	20.317367	4.124099
40.6	12.341511	7.975852	20.317363	4.242880
40.7	12.773166	7.544193	20.317359	4.332486
40.8	13.172692	7.144667	20.317359	4.374047
40.9	13.506501	6.810859	20.317360	4.365067
41	13.705672	6.611684	20.317356	4.320120
41.1	13.213031	7.104324	20.317355	4.264731
41.2	11.912342	8.405022	20.317363	4.226237
41.3	11.032493	9.284882	20.317375	4.225885
41.4	12.075793	8.241579	20.317372	4.274027
41.5	14.506981	5.810373	20.317354	4.368844
41.6	15.748885	4.568458	20.317343	4.497918
41.7	14.287783	6.029570	20.317354	4.641237
41.8	11.483927	8.833446	20.317372	4.774904
41.9	9.912921	10.404459	20.317380	4.875456
42	10.837668	9.479706	20.317375	4.924785
42.1	13.490862	6.826499	20.317361	4.914853
42.2	15.931124	4.386226	20.317350	4.850306
42.3	16.496410	3.820938	20.317349	4.747266
42.4	14.907791	5.409566	20.317357	4.628178
42.5	12.286837	8.030531	20.317369	4.515095
42.6	10.346183	9.971197	20.317379	4.425409
42.7	10.529077	9.788306	20.317383	4.371819
42.8	13.172930	7.144442	20.317372	4.362660
42.9	16.633628	3.683724	20.317352	4.397207
43	18.127521	2.189822	20.317343	4.460562
43.1	16.393267	3.924083	20.317351	4.527238
43.2	12.636241	7.681125	20.317366	4.570110
43.3	9.389389	10.927992	20.317381	4.568197
43.4	8.975183	11.342201	20.317383	4.511209
43.5	11.710128	8.607240	20.317368	4.400643
43.6	15.406736	4.910613	20.317349	4.247761
43.7	17.335146	2.982198	20.317344	4.069493
43.8	16.521061	3.796291	20.317352	3.883756
43.9	14.091042	6.226324	20.317366	3.705471
44	12.015239	8.302137	20.317377	3.543935
44.1	11.636961	8.680413	20.317374	3.401948
44.2	12.479663	7.837699	20.317362	3.276903
44.3	13.090402	7.226956	20.317358	3.162984
44.4	13.006387	7.310975	20.317363	3.052813
44.5	12.905730	7.411637	20.317367	2.938253
44.6	13.460524	6.856840	20.317365	2.811487
44.7	14.317431	5.999926	20.317357	2.666935
44.8	14.358040	5.959315	20.317355	2.503286
44.9	13.267706	7.049661	20.317367	2.324437
45	12.546544	7.770837	20.317381	2.138459
45.1	13.730077	6.587296	20.317372	1.954694
45.2	15.759205	4.558150	20.317355	1.780076
45.3	16.419807	3.897545	20.317352	1.616784
45.4	15.261407	5.055955	20.317362	1.463632
45.5	13.630567	6.686803	20.317370	1.321750
45.6	12.732590	7.584779	20.317369	1.200421
45.7	12.487849	7.829515	20.317364	1.115272
45.8	12.251938	8.065427	20.317365	1.075580
45.9	12.058470	8.258899	20.317370	1.071998
46	12.494906	7.822463	20.317369	1.080934
46.1	13.503098	6.814265	20.317363	1.080741
46.2	14.290453	6.026907	20.317360	1.062850
46.3	14.344496	5.972866	20.317362	1.032995
46.4	13.858390	6.458975	20.317365	1.006311
46.5	13.367099	6.950270	20.317369	0.999990
46.6	13.432356	6.885014	20.317370	1.026444
46.7	14.252387	6.064979	20.317366	1.090017
46.8	15.129250	5.188107	20.317357	1.188142
46.9	14.815308	5.502046	20.317354	1.314426
47	12.910126	7.407237	20.317363	1.460735
47.1	10.788804	9.528574	20.317378	1.618092
47.2	10.634870	9.682513	20.317383	1.777687
47.3	13.143261	7.174109	20.317370	1.932145
47.4	16.382918	3.934431	20.317349	2.076192
47.5	17.436552	2.880789	20.317341	2.206391
47.6	15.320299	4.997056	20.317355	2.320700
47.7	12.120456	8.196922	20.317379	2.418805
47.8	11.079218	9.238169	20.317387	2.503144
47.9	13.243061	7.074308	20.317369	2.579540
48	16.106013	4.211334	20.317347	2.656183
48.1	16.672093	3.645254	20.317348	2.740339
48.2	14.862133	5.455229	20.317362	2.834113
48.3	12.712687	7.604684	20.317372	2.932537
48.4	11.696180	8.621191	20.317371	3.025670
48.5	11.840913	8.476452	20.317365	3.102816
48.6	12.438538	7.878825	20.317363	3.156054
48.7	13.142901	7.174465	20.317366	3.181931
48.8	14.248250	6.069112	20.317362	3.181707
48.9	15.244844	5.072507	20.317351	3.161076
49	14.785649	5.531701	20.317350	3.130140
49.1	12.721527	7.595833	20.317361	3.103572
49.2	10.550046	9.767327	20.317373	3.098954
49.3	10.084238	10.233138	20.317377	3.131232
49.4	11.887779	8.429588	20.317368	3.206688
49.5	14.632439	5.684914	20.317352	3.322036
49.6	16.003706	4.313637	20.317343	3.466988
49.7	14.626427	5.690923	20.317350	3.626367
49.8	11.496357	8.821011	20.317368	3.782042
49.9	9.347808	10.969574	20.317382	3.916014
50	10.181946	10.135431	20.317377	4.014423
50.1	13.185800	7.131554	20.317355	4.071138
50.2	15.309245	5.008094	20.317339	4.089530
50.3	14.416786	5.900562	20.317347	4.081587
50.4	11.665422	8.651948	20.317370	4.064356
50.5	10.102466	10.214914	20.317381	4.054840
50.6	11.312980	9.004395	20.317375	4.065218
50.7	14.414996	5.902365	20.317361	4.099889
50.8	17.180713	3.136635	20.317348	4.154666
50.9	17.517448	2.799898	20.317346	4.217741
51	15.051561	5.265799	20.317360	4.272398
51.1	11.799829	8.517550	20.317379	4.301627
51.2	10.603574	9.713811	20.317385	4.293859
51.3	12.386861	7.930510	20.317371	4.247648
51.4	15.229895	5.087456	20.317351	4.172813
51.5	16.391187	3.926159	20.317346	4.087338
51.6	15.172891	5.144470	20.317361	4.011683
51.7	13.571632	6.745746	20.317378	3.963234
51.8	13.769018	6.548356	20.317374	3.952755
51.9	15.280467	5.036891	20.317358	3.982970
52	15.869702	4.447649	20.317351	4.048208
52.1	14.713194	5.604167	20.317361	4.134997
52.2	13.235934	7.081439	20.317373	4.224746
52.3	13.168552	7.148821	20.317373	4.299110
52.4	14.533069	5.784293	20.317362	4.346298
52.5	15.776390	4.540962	20.317353	4.365078
52.6	15.596654	4.720700	20.317354	4.364794
52.7	14.145168	6.172193	20.317361	4.362198
52.8	12.530429	7.786938	20.317368	4.376476
52.9	11.761831	8.555539	20.317370	4.423470
53	12.191026	8.126341	20.317368	4.510395
53.1	13.423420	6.893942	20.317362	4.632951
53.2	14.593923	5.723434	20.317357	4.776633
53.3	15.018331	5.299025	20.317356	4.922455
53.4	14.611811	5.705546	20.317357	5.055038
53.5	13.653093	6.664267	20.317359	5.168586
53.6	12.571514	7.745849	20.317363	5.266560
53.7	12.020921	8.296447	20.317368	5.356650
53.8	12.651007	7.666361	20.317368	5.446331
53.9	14.287015	6.030345	20.317360	5.541225
54	15.767874	4.549481	20.317355	5.645383
54.1	16.237757	4.079603	20.317359	5.761719
54.2	15.961701	4.355662	20.317364	5.891436
54.3	15.311200	5.006161	20.317361	6.033120
54.4	14.056483	6.260881	20.317363	6.183248
54.5	12.643771	7.673599	20.317370	6.338720
54.6	12.119476	8.197894	20.317370	6.499199
54.7	12.524054	7.793308	20.317362	6.666322
54.8	12.923562	7.393798	20.317359	6.840631
54.9	12.949954	7.367409	20.317363	7.019490
55	13.096874	7.220491	20.317364	7.197071
55.1	13.515969	6.801391	20.317361	7.365624
55.2	13.691115	6.626245	20.317360	7.517334
55.3	13.423246	6.894118	20.317364	7.646471
55.4	13.125649	7.191719	20.317368	7.751468
55.5	13.281938	7.035434	20.317372	7.836291
55.6	14.358679	5.958694	20.317373	7.910137
55.7	16.360902	3.956460	20.317363	7.984864
55.8	17.849977	2.467369	20.317346	8.071015
55.9	16.748267	3.569077	20.317344	8.174510
56	12.962984	7.354379	20.317364	8.295198
56.1	9.393131	10.924256	20.317387	8.427192
56.2	9.350528	10.966859	20.317387	8.560405
56.3	12.995027	7.322337	20.317364	8.682306
56.4	17.006194	3.311148	20.317341	8.779355
56.5	17.981642	2.335701	20.317342	8.838734
56.6	15.838801	4.478564	20.317364	8.851213
56.7	13.472464	6.844918	20.317383	8.814690
56.8	13.327634	6.989747	20.317381	8.736566
56.9	15.122243	5.195124	20.317367	8.632861
57	16.829781	3.487576	20.317357	8.523375
57.1	16.977514	3.339844	20.317358	8.424830
57.2	15.753291	4.564073	20.317365	8.345655
57.3	14.274094	6.043274	20.317368	8.284638
57.4	13.179166	7.138199	20.317364	8.232824
57.5	12.187604	8.129758	20.317361	8.176864
57.6	11.046849	9.270517	20.317366	8.102395
57.7	10.488256	9.829118	20.317374	7.997056
57.8	11.660003	8.657371	20.317375	7.853162
57.9	14.530928	5.786436	20.317363	7.669403
58	17.292944	3.024406	20.317350	7.450613
58.1	17.858161	2.459189	20.317350	7.205247
58.2	16.043688	4.273678	20.317366	6.941791
58.3	13.926544	6.390839	20.317382	6.666682
58.4	13.745261	6.572120	20.317381	6.385423
58.5	15.529310	4.788055	20.317365	6.105022
58.6	17.234972	3.082380	20.317352	5.834594
58.7	17.043667	3.273686	20.317352	5.583742
58.8	15.097165	5.220199	20.317364	5.360584
58.9	13.075261	7.242114	20.317374	5.170656
59	12.393285	7.924090	20.317374	5.016461
59.1	13.025674	7.291694	20.317368	4.897047
59.2	14.015909	6.301455	20.317364	4.807753
59.3	14.728490	5.588877	20.317367	4.741069
59.4	15.353861	4.963509	20.317371	4.689201
59.5	16.370661	3.946709	20.317370	4.647558
59.6	17.603338	2.714024	20.317362	4.617150
59.7	17.993339	2.324016	20.317355	4.603952
59.8	16.673497	3.643862	20.317358	4.615202
59.9	14.131669	6.185700	20.317370	4.654853
60	12.066392	8.250989	20.317380	4.720912
60.1	12.023164	8.294216	20.317380	4.805832
60.2	13.914170	6.403197	20.317367	4.899159
60.3	15.993063	4.324293	20.317356	4.990754
60.4	16.667513	3.649843	20.317356	5.073353
60.5	15.877619	4.439745	20.317364	5.144032
60.6	14.797249	5.520125	20.317373	5.204659
60.7	14.713846	5.603530	20.317376	5.261242
60.8	15.947827	4.369543	20.317369	5.321855
60.9	17.454225	2.863134	20.317359	5.393114
61	17.788148	2.529209	20.317357	5.476267
61.1	16.688175	3.629190	20.317365	5.564895
61.2	15.300900	5.016472	20.317372	5.645728
61.3	14.842100	5.475273	20.317372	5.702494
61.4	15.421223	4.896142	20.317366	5.721302
61.5	16.150180	4.167181	20.317361	5.695608
61.6	16.328615	3.988748	20.317363	5.629012
61.7	16.215487	4.101881	20.317368	5.534682
61.8	16.351266	3.966101	20.317367	5.431455
61.9	16.546290	3.771074	20.317364	5.338276
62	16.321513	3.995854	20.317367	5.269358
62.1	15.950610	4.366761	20.317371	5.230957
62.2	16.030920	4.286450	20.317369	5.219856
62.3	16.385909	3.931453	20.317361	5.225367
62.4	16.103772	4.213586	20.317358	5.233654
62.5	14.821229	5.496135	20.317365	5.231204
62.6	13.651810	6.665566	20.317376	5.207784
62.7	14.133560	6.183817	20.317377	5.159448
62.8	16.298177	4.019189	20.317366	5.089931
62.9	18.435416	1.881939	20.317355	5.008672
63	18.835145	1.482210	20.317355	4.925961
63.1	17.367827	2.949537	20.317364	4.847992
63.2	15.257001	5.060369	20.317370	4.774633
63.3	13.652085	6.665284	20.317370	4.701165
63.4	12.772047	7.545319	20.317365	4.623228
63.5	12.244992	8.072373	20.317365	4.540735
63.6	12.077808	8.239562	20.317370	4.457003
63.7	12.923799	7.393575	20.317374	4.375365
63.8	15.119650	5.197717	20.317368	4.296817
63.9	17.435935	2.881418	20.317353	4.219513
64	17.786775	2.530575	20.317350	4.139527
64.1	15.826058	4.491306	20.317364	4.052575
64.2	13.433771	6.883607	20.317378	3.956255
64.3	12.580342	7.737036	20.317378	3.851518
64.4	13.442416	6.874950	20.317366	3.741945
64.5	14.638605	5.678752	20.317357	3.630842
64.6	14.952928	5.364429	20.317357	3.518211
64.7	14.534185	5.783180	20.317365	3.400225
64.8	14.431149	5.886222	20.317371	3.271842
64.9	15.316177	5.001195	20.317371	3.130513
65	16.875706	3.441659	20.317365	2.978335
65.1	17.992539	2.324820	20.317359	2.821480
65.2	17.706949	2.610410	20.317359	2.667796
65.3	16.089921	4.227444	20.317364	2.524664
65.4	14.021146	6.296227	20.317373	2.398346
65.5	12.874270	7.443109	20.317379	2.294324
65.6	13.631507	6.685868	20.317374	2.217219
65.7	15.629728	4.687632	20.317360	2.169542
65.8	16.906797	3.410555	20.317352	2.149893
65.9	16.289082	4.028277	20.317359	2.151825
66	14.627568	5.689803	20.317371	2.164189
66.1	13.592834	6.724541	20.317375	2.172914
66.2	13.749800	6.567567	20.317367	2.163765
66.3	14.106201	6.211157	20.317358	2.125557
66.4	13.531088	6.786273	20.317361	2.053137
66.5	12.530998	7.786374	20.317372	1.949220
66.6	12.750652	7.566724	20.317376	1.824366
66.7	14.706001	5.611364	20.317365	1.695100
66.8	16.821518	3.495833	20.317351	1.580870
66.9	17.023636	3.293713	20.317349	1.500315
67	15.062926	5.254438	20.317364	1.466882
67.1	12.938748	7.378632	20.317380	1.484474
67.2	12.900021	7.417362	20.317383	1.545814
67.3	15.220683	5.096688	20.317371	1.635426
67.4	18.048756	2.268599	20.317356	1.735227
67.5	19.162843	1.154508	20.317351	1.829499
67.6	17.850590	2.466770	20.317360	1.908039
67.7	15.424063	4.893312	20.317375	1.967651
67.8	13.970364	6.347017	20.317381	2.012080
67.9	14.470748	5.846627	20.317375	2.050272
68	16.095380	4.221984	20.317364	2.092920
68.1	17.294511	3.022849	20.317360	2.147921
68.2	17.396318	2.921046	20.317364	2.216583
68.3	16.899950	3.417418	20.317368	2.292569
68.4	16.420849	3.896518	20.317368	2.363922
68.5	15.973931	4.343434	20.317365	2.416939
68.6	15.205302	5.112062	20.317364	2.440136
68.7	14.067387	6.249982	20.317369	2.427212
68.8	13.265165	7.052210	20.317376	2.378726
68.9	13.762386	6.554990	20.317376	2.302475
69	15.595458	4.721909	20.317367	2.212189
69.1	17.436909	2.880448	20.317358	2.124165
69.2	17.835528	2.481830	20.317359	2.052161
69.3	16.845791	3.471579	20.317370	2.002705
69.4	15.933936	4.383441	20.317378	1.973924
69.5	16.230637	4.086737	20.317374	1.958296
69.6	17.293039	3.024324	20.317363	1.946015
69.7	17.679733	2.637624	20.317357	1.927440
69.8	16.615915	3.701449	20.317363	1.896810
69.9	14.973477	5.343898	20.317375	1.858378
70	14.425939	5.891441	20.317380	1.831995
70.1	15.703956	4.613419	20.317374	1.851222
70.2	17.891255	2.426109	20.317364	1.947674
70.3	19.351212	0.966146	20.317359	2.129882
70.4	19.233905	1.083458	20.317363	2.380020
70.5	18.030591	2.286780	20.317370	2.672140
70.6	16.693286	3.624087	20.317373	2.988787
70.7	15.745363	4.572010	20.317373	3.321262
70.8	15.395882	4.921491	20.317373	3.661681
70.9	15.723933	4.593438	20.317371	3.999406
71	16.432582	3.884784	20.317366	4.323032
71.1	16.846414	3.470949	20.317363	4.623361
71.2	16.518431	3.798935	20.317365	4.894437
71.3	15.742260	4.575111	20.317371	5.132458
71.4	15.256912	5.060462	20.317374	5.333898
71.5	15.472527	4.844845	20.317372	5.494305
71.6	16.097785	4.219582	20.317367	5.608671
71.7	16.627997	3.689369	20.317366	5.673419
71.8	16.808158	3.509207	20.317365	5.689011
71.9	16.520928	3.796437	20.317365	5.661702
72	15.882850	4.434520	20.317370	5.603471
72.1	15.519532	4.797843	20.317375	5.529893
72.2	16.138199	4.179177	20.317376	5.456164
72.3	17.644503	2.672866	20.317368	5.391860
72.4	18.914941	1.402418	20.317359	5.336471
72.5	18.699121	1.618237	20.317358	5.279370
72.6	16.946990	3.370377	20.317368	5.205239
72.7	15.035441	5.281935	20.317376	5.101036
72.8	14.324087	5.993288	20.317375	4.960977
72.9	14.863528	5.453840	20.317368	4.788638
73	15.750773	4.566590	20.317363	4.596001
73.1	16.225396	4.091968	20.317364	4.399611
73.2	16.302648	4.014720	20.317368	4.215015
73.3	16.475255	3.842115	20.317370	4.051722
73.4	16.886892	3.430475	20.317367	3.911350
73.5	17.107484	3.209882	20.317366	3.790160
73.6	16.881325	3.436044	20.317369	3.684553
73.7	16.576533	3.740839	20.317372	3.596041
73.8	16.564452	3.752917	20.317370	3.532966
73.9	16.579212	3.738153	20.317365	3.508602
74	16.097001	4.220364	20.317365	3.536731
74.1	15.207981	5.109389	20.317370	3.626320
74.2	14.762239	5.555135	20.317375	3.777760
74.3	15.459424	4.857948	20.317372	3.982620
74.4	16.889988	3.427375	20.317364	4.226675
74.5	17.790522	2.526837	20.317359	4.494321
74.6	17.401995	2.915369	20.317364	4.772966
74.7	16.401624	3.915751	20.317375	5.056896
74.8	16.238217	4.079162	20.317379	5.349139
74.9	17.460368	2.857003	20.317371	5.657999
75	18.906316	1.411042	20.317358	5.987844
75.1	18.798505	1.518848	20.317353	6.331135
75.2	16.641068	3.676295	20.317363	6.668202
75.3	13.924569	6.392808	20.317377	6.973220
75.4	12.842508	7.474874	20.317382	7.221833
75.5	14.183642	6.133730	20.317372	7.397523
75.6	16.450892	3.866464	20.317356	7.495377
75.7	17.299988	3.017364	20.317352	7.522550
75.8	16.078694	4.238671	20.317365	7.495063
75.9	14.529840	5.787540	20.317380	7.431526
76	14.611080	5.706300	20.317380	7.346407
76.1	16.289879	4.027489	20.317368	7.247015
76.2	17.869528	2.447829	20.317357	7.135743
76.3	17.839843	2.477515	20.317358	7.014329
76.4	16.282912	4.034456	20.317368	6.886649
76.5	14.710431	5.606947	20.317378	6.759388
76.6	14.547810	5.769569	20.317378	6.641052
76.7	15.820219	4.497152	20.317370	6.539767
76.8	17.345215	2.972147	20.317363	6.460558
76.9	17.990811	2.326551	20.317362	6.403212
77	17.578173	2.739194	20.317367	6.361679
77.1	16.764029	3.553344	20.317373	6.325431
77.2	16.345754	3.971622	20.317376	6.282541
77.3	16.642347	3.675026	20.317373	6.223709
77.4	17.307708	3.009660	20.317368	6.145740
77.5	17.668855	2.648510	20.317365	6.052478
77.6	17.298822	3.018543	20.317365	5.952150
77.7	16.307541	4.009826	20.317367	5.852668
77.8	15.157076	5.160293	20.317369	5.757883
77.9	14.303447	6.013924	20.317371	5.666777
78	14.002754	6.314615	20.317370	5.575413
78.1	14.208778	6.108588	20.317366	5.480029
78.2	14.491022	5.826340	20.317363	5.379662
78.3	14.387641	5.929723	20.317364	5.277634
78.4	14.081664	6.235706	20.317369	5.181937
78.5	14.308338	6.009034	20.317372	5.103625
78.6	15.315496	5.001871	20.317367	5.051575
78.7	16.377077	3.940283	20.317361	5.025528
78.8	16.638138	3.679223	20.317362	5.013413
78.9	16.144848	4.172520	20.317368	4.995544
79	15.726791	4.590580	20.317372	4.953007
79.1	15.880093	4.437276	20.317368	4.875921
79.2	16.166738	4.150626	20.317364	4.768132
79.3	15.968608	4.348758	20.317365	4.646629
79.4	15.508709	4.808663	20.317372	4.536422
79.5	15.698969	4.618406	20.317376	4.463503
79.6	16.866673	3.450696	20.317368	4.447684
79.7	17.946009	2.371350	20.317359	4.495106
79.8	17.684648	2.632712	20.317361	4.593988
79.9	16.445232	3.872141	20.317373	4.719137
80	15.878554	4.438825	20.317379	4.842340
80.1	16.847269	3.470103	20.317372	4.941955
80.2	18.278498	2.038860	20.317359	5.008275
80.3	18.387823	1.929533	20.317355	5.043957
80.4	16.741216	3.576149	20.317365	5.060216
80.5	14.723072	5.594305	20.317377	5.070583
80.6	13.927336	6.390041	20.317377	5.084858
80.7	14.505531	5.811838	20.317370	5.105697
80.8	15.432848	4.884517	20.317364	5.128567
80.9	15.906391	4.410974	20.317366	5.144281
81	16.047417	4.269953	20.317369	5.142999
81.1	16.313910	4.003459	20.317369	5.118418
81.2	16.608939	3.708426	20.317365	5.070717
81.3	16.470561	3.846805	20.317366	5.007084
81.4	15.973040	4.344331	20.317372	4.939571
81.5	15.854993	4.462383	20.317376	4.881140
81.6	16.629345	3.688028	20.317373	4.841669
81.7	17.861993	2.455373	20.317366	4.825739
81.8	18.549495	1.767867	20.317363	4.832564
81.9	18.137652	2.179714	20.317366	4.856689
82	17.055189	3.262184	20.317373	4.888540
82.1	16.275885	4.041493	20.317377	4.915700
82.2	16.418904	3.898472	20.317375	4.925525
82.3	17.206245	3.111122	20.317368	4.908134
82.4	17.664239	2.653123	20.317361	4.858222
82.5	16.975976	3.341386	20.317362	4.774978
82.6	15.408114	4.909258	20.317371	4.660474
82.7	14.326443	5.990937	20.317380	4.517587
82.8	14.968690	5.348689	20.317379	4.348703
82.9	17.115921	3.201447	20.317368	4.156097
83	19.147798	1.169559	20.317358	3.943714
83.1	19.497692	0.819665	20.317357	3.718777
83.2	17.999666	2.317699	20.317366	3.491846
83.3	15.863302	4.454074	20.317376	3.275427
83.4	14.566305	5.751076	20.317381	3.082061
83.5	14.856158	5.461220	20.317378	2.922400
83.6	16.405263	3.912106	20.317368	2.802944
83.7	17.906172	2.411184	20.317356	2.723142
83.8	17.804017	2.513336	20.317352	2.672979
83.9	15.756664	4.560699	20.317363	2.633466
84	13.384554	6.932824	20.317378	2.581393
84.1	12.893599	7.423783	20.317381	2.496879
84.2	14.747149	5.570220	20.317369	2.370395
84.3	17.147375	3.169981	20.317355	2.206222
84.4	18.003889	2.313466	20.317355	2.021086
84.5	16.966242	3.351123	20.317365	1.838837
84.6	15.310577	5.006797	20.317374	1.683591
84.7	14.396807	5.920569	20.317376	1.573941
84.8	14.576292	5.741079	20.317371	1.519738
84.9	15.239551	5.077814	20.317365	1.522017
85	15.663199	4.654165	20.317364	1.575729
85.1	15.712292	4.605075	20.317367	1.673086
85.2	15.736902	4.580467	20.317369	1.805052
85.3	15.975715	4.341653	20.317368	1.960760
85.4	16.200425	4.116940	20.317365	2.126340
85.5	16.024569	4.292797	20.317367	2.284586
85.6	15.535958	4.781414	20.317372	2.416266
85.7	15.351833	4.965542	20.317375	2.503327
85.8	15.858894	4.458478	20.317371	2.533382
85.9	16.674917	3.642448	20.317365	2.504049
86	17.007958	3.309403	20.317361	2.425443
86.1	16.375116	3.942247	20.317363	2.319353
86.2	15.071773	5.245596	20.317369	2.214190
86.3	14.066492	6.250883	20.317375	2.136212
86.4	14.203011	6.114363	20.317374	2.100290
86.5	15.298582	5.018784	20.317366	2.106175
86.6	16.245397	4.071963	20.317360	2.143679
86.7	16.231958	4.085405	20.317363	2.201919
86.8	15.638284	4.679086	20.317370	2.274045
86.9	15.443224	4.874148	20.317371	2.356032
87	15.850052	4.467312	20.317364	2.444643
87.1	15.935253	4.382104	20.317358	2.538038
87.2	14.945323	5.372038	20.317362	2.637923
87.3	13.429108	6.888263	20.317371	2.750097
87.4	12.691166	7.626210	20.317376	2.881571
87.5	13.411152	6.906221	20.317373	3.035902
87.6	15.130952	5.186415	20.317367	3.210844
87.7	16.882209	3.435155	20.317364	3.401028
87.8	17.971499	2.345866	20.317365	3.603444
87.9	18.306785	2.010584	20.317369	3.819624
88	18.313007	2.004366	20.317373	4.051510
88.1	18.396548	1.920823	20.317371	4.295662
88.2	18.323080	1.994286	20.317366	4.541337
88.3	17.588938	2.728428	20.317366	4.772764
88.4	16.372545	3.944826	20.317372	4.973531
88.5	15.564423	4.752953	20.317376	5.131180
88.6	15.798587	4.518786	20.317373	5.240613
88.7	16.670068	3.647297	20.317365	5.305467
88.8	17.038645	3.278715	20.317360	5.337380
88.9	16.125290	4.192073	20.317362	5.353595
89	14.287803	6.029567	20.317370	5.373569
89.1	12.752696	7.564682	20.317378	5.415423
89.2	12.636243	7.681136	20.317379	5.493013
89.3	14.114384	6.202989	20.317373	5.613893
89.4	16.287491	4.029872	20.317364	5.777539
89.5	17.772102	2.545255	20.317358	5.973770
89.6	17.688774	2.628586	20.317359	6.182853
89.7	16.339185	3.978182	20.317367	6.378701
89.8	14.923445	5.393930	20.317374	6.534774
89.9	14.492439	5.824936	20.317375	6.630793
90	15.131558	5.185813	20.317370	6.657974
90.1	16.100185	4.217180	20.317365	6.621143
90.2	16.593511	3.723853	20.317363	6.537270
90.3	16.344751	3.972615	20.317366	6.431066
90.4	15.659243	4.658125	20.317368	6.329016
90.5	14.932220	5.385149	20.317368	6.253548
90.6	14.336334	5.981035	20.317369	6.218883
90.7	14.087064	6.230306	20.317370	6.229560
90.8	14.451788	5.865581	20.317368	6.281478
90.9	15.211193	5.106170	20.317363	6.364418
91	15.590892	4.726468	20.317361	6.465130
91.1	15.227490	5.089878	20.317368	6.570489
91.2	15.001404	5.315975	20.317378	6.670235
91.3	16.023047	4.294327	20.317374	6.758717
91.4	17.690467	2.626895	20.317362	6.835291
91.5	18.397015	1.920343	20.317358	6.903538
91.6	17.557942	2.759420	20.317362	6.969816
91.7	15.822872	4.494497	20.317368	7.041483
91.8	14.234441	6.082931	20.317372	7.124696
91.9	13.483213	6.834158	20.317371	7.221638
92	13.569213	6.748155	20.317368	7.327674
92.1	14.034876	6.282491	20.317367	7.429830
92.2	14.521320	5.796048	20.317368	7.508156
92.3	14.999466	5.317902	20.317368	7.540136
92.4	15.505073	4.812294	20.317367	7.506568
92.5	15.885974	4.431390	20.317364	7.397058
92.6	15.902787	4.414576	20.317364	7.213740
92.7	15.563702	4.753663	20.317365	6.972295
92.8	15.169393	5.147975	20.317367	6.699753
92.9	14.986333	5.331035	20.317368	6.429101
93	15.068700	5.248669	20.317369	6.191325
93.1	15.399449	4.917921	20.317370	6.006529
93.2	15.921002	4.396365	20.317368	5.877828
93.3	16.291205	4.026158	20.317364	5.793198
93.4	16.016962	4.300400	20.317362	5.734465
93.5	14.931220	5.386143	20.317363	5.684697
93.6	13.449252	6.868117	20.317369	5.630267
93.7	12.595736	7.721639	20.317375	5.561020
93.8	13.325200	6.992174	20.317373	5.471012
93.9	15.445313	4.872051	20.317364	5.359576
94	17.498350	2.819004	20.317355	5.231612
94.1	17.984557	2.332798	20.317355	5.096505
94.2	16.720992	3.596373	20.317365	4.965741
94.3	14.968106	5.349271	20.317376	4.849682
94.4	14.318742	5.998638	20.317380	4.754430
94.5	15.253428	5.063942	20.317370	4.680835
94.6	16.617959	3.699399	20.317358	4.627105
94.7	16.927702	3.389653	20.317355	4.592169
94.8	15.861719	4.455642	20.317361	4.575694
94.9	14.303624	6.013744	20.317369	4.575605
95	13.321860	6.995511	20.317371	4.586597
95.1	13.295905	7.021464	20.317369	4.601118
95.2	13.852489	6.464877	20.317366	4.611911
95.3	14.358929	5.958434	20.317363	4.614528
95.4	14.425197	5.892167	20.317364	4.608805
95.5	14.091552	6.225814	20.317366	4.599143
95.6	13.774449	6.542921	20.317370	4.593919
95.7	14.106755	6.210614	20.317369	4.604350
95.8	15.041607	5.275754	20.317361	4.642488
95.9	15.575771	4.741586	20.317357	4.717493
96	15.118170	5.199192	20.317362	4.830776
96.1	14.349931	5.967440	20.317371	4.973058
96.2	14.425431	5.891942	20.317373	5.125943
96.3	15.601844	4.715522	20.317367	5.267405
96.4	16.901827	3.415531	20.317359	5.378394
96.5	17.139102	3.178256	20.317357	5.448088
96.6	16.096129	4.221234	20.317363	5.476662
96.7	14.542957	5.774411	20.317368	5.474910
96.8	13.282334	7.035036	20.317370	5.460427
96.9	12.728313	7.589058	20.317371	5.451896
97	13.136413	7.180957	20.317370	5.464456
97.1	14.414377	5.902989	20.317365	5.507868
97.2	15.838490	4.478870	20.317359	5.586561
97.3	16.470161	3.847197	20.317358	5.699512
97.4	16.067033	4.250332	20.317364	5.839265
97.5	15.370072	4.947300	20.317371	5.991540
97.6	15.216762	5.100609	20.317371	6.137349
97.7	15.546076	4.771289	20.317365	6.257805
97.8	15.581063	4.736298	20.317361	6.339709
97.9	14.793138	5.524225	20.317363	6.379465
98	13.483384	6.833984	20.317368	6.383745
98.1	12.535514	7.781859	20.317373	6.366696
98.2	12.699982	7.617391	20.317372	6.344858
98.3	13.988380	6.328987	20.317367	6.331741
98.4	15.558200	4.759159	20.317360	6.333930
98.5	16.282179	4.035179	20.317358	6.350127
98.6	15.801606	4.515760	20.317366	6.373589
98.7	15.148084	5.169294	20.317378	6.396378
98.8	15.837666	4.479714	20.317379	6.412890
98.9	17.825112	2.492251	20.317363	6.421419
99	18.956711	1.360637	20.317348	6.423936
99.1	17.424074	2.893279	20.317353	6.424599
99.2	14.142489	6.174883	20.317372	6.427745
99.3	11.968054	8.349331	20.317384	6.436345
99.4	12.833365	7.484012	20.317378	6.451378
99.5	15.756540	4.560818	20.317358	6.471290
99.6	17.805145	2.512202	20.317347	6.490742
99.7	17.262076	3.055283	20.317358	6.500001
99.8	15.472392	4.844986	20.317378	6.486944
99.9	14.970571	5.346810	20.317381	6.441309
100	16.209896	4.107469	20.317365	6.358881
100.1	17.229562	3.087790	20.317352	6.243268
100.2	16.316867	4.000488	20.317355	6.104180
100.3	14.014466	6.302903	20.317369	5.952625
100.4	12.440751	7.876628	20.317379	5.795114
100.5	13.069381	7.247995	20.317375	5.630250
100.6	15.303340	5.014022	20.317363	5.450806
100.7	17.242029	3.075328	20.317357	5.250538
100.8	17.823505	2.493859	20.317364	5.030111
100.9	17.715970	2.601403	20.317372	4.797658
101	17.880237	2.437133	20.317370	4.565146
101.1	18.020764	2.296598	20.317361	4.343781
101.2	17.171830	3.145530	20.317360	4.140870
101.3	15.339165	4.978203	20.317368	3.959229
101.4	13.787385	6.529991	20.317376	3.798670
101.5	13.663055	6.654319	20.317374	3.657905
101.6	14.744442	5.572923	20.317365	3.535548
101.7	15.820855	4.496504	20.317360	3.430109
101.8	16.090902	4.226460	20.317363	3.339878
101.9	15.845637	4.471733	20.317369	3.263491
102	15.829225	4.488147	20.317373	3.200677
102.1	16.342589	3.974781	20.317371	3.151790
102.2	17.041519	3.275847	20.317367	3.115701
102.3	17.307800	3.009564	20.317364	3.087591
102.4	16.814894	3.502470	20.317364	3.058443
102.5	15.780310	4.537056	20.317366	3.016763
102.6	14.716613	5.600754	20.317367	2.951895
102.7	14.014057	6.303310	20.317366	2.857760
102.8	13.666899	6.650466	20.317365	2.735736
102.9	13.482350	6.835016	20.317366	2.595569
103	13.598545	6.718825	20.317369	2.453746
103.1	14.437406	5.879964	20.317370	2.329590
103.2	15.965277	4.352087	20.317365	2.240190
103.3	17.312501	3.004857	20.317358	2.195750
103.4	17.423235	2.894122	20.317357	2.197022
103.5	16.148224	4.169139	20.317363	2.235595
103.6	14.415115	5.902254	20.317370	2.296514
103.7	13.293414	7.023957	20.317371	2.362239
103.8	13.199823	7.117545	20.317368	2.417497
103.9	13.810367	6.506996	20.317363	2.454282
104	14.474612	5.842749	20.317360	2.474915
104.1	14.798566	5.518796	20.317362	2.490782
104.2	14.892159	5.425206	20.317365	2.517093
104.3	15.080421	5.236947	20.317368	2.566898
104.4	15.571159	4.746210	20.317369	2.647251
104.5	16.298268	4.019098	20.317366	2.758004
104.6	16.811318	3.506044	20.317362	2.892232
104.7	16.590606	3.726754	20.317360	3.037606
104.8	15.522788	4.794575	20.317363	3.179139
104.9	14.122839	6.194530	20.317369	3.303714
105	13.431652	6.885722	20.317375	3.405272
105.1	14.232851	6.084521	20.317372	3.487914
105.2	16.081101	4.236262	20.317362	3.564413
105.3	17.425425	2.891929	20.317355	3.650887
105.4	17.077300	3.240060	20.317360	3.761116
105.5	15.528343	4.789030	20.317373	3.902939
105.6	14.463633	5.853747	20.317380	4.076878
105.7	14.911326	5.406048	20.317374	4.276548
105.8	16.143842	4.173519	20.317361	4.490380
105.9	16.504959	3.812395	20.317354	4.704159
106	15.163388	5.153971	20.317359	4.904166
106.1	12.986001	7.331371	20.317372	5.080572
106.2	11.737475	8.579905	20.317380	5.230126
106.3	12.483312	7.834065	20.317377	5.356827
106.4	14.691606	5.625760	20.317367	5.469924
106.5	16.736643	3.580716	20.317359	5.580121
106.6	17.379831	2.937530	20.317361	5.695904
106.7	16.731976	3.585390	20.317367	5.821595
106.8	15.577954	4.739414	20.317368	5.957475
106.9	14.354115	5.963253	20.317368	6.101087
107	13.211450	7.105919	20.317369	6.248125
107.1	12.467492	7.849880	20.317372	6.391974
107.2	12.532485	7.784887	20.317372	6.523174
107.3	13.504169	6.813201	20.317370	6.630730
107.4	15.041389	5.275978	20.317367	6.705324
107.5	16.613005	3.704359	20.317364	6.742827
107.6	17.687956	2.629406	20.317362	6.746510
107.7	17.816789	2.500573	20.317362	6.727043
107.8	17.063458	3.253912	20.317370	6.700112
107.9	16.362312	3.955065	20.317377	6.682410
108	16.646111	3.671262	20.317373	6.687312
108.1	17.430736	2.886625	20.317360	6.721723
108.2	17.108936	3.208416	20.317353	6.785027
108.3	14.842538	5.474822	20.317360	6.870245
108.4	11.903182	8.414194	20.317377	6.966595
108.5	10.796694	9.520691	20.317385	7.062347
108.6	12.753206	7.564168	20.317374	7.147232
108.7	16.169762	4.147590	20.317352	7.214065
108.8	17.928296	2.389045	20.317341	7.259362
108.9	16.406985	3.910367	20.317351	7.282848
109	12.959137	7.358235	20.317371	7.286128
109.1	10.469254	9.848130	20.317384	7.271285
109.2	10.843921	9.473461	20.317382	7.240385
109.3	13.720734	6.596632	20.317367	7.195876
109.4	16.863770	3.453579	20.317349	7.140626
109.5	17.718735	2.598607	20.317342	7.077011
109.6	15.546535	4.770821	20.317356	7.006217
109.7	12.437992	7.879385	20.317376	6.928747
109.8	11.470180	8.847202	20.317382	6.845702
109.9	13.467260	6.850104	20.317364	6.759355
110	15.966300	4.351041	20.317342	6.672145
110.1	15.762188	4.555151	20.317339	6.584589
110.2	12.565523	7.751840	20.317363	6.493741
110.3	9.781883	10.535505	20.317387	6.393816
110.4	10.786089	9.531292	20.317381	6.279227
110.5	14.685422	5.631931	20.317353	6.148270
110.6	17.453559	2.863778	20.317337	6.004994
110.7	16.623682	3.693666	20.317348	5.858332
110.8	13.556827	6.760545	20.317372	5.719361
110.9	11.529233	8.788152	20.317385	5.598079
111	12.523346	7.794032	20.317378	5.500686
111.1	15.598865	4.718493	20.317358	5.427849
111.2	17.797849	2.519494	20.317343	5.374051
111.3	16.866179	3.451169	20.317348	5.327841
111.4	13.489761	6.827610	20.317371	5.273311
111.5	10.870205	9.447186	20.317391	5.193478
111.6	11.581567	8.735817	20.317384	5.075480
111.7	14.782563	5.534798	20.317361	4.915849
111.8	17.370961	2.946384	20.317345	4.723066
111.9	17.088783	3.228564	20.317347	4.515472
112	14.319865	5.997499	20.317364	4.315125
112.1	11.585278	8.732102	20.317380	4.140454
112.2	11.133109	9.184271	20.317380	4.001352
112.3	12.901745	7.415622	20.317367	3.899031
112.4	15.020938	5.296420	20.317357	3.829727
112.5	16.050883	4.266477	20.317360	3.788834
112.6	16.175343	4.142024	20.317367	3.773069
112.7	16.193999	4.123368	20.317367	3.780862
112.8	16.205202	4.112162	20.317364	3.811986
112.9	15.753742	4.563620	20.317362	3.866782
113	14.623840	5.693524	20.317364	3.944931
113.1	13.285006	7.032364	20.317370	4.044234
113.2	12.604255	7.713117	20.317372	4.160626
113.3	12.974959	7.342409	20.317368	4.290011
113.4	13.911668	6.405695	20.317362	4.430796
113.5	14.621953	5.695407	20.317360	4.585195
113.6	14.735479	5.581883	20.317362	4.758097
113.7	14.461440	5.855925	20.317366	4.953770
113.8	14.334971	5.982397	20.317368	5.172155
113.9	14.646343	5.671022	20.317364	5.407130
114	14.898298	5.419060	20.317358	5.648291
114.1	14.331629	5.985729	20.317358	5.885482
114.2	13.148797	7.168571	20.317368	6.112996
114.3	12.729831	7.587543	20.317375	6.330383
114.4	13.945278	6.372086	20.317364	6.540245
114.5	15.405700	4.911648	20.317349	6.745991
114.6	15.012133	5.305218	20.317351	6.950891
114.7	13.081641	7.235729	20.317369	7.157669
114.8	12.136030	8.181349	20.317379	7.367444
114.9	13.559139	6.758229	20.317368	7.578029
115	15.749230	4.568118	20.317348	7.783142
115.1	15.966146	4.351197	20.317343	7.973547
115.2	13.511968	6.805391	20.317359	8.139752
115.3	10.699529	9.617850	20.317379	8.275151
115.4	10.452146	9.865236	20.317382	8.378012
115.5	13.187755	7.129610	20.317365	8.451095
115.6	16.366663	3.950682	20.317345	8.499530
115.7	17.072219	3.245124	20.317343	8.528755
115.8	14.864505	5.452855	20.317359	8.543521
115.9	12.159865	8.157513	20.317378	8.547493
116	11.594417	8.722960	20.317377	8.542983
116.1	13.005362	7.311996	20.317358	8.532261
116.2	13.936223	6.381125	20.317348	8.520732
116.3	13.041565	7.275793	20.317359	8.517318
116.4	11.767553	8.549821	20.317374	8.529899
116.5	12.302739	8.014636	20.317375	8.560311
116.6	14.701294	5.616065	20.317359	8.603048
116.7	16.632697	3.684647	20.317344	8.647063
116.8	15.907974	4.409374	20.317348	8.678274
116.9	13.087119	7.230251	20.317370	8.682619
117	11.220909	9.096477	20.317386	8.650290
117.1	12.478828	7.838548	20.317375	8.580033
117.2	15.468152	4.849200	20.317352	8.480931
117.3	16.969212	3.348129	20.317341	8.369819
117.4	15.400143	4.917207	20.317350	8.265478
117.5	12.137602	8.179767	20.317369	8.183414
117.6	10.026540	10.290842	20.317381	8.133206
117.7	10.823675	9.493701	20.317377	8.117352
117.8	13.786260	6.531100	20.317360	8.131020
117.9	16.420831	3.896517	20.317347	8.162857
118	16.774910	3.542439	20.317349	8.196663
118.1	15.042811	5.274552	20.317363	8.213961
118.2	13.194879	7.122498	20.317378	8.197551
118.3	13.199920	7.117457	20.317377	8.135595
118.4	14.742744	5.574614	20.317358	8.024748
118.5	15.312301	5.005048	20.317349	7.870624
118.6	13.715997	6.601363	20.317360	7.685270
118.7	11.416519	8.900855	20.317374	7.483021
118.8	10.490789	9.826590	20.317379	7.276841
118.9	11.642420	8.674952	20.317372	7.076613
119	13.979808	6.337554	20.317362	6.889175
119.1	16.074472	4.242885	20.317357	6.718530
119.2	17.020878	3.296478	20.317356	6.565223
119.3	16.546984	3.770372	20.317356	6.425577
119.4	14.778082	5.539279	20.317361	6.292315
119.5	12.539384	7.777987	20.317371	6.156872
119.6	11.262155	9.055222	20.317376	6.011833
119.7	11.732344	8.585027	20.317372	5.851818
119.8	13.344602	6.972762	20.317364	5.672906
119.9	14.868074	5.449284	20.317358	5.472136
120	15.392171	4.925187	20.317357	5.248661
120.1	14.792272	5.525090	20.317362	5.006261
120.2	13.782510	6.534859	20.317369	4.754626
120.3	13.415101	6.902272	20.317373	4.506901
120.4	14.261824	6.055547	20.317371	4.274347
120.5	15.928091	4.389272	20.317364	4.061775
120.6	17.215854	3.101503	20.317357	3.867057
120.7	17.057839	3.259522	20.317360	3.685165
120.8	15.788747	4.528625	20.317372	3.513785
120.9	14.847165	5.470210	20.317375	3.356370
121	14.802938	5.514430	20.317368	3.221037
121.1	14.947173	5.370191	20.317363	3.117015
121.2	14.786822	5.530544	20.317366	3.051166
121.3	14.741553	5.575818	20.317370	3.025977
121.4	15.378206	4.939164	20.317369	3.039021
121.5	16.462506	3.854858	20.317364	3.083106
121.6	17.111320	3.206042	20.317363	3.146616
121.7	16.933804	3.383566	20.317369	3.214678
121.8	16.627387	3.689988	20.317376	3.272198
121.9	16.957029	3.360343	20.317372	3.308527
122	17.532989	2.784374	20.317363	3.321451
122.1	17.211496	3.105863	20.317358	3.317802
122.2	15.527277	4.790088	20.317365	3.310162
122.3	13.587930	6.729446	20.317377	3.311639
122.4	13.144805	7.172574	20.317380	3.331462
122.5	14.632461	5.684908	20.317370	3.373090
122.6	16.609005	3.708354	20.317359	3.434913
122.7	17.397180	2.920180	20.317360	3.512566
122.8	16.908992	3.408378	20.317370	3.601670
122.9	16.402755	3.914621	20.317376	3.699924
123	16.705147	3.612226	20.317372	3.807792
123.1	17.341664	2.975701	20.317365	3.927824
123.2	17.365361	2.952001	20.317362	4.063223
123.3	16.527577	3.789788	20.317366	4.216123
123.4	15.449869	4.867501	20.317370	4.385798
123.5	14.811382	5.505988	20.317370	4.567349
123.6	14.731447	5.585922	20.317369	4.751827
123.7	15.055749	5.261621	20.317370	4.928372
123.8	15.788456	4.528914	20.317370	5.087394
123.9	16.790827	3.526538	20.317365	5.222836
124	17.293590	3.023768	20.317358	5.332678
124.1	16.354179	3.963178	20.317357	5.418150
124.2	14.022971	6.294396	20.317367	5.481938
124.3	11.660080	8.657296	20.317376	5.526356
124.4	10.744952	9.572426	20.317377	5.552487
124.5	11.572162	8.745208	20.317370	5.560201
124.6	13.199643	7.117718	20.317361	5.548622
124.7	14.358102	5.959255	20.317357	5.516856
124.8	14.430575	5.886786	20.317360	5.464776
124.9	13.828752	6.488616	20.317367	5.393662
125	13.480954	6.836418	20.317371	5.306907
125.1	13.922402	6.394969	20.317370	5.211242
125.2	14.964622	5.352744	20.317366	5.118154
125.3	15.963782	4.353580	20.317361	5.043348
125.4	16.235613	4.081747	20.317360	5.001789
125.5	15.608326	4.709037	20.317363	5.000101
125.6	14.533017	5.784349	20.317366	5.031592
125.7	13.628102	6.689266	20.317367	5.076469
125.8	13.366754	6.950613	20.317367	5.106591
125.9	13.816416	6.500947	20.317363	5.093252
126	14.478967	5.838392	20.317359	5.015851
126.1	14.717250	5.600110	20.317360	4.868591
126.2	14.467957	5.849408	20.317365	4.663015
126.3	14.353885	5.963486	20.317370	4.425690
126.4	14.946277	5.371092	20.317369	4.191744
126.5	15.924275	4.393085	20.317360	3.995827
126.6	16.084274	4.233079	20.317353	3.863017
126.7	14.515915	5.801442	20.317358	3.803692
126.8	12.021301	8.296072	20.317373	3.815256
126.9	10.836780	9.480603	20.317383	3.888289
127	12.412756	7.904619	20.317375	4.011633
127.1	15.653347	4.664009	20.317356	4.173798
127.2	17.786878	2.530467	20.317345	4.361918
127.3	17.113611	3.203742	20.317353	4.560592
127.4	14.707005	5.610368	20.317373	4.752386
127.5	13.201703	7.115680	20.317383	4.920345
127.6	13.872379	6.444993	20.317373	5.051235
127.7	15.341492	4.975865	20.317357	5.137669
127.8	15.610518	4.706839	20.317356	5.178574
127.9	14.583338	5.734030	20.317367	5.179260
128	13.848179	6.469195	20.317374	5.152284
128.1	14.345073	5.972294	20.317367	5.118394
128.2	15.230492	5.086865	20.317357	5.104628
128.3	15.177246	5.140112	20.317358	5.137225
128.4	14.164564	6.152805	20.317368	5.232068
128.5	13.575270	6.742106	20.317376	5.388132
128.6	14.426051	5.891320	20.317371	5.586783
128.7	15.884361	4.432996	20.317357	5.797752
128.8	16.136969	4.180385	20.317354	5.990056
128.9	14.769221	5.548146	20.317367	6.141369
129	13.548365	6.769015	20.317380	6.241606
129.1	14.356063	5.961314	20.317377	6.292747
129.2	16.716741	3.600618	20.317359	6.307628
129.3	18.151966	2.165382	20.317348	6.307857
129.4	16.997153	3.320202	20.317356	6.319621
129.5	14.251665	6.065710	20.317375	6.367135
129.6	12.559531	7.757855	20.317387	6.466146
129.7	13.596242	6.721138	20.317380	6.620791
129.8	16.459789	3.857572	20.317361	6.823963
129.9	18.506129	1.811216	20.317346	7.059499
130	17.600055	2.717292	20.317347	7.305826
130.1	14.094815	6.222551	20.317366	7.540480
130.2	10.837267	9.480119	20.317386	7.744142
130.3	10.657352	9.660034	20.317386	7.903637
130.4	13.562486	6.754880	20.317366	8.014029
130.5	16.788319	3.529029	20.317349	8.079769
130.6	17.741447	2.575902	20.317349	8.114207
130.7	16.424251	3.893114	20.317365	8.136669
130.8	14.941402	5.375975	20.317377	8.167763
130.9	14.961140	5.356234	20.317375	8.225365
131	16.084619	4.232745	20.317364	8.322913
131.1	16.872862	3.444498	20.317360	8.468790
131.2	16.641118	3.676244	20.317363	8.664381
131.3	15.748202	4.569164	20.317366	8.900782
131.4	14.850307	5.467061	20.317368	9.157251
131.5	14.358200	5.959168	20.317368	9.403878
131.6	14.351525	5.965842	20.317368	9.607727
131.7	14.735431	5.581936	20.317367	9.740139
131.8	15.323272	4.994094	20.317366	9.783245
131.9	15.874684	4.442683	20.317367	9.734411
132	16.406651	3.910717	20.317369	9.607755
132.1	17.032617	3.284746	20.317364	9.432302
132.2	17.110018	3.207337	20.317355	9.246855
132.3	15.638521	4.678834	20.317355	9.092280
132.4	12.774736	7.542632	20.317367	9.002403
132.5	10.268706	10.048675	20.317381	8.995501
132.6	10.063999	10.253384	20.317382	9.069498
132.7	12.450580	7.866790	20.317370	9.203613
132.8	15.654001	4.663352	20.317353	9.365410
132.9	17.178116	3.139228	20.317344	9.519298
133	15.732108	4.585243	20.317351	9.633752
133.1	12.343110	7.974259	20.317369	9.686340
133.2	9.698662	10.618721	20.317384	9.666080
133.3	9.948772	10.368610	20.317382	9.572971
133.4	12.863896	7.453470	20.317366	9.415249
133.5	16.055283	4.262066	20.317349	9.205569
133.6	17.086635	3.230712	20.317347	8.957558
133.7	15.573106	4.744253	20.317359	8.683958
133.8	13.250646	7.066727	20.317373	8.396861
133.9	12.183993	8.133384	20.317377	8.109275
134	12.933613	7.383756	20.317368	7.835714
134.1	14.317969	5.999389	20.317358	7.590063
134.2	14.824836	5.492519	20.317355	7.382192
134.3	14.117194	6.200167	20.317361	7.216185
134.4	13.178633	7.138736	20.317368	7.089821
134.5	13.086687	7.230680	20.317368	6.993401
134.6	13.796613	6.520748	20.317361	6.909310
134.7	14.320859	5.996498	20.317357	6.815366
134.8	14.015414	6.301948	20.317362	6.692036
134.9	13.431085	6.886287	20.317372	6.529821
135	13.677514	6.639861	20.317374	6.332272
135.1	14.896918	5.420449	20.317367	6.113211
135.2	16.130953	4.186410	20.317363	5.890836
135.3	16.725657	3.591708	20.317365	5.682512
135.4	16.777906	3.539460	20.317366	5.502047
135.5	16.463664	3.853700	20.317364	5.359170
135.6	15.482616	4.834743	20.317360	5.260167
135.7	13.471048	6.846315	20.317363	5.208639
135.8	11.104032	9.213343	20.317375	5.205578
135.9	10.160153	10.157231	20.317384	5.248537
136	11.825984	8.491393	20.317377	5.330497
136.1	14.991458	5.325901	20.317359	5.439676
136.2	17.192412	3.124939	20.317352	5.561061
136.3	17.279747	3.037612	20.317359	5.679299
136.4	16.196446	4.120924	20.317370	5.782007
136.5	15.460296	4.857077	20.317373	5.862568
136.6	15.497392	4.819976	20.317368	5.921619
136.7	15.607702	4.709663	20.317365	5.966172
136.8	15.304190	5.013180	20.317370	6.005578
136.9	15.202580	5.114797	20.317377	6.045432
137	16.076922	4.240451	20.317372	6.083004
137.1	17.288118	3.029242	20.317360	6.107427
137.2	17.343166	2.974190	20.317356	6.104431
137.3	15.816080	4.501284	20.317364	6.062648
137.4	13.918034	6.399340	20.317374	5.978380
137.5	13.198231	7.119145	20.317376	5.857169
137.6	13.937417	6.379951	20.317368	5.712114
137.7	15.031756	5.285604	20.317360	5.559917
137.8	15.413727	4.903633	20.317361	5.415967
137.9	15.246830	5.070538	20.317368	5.289904
138	15.518620	4.798753	20.317372	5.183221
138.1	16.644395	3.672972	20.317367	5.090273
138.2	17.758219	2.559138	20.317357	5.002184
138.3	17.416246	2.901107	20.317352	4.910740
138.4	15.100622	5.216738	20.317360	4.810406
138.5	12.123559	8.193816	20.317374	4.699168
138.6	10.698022	9.619359	20.317381	4.579071
138.7	11.928250	8.389123	20.317374	4.456151
138.8	14.793150	5.524208	20.317358	4.338775
138.9	16.989973	3.327374	20.317347	4.233927
139	16.799550	3.517799	20.317349	4.142737
139.1	14.409313	5.908049	20.317362	4.058614
139.2	11.758087	8.559291	20.317377	3.971221
139.3	11.071343	9.246039	20.317382	3.875084
139.4	13.006748	7.310623	20.317370	3.775874
139.5	15.942255	4.375098	20.317353	3.687652
139.6	17.386595	2.930749	20.317344	3.622707
139.7	16.114975	4.202376	20.317351	3.582193
139.8	13.081693	7.235674	20.317367	3.553836
139.9	10.608860	9.708520	20.317380	3.517450
140	10.614563	9.702818	20.317381	3.454038
140.1	13.132225	7.185142	20.317367	3.353123
140.2	16.052002	4.265347	20.317349	3.215607
140.3	16.826488	3.490857	20.317345	3.052667
140.4	14.808388	5.508969	20.317357	2.882376
140.5	11.712551	8.604823	20.317374	2.724749
140.6	10.004532	10.312850	20.317382	2.594908
140.7	10.878854	9.438520	20.317375	2.496503
140.8	13.341086	6.976274	20.317360	2.421624
140.9	15.270222	5.047130	20.317352	2.357832
141	15.425763	4.891594	20.317358	2.295141
141.1	14.428919	5.888452	20.317371	2.231077
141.2	14.004659	6.312720	20.317379	2.175295
141.3	15.190319	5.127055	20.317374	2.151010
141.4	17.233751	3.083611	20.317362	2.187352
141.5	18.411392	1.905963	20.317355	2.301385
141.6	17.732227	2.585132	20.317359	2.482687
141.7	15.758647	4.558722	20.317369	2.695829
141.8	13.986400	6.330977	20.317377	2.897683
141.9	13.661556	6.655821	20.317377	3.057773
142	14.823903	5.493466	20.317369	3.172561
142.1	16.373382	3.943979	20.317360	3.264005
142.2	17.115423	3.201934	20.317357	3.363299
142.3	16.592322	3.725038	20.317361	3.493060
142.4	15.339928	4.977442	20.317369	3.658873
142.5	14.533009	5.784368	20.317376	3.853065
142.6	15.001712	5.315662	20.317375	4.064862
142.7	16.458752	3.858615	20.317367	4.287537
142.8	17.771014	2.546346	20.317360	4.518440
142.9	17.910074	2.407284	20.317359	4.755148
143	16.756849	3.560516	20.317364	4.992960
143.1	15.188079	5.129293	20.317372	5.225210
143.2	14.391320	5.926057	20.317376	5.444469
143.3	14.906936	5.410436	20.317372	5.643490
143.4	16.156369	4.160995	20.317364	5.816383
143.5	16.994648	3.322712	20.317360	5.959865
143.6	16.787171	3.530192	20.317363	6.073529
143.7	16.015476	4.301896	20.317372	6.158799
143.8	15.827757	4.489618	20.317375	6.217363
143.9	16.560621	3.756745	20.317366	6.250439
144	16.980114	3.337242	20.317356	6.259981
144.1	15.862700	4.454661	20.317361	6.251078
144.2	13.866876	6.450498	20.317374	6.232572
144.3	12.834604	7.482776	20.317379	6.214561
144.4	13.529780	6.787592	20.317373	6.204841
144.5	15.039631	5.277735	20.317365	6.206772
144.6	16.222686	4.094678	20.317364	6.219343
144.7	16.779274	3.538091	20.317365	6.238712
144.8	16.903058	3.414308	20.317366	6.260229
144.9	16.668006	3.649358	20.317365	6.280314
145	15.997279	4.320086	20.317365	6.297936
145.1	14.968354	5.349013	20.317367	6.315426
145.2	14.005196	6.312174	20.317370	6.338172
145.3	13.645723	6.671647	20.317370	6.372888
145.4	13.965069	6.352297	20.317366	6.424793
145.5	14.359530	5.957832	20.317362	6.495024
145.6	14.175401	6.141963	20.317364	6.579753
145.7	13.605632	6.711740	20.317372	6.671599
145.8	13.642092	6.675284	20.317376	6.762718
145.9	14.829664	5.487706	20.317370	6.848199
146	16.383616	3.933745	20.317361	6.927957
146.1	16.997120	3.320238	20.317358	7.006045
146.2	16.299453	4.017910	20.317363	7.088207
146.3	15.147145	5.170225	20.317370	7.179508
146.4	14.520657	5.796713	20.317370	7.282885
146.5	14.475064	5.842302	20.317366	7.398279
146.6	14.434734	5.882631	20.317365	7.522222
146.7	14.215843	6.101526	20.317369	7.648579
146.8	14.259075	6.058297	20.317372	7.770929
146.9	14.911361	5.406008	20.317370	7.885712
147	15.887223	4.430141	20.317365	7.994110
147.1	16.472401	3.844960	20.317362	8.101376
147.2	16.262857	4.054508	20.317365	8.214390
147.3	15.764910	4.552462	20.317372	8.339085
147.4	15.919881	4.397493	20.317374	8.478527
147.5	16.933761	3.383608	20.317369	8.631444
147.6	17.953830	2.363532	20.317362	8.791150
147.7	17.934520	2.382840	20.317361	8.945695
147.8	16.664336	3.653031	20.317366	9.079961
147.9	14.995004	5.322369	20.317373	9.179229
148	14.022034	6.295341	20.317375	9.232963
148.1	14.033199	6.284170	20.317369	9.237662
148.2	14.369644	5.947719	20.317363	9.198104
148.3	14.268291	6.049071	20.317362	9.126735
148.4	13.624824	6.692542	20.317366	9.041291
148.5	12.945049	7.372320	20.317369	8.961047
148.6	12.688076	7.629292	20.317369	8.902388
148.7	12.737374	7.579991	20.317366	8.874852
148.8	12.717325	7.600041	20.317367	8.879346
148.9	12.866186	7.451186	20.317372	8.909458
149	13.944728	6.372643	20.317372	8.954544
149.1	15.874641	4.442721	20.317362	9.002416
149.2	17.268095	3.049258	20.317353	9.040937
149.3	16.932704	3.384652	20.317356	9.059156
149.4	15.280326	5.037042	20.317367	9.048601
149.5	13.790927	6.526446	20.317374	9.004667
149.6	13.364123	6.953248	20.317371	8.927570
149.7	13.689681	6.627683	20.317365	8.822465
149.8	13.983651	6.333711	20.317362	8.698678
149.9	13.844913	6.472451	20.317364	8.568257
150	13.577173	6.740196	20.317369	8.444052
150.1	13.908671	6.408701	20.317373	8.337419
150.2	15.230128	5.087240	20.317368	8.255735
150.3	16.825510	3.491847	20.317358	8.200347
150.4	17.151800	3.165552	20.317352	8.165728
150.5	15.483573	4.833787	20.317359	8.140165
150.6	13.025905	7.291469	20.317374	8.108107
150.7	11.963920	8.353462	20.317382	8.054242
150.8	13.439154	6.878220	20.317375	7.968506
150.9	16.346194	3.971164	20.317358	7.850002
151	18.175131	2.142217	20.317348	7.707877
151.1	17.430415	2.886941	20.317356	7.558167
151.2	15.191807	5.125567	20.317374	7.416886
151.3	13.934305	6.383077	20.317383	7.291683
151.4	14.854741	5.462632	20.317374	7.177205
151.5	16.745085	3.572274	20.317359	7.058083
151.6	17.596368	2.720987	20.317355	6.916648
151.7	16.821340	3.496023	20.317363	6.739819
151.8	15.492036	4.825335	20.317371	6.523445
151.9	14.726908	5.590462	20.317371	6.274550
152	14.672153	5.645215	20.317368	6.011071
152.1	14.989743	5.327625	20.317368	5.758233
152.2	15.548166	4.769204	20.317369	5.541610
152.3	16.407574	3.909794	20.317369	5.378495
152.4	17.321972	2.995392	20.317364	5.271061
152.5	17.662576	2.654785	20.317361	5.205497
152.6	16.993357	3.324005	20.317362	5.157693
152.7	15.513446	4.803921	20.317367	5.101402
152.8	14.037698	6.279676	20.317374	5.014615
152.9	13.604836	6.712540	20.317376	4.882780
153	14.573697	5.743672	20.317369	4.699968
153.1	15.979979	4.337380	20.317360	4.469235
153.2	16.457504	3.859855	20.317359	4.202039
153.3	15.825370	4.491998	20.317367	3.915790
153.4	15.153293	5.164081	20.317373	3.629135
153.5	15.224565	5.092805	20.317370	3.356133
153.6	15.582406	4.734957	20.317364	3.101898
153.7	15.423466	4.893897	20.317364	2.862168
153.8	14.827741	5.489629	20.317369	2.627770
153.9	14.615848	5.701524	20.317372	2.393321
154	15.156253	5.161114	20.317367	2.166821
154.1	15.759233	4.558127	20.317361	1.973907
154.2	15.528038	4.789324	20.317362	1.849705
154.3	14.615838	5.701533	20.317371	1.817408
154.4	14.190828	6.126548	20.317377	1.871808
154.5	14.993812	5.323560	20.317372	1.988300
154.6	16.361218	3.956145	20.317363	2.141750
154.7	17.078935	3.238425	20.317360	2.312945
154.8	16.713527	3.603837	20.317363	2.487264
154.9	15.777224	4.540144	20.317368	2.653700
155	14.947419	5.369950	20.317369	2.804668
155.1	14.474664	5.842705	20.317369	2.935460
155.2	14.354512	5.962859	20.317371	3.043374
155.3	14.787752	5.529622	20.317373	3.127493
155.4	15.952867	4.364503	20.317369	3.189779
155.5	17.185058	3.132301	20.317359	3.236891
155.6	17.257497	3.059859	20.317356	3.281260
155.7	15.863475	4.453888	20.317363	3.340342
155.8	14.128544	6.188830	20.317373	3.433639
155.9	13.512343	6.805033	20.317376	3.576913
156	14.417976	5.899393	20.317369	3.774137
156.1	15.825610	4.491749	20.317359	4.011679
156.2	16.233039	4.084316	20.317355	4.259422
156.3	15.133781	5.183581	20.317362	4.478370
156.4	13.569954	6.747418	20.317372	4.631223
156.5	13.052549	7.264825	20.317374	4.692757
156.6	13.942242	6.375123	20.317365	4.657474
156.7	15.075225	5.242131	20.317357	4.542285
156.8	15.281255	5.036104	20.317359	4.382765
156.9	14.858584	5.458784	20.317369	4.223320
157	15.056634	5.260739	20.317373	4.103736
157.1	16.316793	4.000573	20.317366	4.046419
157.2	17.575409	2.741949	20.317358	4.050163
157.3	17.593920	2.723441	20.317360	4.093653
157.4	16.501621	3.815749	20.317370	4.145364
157.5	15.597754	4.719622	20.317376	4.174774
157.6	15.728322	4.589049	20.317371	4.161395
157.7	16.343772	3.973591	20.317363	4.099626
157.8	16.412005	3.905356	20.317361	3.999230
157.9	15.675298	4.642066	20.317364	3.882107
158	14.701897	5.615472	20.317369	3.775859
158.1	14.078505	6.238864	20.317369	3.705278
158.2	13.896954	6.420415	20.317369	3.685047
158.3	14.018554	6.298817	20.317370	3.718035
158.4	14.493101	5.824271	20.317372	3.799975
158.5	15.442920	4.874452	20.317371	3.924897
158.6	16.720278	3.597089	20.317368	4.085269
158.7	17.746163	2.571197	20.317360	4.268642
158.8	17.570115	2.747240	20.317355	4.456626
158.9	15.699907	4.617454	20.317361	4.627879
159	13.101210	7.216164	20.317374	4.763148
159.1	11.762945	8.554438	20.317383	4.850153
159.2	12.964236	7.353143	20.317378	4.886902
159.3	15.965442	4.351920	20.317362	4.882700
159.4	18.398110	1.919238	20.317348	4.856610
159.5	18.233127	2.084223	20.317350	4.833662
159.6	15.802368	4.515001	20.317369	4.839789
159.7	13.767040	6.550346	20.317386	4.896610
159.8	14.418721	5.898657	20.317378	5.015472
159.9	16.779160	3.538194	20.317354	5.190911
160	17.642403	2.674940	20.317343	5.399532
160.1	15.613060	4.704297	20.317357	5.606660
160.2	12.680434	7.636943	20.317377	5.776160
160.3	11.692174	8.625206	20.317380	5.880210
160.4	13.249862	7.067506	20.317368	5.906533
160.5	15.590130	4.727227	20.317357	5.860813
160.6	16.821519	3.495837	20.317356	5.763570
160.7	16.603599	3.713765	20.317364	5.642670
160.8	15.834041	4.483329	20.317370	5.524096
160.9	15.410902	4.906470	20.317371	5.424375
161	15.543077	4.774291	20.317368	5.347977
161.1	15.816081	4.501282	20.317364	5.290643
161.2	15.729161	4.588202	20.317363	5.244945
161.3	15.222512	5.094853	20.317365	5.203196
161.4	14.628562	5.688805	20.317367	5.157665
161.5	14.243211	6.074158	20.317369	5.100895
161.6	14.286376	6.030996	20.317372	5.027245
161.7	15.037468	5.279904	20.317372	4.934725
161.8	16.382211	3.935156	20.317366	4.825555
161.9	17.454210	2.863150	20.317360	4.704561
162	17.364736	2.952624	20.317359	4.575748
162.1	16.085412	4.231952	20.317364	4.438732
162.2	14.414413	5.902958	20.317371	4.287257
162.3	13.387855	6.929519	20.317375	4.111191
162.4	13.649157	6.668216	20.317374	3.901387
162.5	15.022342	5.295026	20.317368	3.655002
162.6	16.597203	3.720158	20.317361	3.378530
162.7	17.358531	2.958829	20.317360	3.087235
162.8	16.927636	3.389728	20.317364	2.801449
162.9	15.858889	4.458483	20.317372	2.541184
163	15.211970	5.105406	20.317376	2.321011
163.1	15.632038	4.685334	20.317372	2.147183
163.2	16.591275	3.726086	20.317361	2.017652
163.3	16.622256	3.695098	20.317354	1.923732
163.4	14.794193	5.523166	20.317359	1.852037
163.5	12.066650	8.250724	20.317374	1.787438
163.6	10.710963	9.606420	20.317383	1.718425
163.7	12.082522	8.234854	20.317376	1.643828
163.8	15.135701	5.181658	20.317360	1.576783
163.9	17.456983	2.860369	20.317352	1.540475
164	17.703871	2.613489	20.317359	1.554045
164.1	16.718111	3.599263	20.317374	1.618638
164.2	16.314613	4.002767	20.317380	1.717903
164.3	17.227519	3.089852	20.317371	1.830291
164.4	18.258869	2.058487	20.317356	1.938850
164.5	17.600144	2.717209	20.317353	2.033552
164.6	15.038339	5.279026	20.317365	2.110237
164.7	12.462738	7.854641	20.317379	2.169723
164.8	12.040062	8.277319	20.317381	2.217085
164.9	14.050007	6.267361	20.317368	2.259704
165	16.593972	3.723381	20.317352	2.303911
165.1	17.433949	2.883401	20.317349	2.352151
165.2	16.092495	4.224866	20.317361	2.403088
165.3	14.145823	6.171551	20.317375	2.454839
165.4	13.585071	6.732308	20.317379	2.508527
165.5	14.958345	5.359025	20.317370	2.568905
165.6	16.922361	3.394995	20.317357	2.641520
165.7	17.495613	2.821739	20.317352	2.729394
165.8	15.997847	4.319514	20.317361	2.832672
165.9	13.839906	6.477469	20.317375	2.950867
166	13.115789	7.201589	20.317378	3.083616
166.1	14.323647	5.993719	20.317366	3.227478
166.2	15.901568	4.415786	20.317354	3.371812
166.3	16.165889	4.151467	20.317356	3.499073
166.4	15.270124	5.047244	20.317368	3.590904
166.5	14.734654	5.582720	20.317374	3.636393
166.6	15.374322	4.943048	20.317370	3.637488
166.7	16.496050	3.821313	20.317363	3.608680
166.8	17.042052	3.275310	20.317362	3.571215
166.9	16.763540	3.553825	20.317365	3.545015
167	16.148983	4.168384	20.317367	3.542830
167.1	15.698344	4.619022	20.317366	3.569015
167.2	15.357473	4.959889	20.317362	3.620723
167.3	14.728173	5.589188	20.317361	3.688505
167.4	13.792815	6.524550	20.317365	3.757476
167.5	13.212337	7.105034	20.317371	3.811429
167.6	13.811304	6.506068	20.317372	3.839004
167.7	15.589535	4.727830	20.317365	3.838484
167.8	17.286566	3.030789	20.317355	3.818260
167.9	17.384426	2.932927	20.317353	3.792431
168	15.615774	4.701587	20.317362	3.774025
168.1	13.227818	7.089554	20.317372	3.770179
168.2	11.867227	8.450149	20.317376	3.782063
168.3	12.303807	8.013564	20.317371	3.807587
168.4	13.952962	6.364399	20.317361	3.842284
168.5	15.394831	4.922523	20.317353	3.877618
168.6	15.533334	4.784021	20.317355	3.900578
168.7	14.501268	5.816097	20.317365	3.897172
168.8	13.519842	6.797534	20.317376	3.858234
168.9	13.898878	6.418502	20.317380	3.783859
169	15.958189	4.359183	20.317372	3.683975
169.1	18.422211	1.895145	20.317356	3.575115
169.2	19.184971	1.132378	20.317349	3.475402
169.3	17.317687	2.999670	20.317357	3.400238
169.4	14.083987	6.233385	20.317372	3.359840
169.5	11.857704	8.459678	20.317382	3.357953
169.6	12.083275	8.234102	20.317377	3.391153
169.7	14.045114	6.272248	20.317362	3.449248
169.8	15.543977	4.773375	20.317352	3.517370
169.9	15.147131	5.170228	20.317359	3.579482
170	13.853390	6.463986	20.317376	3.622314
170.1	13.845556	6.471822	20.317378	3.638623
170.2	15.452082	4.865280	20.317362	3.628892
170.3	16.614026	3.703323	20.317349	3.600981
170.4	15.709202	4.608153	20.317355	3.567802
170.5	13.626003	6.691368	20.317371	3.543806
170.6	12.587026	7.730353	20.317379	3.541619
170.7	13.654859	6.662513	20.317372	3.569984
170.8	15.707020	4.610337	20.317357	3.633067
170.9	16.659600	3.657752	20.317352	3.730319
171	15.773001	4.544360	20.317361	3.856644
171.1	14.333621	5.983752	20.317372	4.003347
171.2	13.862795	6.454576	20.317372	4.160081
171.3	14.323869	5.993494	20.317362	4.317213
171.4	14.576517	5.740841	20.317358	4.467664
171.5	14.132497	6.184868	20.317364	4.607756
171.6	13.767407	6.549964	20.317371	4.737358
171.7	14.328786	5.988584	20.317370	4.859803
171.8	15.717045	4.600322	20.317367	4.981449
171.9	17.290057	3.027306	20.317363	5.110041
172	18.243865	2.073492	20.317357	5.251582
172.1	17.695019	2.622337	20.317356	5.407072
172.2	15.626668	4.690696	20.317364	5.571454
172.3	13.309529	7.007845	20.317375	5.735756
172.4	12.355726	7.961654	20.317380	5.891137
172.5	13.501126	6.816249	20.317375	6.032544
172.6	15.966436	4.350927	20.317362	6.160278
172.7	17.893297	2.424055	20.317352	6.279171
172.8	17.834647	2.482708	20.317355	6.396250
172.9	16.088323	4.229046	20.317369	6.518220
173	14.457820	5.859561	20.317381	6.649522
173.1	14.464137	5.853241	20.317378	6.790882
173.2	15.734678	4.582687	20.317365	6.938152
173.3	16.546432	3.770925	20.317357	7.082174
173.4	15.963033	4.354329	20.317361	7.210542
173.5	14.684406	5.632963	20.317369	7.311160
173.6	13.951062	6.366309	20.317372	7.376181
173.7	14.155981	6.161385	20.317366	7.404695
173.8	14.613115	5.704247	20.317362	7.403159
173.9	14.779587	5.537779	20.317366	7.383663
174	15.009085	5.308284	20.317369	7.360873
174.1	15.659261	4.658106	20.317368	7.348590
174.2	16.559909	3.757458	20.317366	7.356363
174.3	17.371158	2.946206	20.317363	7.386604
174.4	17.584498	2.732861	20.317359	7.433534
174.5	16.662931	3.654429	20.317360	7.484721
174.6	14.851724	5.465644	20.317368	7.524090
174.7	13.332760	6.984616	20.317376	7.535210
174.8	13.185166	7.132208	20.317375	7.504598
174.9	14.337277	5.980090	20.317366	7.424953
175	15.661268	4.656091	20.317359	7.297736
175.1	16.147659	4.169701	20.317360	7.134186
175.2	15.826855	4.490510	20.317364	6.954082
175.3	15.389321	4.928045	20.317366	6.782257
175.4	15.158962	5.158402	20.317364	6.643521
175.5	14.823515	5.493847	20.317363	6.557027
175.6	14.212065	6.105303	20.317368	6.531492
175.7	13.920949	6.396426	20.317375	6.562898
175.8	14.740786	5.576587	20.317373	6.635359
175.9	16.323876	3.993483	20.317359	6.724810
176	16.800115	3.517232	20.317347	6.804677
176.1	14.752807	5.564546	20.317354	6.852287
176.2	11.492865	8.824510	20.317375	6.853956
176.3	10.218994	10.098393	20.317387	6.806925
176.4	12.522275	7.795097	20.317372	6.718144
176.5	16.293121	4.024226	20.317347	6.601436
176.6	17.938593	2.378748	20.317342	6.473961
176.7	16.432497	3.884862	20.317360	6.352065
176.8	14.075945	6.241434	20.317379	6.246882
176.9	13.449315	6.868066	20.317381	6.161234
177	14.798349	5.519017	20.317365	6.090188
177.1	16.054930	4.262419	20.317349	6.025561
177.2	15.141789	5.175562	20.317351	5.960726
177.3	12.501920	7.815449	20.317369	5.892737
177.4	10.765742	9.551639	20.317381	5.822466
177.5	11.751766	8.565608	20.317374	5.754300
177.6	14.438615	5.878742	20.317358	5.695544
177.7	16.318579	3.998773	20.317352	5.654650
177.8	16.298281	4.019080	20.317362	5.637653
177.9	15.461782	4.855590	20.317372	5.643878
178	15.115893	5.201478	20.317371	5.663709
178.1	15.140996	5.176368	20.317363	5.681309
178.2	14.534406	5.782955	20.317361	5.682822
178.3	13.067515	7.249853	20.317369	5.665043
178.4	12.017497	8.299882	20.317378	5.636313
178.5	12.795771	7.521604	20.317375	5.609374
178.6	14.943241	5.374119	20.317360	5.593503
178.7	16.288737	4.028613	20.317350	5.590595
178.8	15.444075	4.873284	20.317359	5.595545
178.9	13.566572	6.750805	20.317377	5.599505
179	13.097149	7.220234	20.317384	5.594087
179.1	14.868482	5.448888	20.317369	5.574638
179.2	16.904172	3.413179	20.317351	5.541363
179.3	16.807781	3.509572	20.317353	5.498250
179.4	14.954526	5.362846	20.317372	5.450868
179.5	14.017296	6.300086	20.317382	5.404336
179.6	15.402810	4.914559	20.317369	5.362266
179.7	17.356533	2.960817	20.317350	5.326903
179.8	17.245516	3.071834	20.317349	5.300084
179.9	14.982296	5.335074	20.317369	5.284351
180	13.261089	7.056296	20.317386	5.283506
180.1	14.304602	6.012777	20.317379	5.301986
180.2	17.045129	3.272229	20.317357	5.342912
180.3	18.502385	1.814965	20.317350	5.405667
180.4	17.528004	2.789359	20.317363	5.484604
180.5	15.782359	4.535018	20.317377	5.569964
180.6	15.167242	5.150134	20.317376	5.650507
180.7	15.782488	4.534880	20.317368	5.716434
180.8	16.497837	3.819525	20.317362	5.761523
180.9	16.432531	3.884831	20.317362	5.784228
181	15.565286	4.752078	20.317364	5.788000
181.1	14.242072	6.075295	20.317367	5.780860
181.2	13.051858	7.265515	20.317373	5.773864
181.3	12.961446	7.355930	20.317377	5.778223
181.4	14.386215	5.931155	20.317370	5.801756
181.5	16.328802	3.988557	20.317359	5.845963
181.6	17.222641	3.094716	20.317356	5.904670
181.7	16.493066	3.824297	20.317363	5.964783
181.8	15.031068	5.286305	20.317373	6.009322
181.9	14.253519	6.063858	20.317377	6.022140
182	14.722714	5.594657	20.317371	5.992828
182.1	15.644811	4.672550	20.317362	5.920085
182.2	15.790440	4.526919	20.317359	5.812458
182.3	14.888718	5.428647	20.317366	5.686342
182.4	13.903879	6.413493	20.317373	5.562100
182.5	13.894750	6.422622	20.317373	5.459674
182.6	14.887000	5.430367	20.317367	5.394743
182.7	16.072519	4.244844	20.317363	5.375423
182.8	16.822229	3.495135	20.317364	5.399222
182.9	17.062932	3.254433	20.317365	5.451522
183	16.862103	3.455263	20.317365	5.507503
183.1	16.238885	4.078481	20.317366	5.537748
183.2	15.330685	4.986682	20.317367	5.515768
183.3	14.427582	5.889785	20.317368	5.425053
183.4	13.817839	6.499529	20.317368	5.263734
183.5	13.571454	6.745912	20.317366	5.045652
183.6	13.465468	6.851896	20.317363	4.797409
183.7	13.161727	7.155636	20.317363	4.551700
183.8	12.607356	7.710012	20.317368	4.338028
183.9	12.406499	7.910876	20.317375	4.173468
184	13.541040	6.776338	20.317377	4.058107
184.1	16.147218	4.170148	20.317365	3.977967
184.2	18.494048	1.823300	20.317348	3.911977
184.3	18.229846	2.087500	20.317345	3.838166
184.4	15.106145	5.211219	20.317364	3.738286
184.5	11.765479	8.551907	20.317386	3.601895
184.6	11.291530	9.025858	20.317388	3.429710
184.7	14.118302	6.199068	20.317371	3.234850
184.8	17.729287	2.588063	20.317350	3.040286
184.9	19.148318	1.169027	20.317345	2.871479
185	17.450327	2.867030	20.317357	2.745610
185.1	14.213421	6.103954	20.317375	2.663024
185.2	11.924394	8.392991	20.317385	2.608083
185.3	11.952962	8.364419	20.317381	2.560342
185.4	13.739013	6.578357	20.317369	2.508684
185.5	15.601125	4.716235	20.317360	2.459450
185.6	16.281117	4.036243	20.317361	2.433835
185.7	15.835779	4.481588	20.317367	2.455862
185.8	15.207677	5.109694	20.317372	2.538811
185.9	15.161352	5.156019	20.317371	2.680279
186	15.683379	4.633988	20.317367	2.868015
186.1	16.193413	4.123951	20.317364	3.088396
186.2	16.170968	4.146397	20.317365	3.330189
186.3	15.614696	4.702673	20.317369	3.583867
186.4	15.039037	5.278337	20.317374	3.840631
186.5	15.086727	5.230648	20.317376	4.093804
186.6	15.941713	4.375657	20.317370	4.341712
186.7	16.949399	3.367963	20.317362	4.588873
186.8	17.063430	3.253928	20.317358	4.843080
186.9	15.848165	4.469197	20.317362	5.109591
187	13.885167	6.432202	20.317369	5.386632
187.1	12.225393	8.091981	20.317374	5.665329
187.2	11.661053	8.656322	20.317375	5.933734
187.3	12.396897	7.920476	20.317373	6.182193
187.4	14.050638	6.266731	20.317368	6.407060
187.5	15.841235	4.476128	20.317363	6.611184
187.6	16.919297	3.398063	20.317360	6.801457
187.7	16.820897	3.496465	20.317363	6.985292
187.8	15.926549	4.390822	20.317371	7.168184
187.9	15.362817	4.954560	20.317376	7.352835
188	15.858295	4.459076	20.317371	7.537904
188.1	16.716503	3.600857	20.317360	7.715689
188.2	16.607835	3.709521	20.317356	7.872836
188.3	15.130154	5.187208	20.317362	7.995527
188.4	13.173504	7.143867	20.317371	8.075392
188.5	12.048799	8.268576	20.317375	8.113228
188.6	12.467375	7.849998	20.317373	8.119407
188.7	14.023650	6.293715	20.317364	8.110683
188.8	15.362269	4.955087	20.317356	8.104264
188.9	15.302084	5.015274	20.317358	8.111566
189	14.223962	6.093408	20.317370	8.134580
189.1	13.793269	6.524107	20.317376	8.166132
189.2	14.774837	5.542530	20.317367	8.192950
189.3	15.937170	4.380187	20.317357	8.199622
189.4	15.926776	4.390585	20.317360	8.172489
189.5	15.130256	5.187115	20.317371	8.103342
189.6	14.852355	5.465018	20.317373	7.992109
189.7	15.333706	4.983660	20.317365	7.847105
189.8	15.624529	4.692832	20.317361	7.682503
189.9	15.088337	5.229028	20.317365	7.514362
190	14.269042	6.048331	20.317373	7.357007
190.1	14.270300	6.047076	20.317376	7.220759
190.2	15.535942	4.781429	20.317371	7.111095
190.3	17.271472	3.045890	20.317361	7.029175
190.4	18.006888	2.310467	20.317356	6.973473
190.5	16.948637	3.368724	20.317361	6.941654
190.6	14.923544	5.393830	20.317374	6.931579
190.7	13.807999	6.509384	20.317383	6.940998
190.8	14.836587	5.480792	20.317378	6.966621
190.9	17.368196	2.949168	20.317364	7.003688
191	19.283854	1.033498	20.317352	7.046038
191.1	18.836655	1.480700	20.317354	7.086229
191.2	16.370017	3.947352	20.317369	7.116056
191.3	14.060895	6.256487	20.317382	7.128054
191.4	13.723065	6.594314	20.317378	7.117754
191.5	14.990990	5.326373	20.317364	7.085815
191.6	15.889924	4.427430	20.317354	7.038912
191.7	15.110138	5.207221	20.317360	6.988492
191.8	13.534753	6.782622	20.317376	6.947498
191.9	13.384184	6.933199	20.317383	6.925964
192	15.576660	4.740709	20.317368	6.926696
192.1	17.995773	2.321572	20.317345	6.943644
192.2	17.494408	2.822935	20.317343	6.964080
192.3	13.976157	6.341210	20.317368	6.971733
192.4	10.949753	9.367635	20.317388	6.950002
192.5	11.389967	8.927415	20.317382	6.885857
192.6	14.483841	5.833518	20.317359	6.773368
192.7	17.035004	3.282342	20.317346	6.615366
192.8	17.070784	3.246569	20.317354	6.422341
192.9	15.500427	4.816943	20.317370	6.208479
193	14.532840	5.784537	20.317377	5.985780
193.1	15.095832	5.221538	20.317371	5.758962
193.2	16.166989	4.150371	20.317361	5.525432
193.3	16.364363	3.952997	20.317360	5.281883
193.4	15.583145	4.734221	20.317366	5.031206
193.5	14.765860	5.551510	20.317370	4.783559
193.6	14.519970	5.797397	20.317367	4.553398
193.7	14.546429	5.770934	20.317363	4.355986
193.8	14.327990	5.989373	20.317363	4.204143
193.9	13.929320	6.388047	20.317367	4.105275
194	13.988178	6.329193	20.317371	4.059008
194.1	14.951629	5.365739	20.317368	4.055961
194.2	16.270594	4.046764	20.317358	4.078944
194.3	16.558236	3.759117	20.317353	4.107646
194.4	15.060292	5.257068	20.317360	4.125896
194.5	12.843923	7.473451	20.317374	4.128030
194.6	11.919252	8.398128	20.317380	4.120362
194.7	13.210915	7.106459	20.317374	4.116978
194.8	15.703488	4.613873	20.317361	4.132974
194.9	17.466603	2.850750	20.317353	4.178596
195	17.306621	3.010735	20.317356	4.256172
195.1	15.589796	4.727571	20.317366	4.360366
195.2	13.851348	6.466028	20.317376	4.481074
195.3	13.433237	6.884137	20.317373	4.607555
195.4	14.014990	6.302372	20.317361	4.732452
195.5	14.138288	6.179070	20.317358	4.854905
195.6	13.442637	6.874730	20.317367	4.981999
195.7	13.118546	7.198827	20.317374	5.126786
195.8	13.989956	6.327412	20.317368	5.300890
195.9	15.293042	5.024317	20.317359	5.504374
196	15.744672	4.572685	20.317358	5.720741
196.1	15.069961	5.247404	20.317364	5.920759
196.2	14.146420	6.170952	20.317372	6.071965
196.3	14.065530	6.251847	20.317377	6.149230
196.4	15.350753	4.966622	20.317374	6.142962
196.5	17.454497	2.862864	20.317361	6.062673
196.6	18.560842	1.756506	20.317348	5.934771
196.7	17.136693	3.180661	20.317353	5.794845
196.8	14.133716	6.183657	20.317373	5.676989
196.9	12.428668	7.888718	20.317385	5.604733
197	13.773557	6.543820	20.317377	5.587543
197.1	16.889013	3.428345	20.317358	5.623048
197.2	18.869677	1.447671	20.317349	5.700971
197.3	18.239475	2.077883	20.317359	5.804982
197.4	16.249965	4.067409	20.317374	5.913795
197.5	15.075878	5.241499	20.317377	6.004581
197.6	15.278127	5.039239	20.317366	6.058593
197.7	15.566215	4.751141	20.317356	6.066409
197.8	14.742858	5.574501	20.317359	6.030315
197.9	13.381474	6.935896	20.317370	5.962843
198	13.138388	7.178986	20.317374	5.882117
198.1	14.557310	5.760056	20.317366	5.806003
198.2	16.326566	3.990791	20.317357	5.747303
198.3	16.941009	3.376349	20.317358	5.711071
198.4	16.357385	3.959981	20.317366	5.693862
198.5	15.550373	4.766996	20.317369	5.684835
198.6	14.971737	5.345626	20.317364	5.668316
198.7	14.106284	6.211076	20.317359	5.626890
198.8	12.593444	7.723920	20.317364	5.545134
198.9	11.253147	9.064227	20.317373	5.413999
199	11.457990	8.859385	20.317375	5.234599
199.1	13.439142	6.878222	20.317364	5.019447
199.2	15.647210	4.670142	20.317351	4.789805
199.3	16.198427	4.118924	20.317352	4.569321
199.4	14.980257	5.337110	20.317367	4.376438
199.5	13.950607	6.366774	20.317381	4.219673
199.6	14.859406	5.457970	20.317376	4.098438
199.7	16.925024	3.392334	20.317358	4.007314
199.8	17.751599	2.565751	20.317350	3.938921
199.9	16.308811	4.008548	20.317359	3.883797
200	13.957806	6.359566	20.317372	3.830109
