#time	ekin		epot		etot		chain_length
0	11.210660	0.200000	11.410660	22.200000
0.1	7.324698	4.089160	11.413859	22.497011
0.2	1.623341	9.790569	11.413910	22.718560
0.3	1.391405	10.022506	11.413911	22.828729
0.4	6.684114	4.729746	11.413860	22.821465
0.5	10.389227	1.024600	11.413826	22.721379
0.6	7.757596	3.656258	11.413854	22.575219
0.7	2.604900	8.809004	11.413904	22.436936
0.8	1.983658	9.430251	11.413909	22.351281
0.9	6.649209	4.764654	11.413863	22.341243
1	10.155509	1.258320	11.413829	22.403181
1.1	7.646274	3.767578	11.413852	22.510830
1.2	2.388338	9.025564	11.413901	22.626360
1.3	1.319102	10.094809	11.413911	22.714364
1.4	5.754777	5.659091	11.413868	22.753855
1.5	9.764694	1.649138	11.413832	22.744280
1.6	8.197586	3.216263	11.413849	22.703786
1.7	3.414842	7.999053	11.413894	22.660806
1.8	1.829966	9.583941	11.413907	22.642287
1.9	5.239901	6.173970	11.413872	22.663000
2	8.707489	2.706350	11.413838	22.719768
2.1	7.542416	3.871436	11.413852	22.792596
2.2	3.619607	7.794285	11.413892	22.852129
2.3	2.541455	8.872448	11.413903	22.870595
2.4	5.836073	5.577798	11.413870	22.832214
2.5	8.963714	2.450126	11.413840	22.739323
2.6	7.661364	3.752489	11.413853	22.612054
2.7	3.742309	7.671582	11.413891	22.481751
2.8	2.486111	8.927791	11.413901	22.380496
2.9	5.430719	5.983153	11.413872	22.330425
3	8.487652	2.926192	11.413844	22.336510
3.1	7.708187	3.705668	11.413855	22.385161
3.2	4.547431	6.866456	11.413887	22.448931
3.3	3.512474	7.901422	11.413895	22.495520
3.4	5.802799	5.611071	11.413870	22.497862
3.5	7.887576	3.526272	11.413848	22.441901
3.6	6.750910	4.662951	11.413861	22.329643
3.7	4.180804	7.233085	11.413889	22.176829
3.8	4.069570	7.344322	11.413891	22.006505
3.9	6.725301	4.688564	11.413864	21.841079
4	8.381833	3.032014	11.413847	21.695792
4.1	6.601881	4.811983	11.413864	21.575790
4.2	3.821907	7.591985	11.413892	21.477474
4.3	3.913307	7.500584	11.413890	21.393151
4.4	6.622944	4.790917	11.413861	21.316815
4.5	7.886720	3.527127	11.413847	21.248533
4.6	5.700677	5.713192	11.413869	21.195600
4.7	3.185120	8.228777	11.413897	21.169925
4.8	4.254852	7.159038	11.413890	21.182666
4.9	7.838331	3.575523	11.413854	21.238216
5	8.981899	2.431941	11.413840	21.329985
5.1	5.684451	5.729418	11.413869	21.439803
5.2	2.014354	9.399549	11.413903	21.541500
5.3	2.839866	8.574030	11.413896	21.607708
5.4	7.138475	4.275380	11.413855	21.617787
5.5	9.181117	2.232719	11.413836	21.564291
5.6	6.258194	5.155671	11.413865	21.455857
5.7	2.446349	8.967554	11.413903	21.315524
5.8	3.080087	8.333811	11.413898	21.174943
5.9	7.352537	4.061318	11.413855	21.066196
6	9.284230	2.129604	11.413834	21.013640
6.1	5.955634	5.458231	11.413865	21.028078
6.2	1.756312	9.657595	11.413907	21.104779
6.3	2.585275	8.828627	11.413902	21.225655
6.4	7.697436	3.716418	11.413855	21.364709
6.5	10.411976	1.001852	11.413828	21.495031
6.6	7.020886	4.392974	11.413859	21.595357
6.7	1.927644	9.486264	11.413907	21.654549
6.8	1.885997	9.527910	11.413908	21.673099
6.9	6.936372	4.477487	11.413859	21.661646
7	10.293280	1.120548	11.413827	21.637277
7.1	7.465545	3.948310	11.413855	21.618799
7.2	2.347567	9.066338	11.413905	21.622240
7.3	1.985202	9.428708	11.413910	21.657585
7.4	7.008413	4.405449	11.413862	21.727287
7.5	10.677260	0.736566	11.413826	21.826654
7.6	7.929891	3.483959	11.413851	21.945774
7.7	2.280414	9.133490	11.413904	22.072397
7.8	1.220880	10.193035	11.413915	22.195043
7.9	6.229869	5.183999	11.413868	22.305631
8	10.769400	0.644427	11.413826	22.400991
8.1	8.945793	2.468051	11.413844	22.482910
8.2	3.245266	8.168631	11.413897	22.556644
8.3	1.090860	10.323055	11.413914	22.628251
8.4	4.981910	6.431965	11.413875	22.701485
8.5	9.417941	1.995892	11.413833	22.775224
8.6	8.491668	2.922176	11.413844	22.842386
8.7	3.740798	7.673093	11.413892	22.890996
8.8	1.793710	9.620200	11.413910	22.907402
8.9	5.277573	6.136303	11.413876	22.880948
9	9.375568	2.038268	11.413836	22.808725
9.1	8.491797	2.922048	11.413844	22.698796
9.2	3.790989	7.622899	11.413889	22.570480
9.3	1.472633	9.941276	11.413909	22.451085
9.4	4.378118	7.035761	11.413879	22.369568
9.5	8.386708	3.027134	11.413842	22.348691
9.6	8.232186	3.181660	11.413846	22.397967
9.7	4.555594	6.858290	11.413885	22.509678
9.8	2.675860	8.738042	11.413902	22.659523
9.9	5.116055	6.297822	11.413877	22.812094
10	8.287187	3.126657	11.413844	22.929852
10.1	7.674895	3.738956	11.413850	22.983080
10.2	4.123425	7.290460	11.413886	22.957834
10.3	2.564751	8.849150	11.413901	22.859433
10.4	5.160688	6.253189	11.413876	22.710355
10.5	8.417187	2.996659	11.413846	22.543198
10.6	8.091229	3.322623	11.413851	22.390908
10.7	4.920375	6.493509	11.413883	22.277417
10.8	3.331621	8.082275	11.413896	22.211605
10.9	5.215350	6.198525	11.413875	22.186411
11	7.549985	3.863865	11.413850	22.183108
11.1	6.970944	4.442915	11.413858	22.179020
11.2	4.576985	6.836901	11.413886	22.155827
11.3	4.157877	7.256014	11.413892	22.105468
11.4	6.540749	4.873118	11.413867	22.031659
11.5	8.280175	3.133672	11.413847	21.946685
11.6	6.639076	4.774786	11.413862	21.864943
11.7	3.708161	7.705731	11.413892	21.795926
11.8	3.613141	7.800752	11.413894	21.739557
11.9	6.617369	4.796495	11.413864	21.685858
12	8.549088	2.864756	11.413844	21.619256
12.1	6.599993	4.813870	11.413862	21.525945
12.2	3.408913	8.004982	11.413895	21.401448
12.3	3.493826	7.920069	11.413895	21.255233
12.4	6.829893	4.583968	11.413861	21.110230
12.5	8.659646	2.754194	11.413840	20.996918
12.6	6.105666	5.308198	11.413863	20.943710
12.7	2.463049	8.950852	11.413900	20.966902
12.8	2.908578	8.505321	11.413899	21.063825
12.9	7.245198	4.168661	11.413859	21.211890
13	9.784396	1.629438	11.413833	21.374254
13.1	6.922673	4.491185	11.413858	21.510475
13.2	2.219606	9.194296	11.413902	21.588712
13.3	1.825363	9.588543	11.413905	21.595339
13.4	6.207551	5.206312	11.413863	21.538636
13.5	9.432898	1.980934	11.413832	21.445240
13.6	7.175385	4.238470	11.413855	21.350542
13.7	2.648884	8.765017	11.413901	21.286372
13.8	2.271876	9.142031	11.413907	21.270323
13.9	6.821384	4.592479	11.413863	21.300498
14	10.172455	1.241374	11.413829	21.357545
14.1	7.555012	3.858840	11.413852	21.413233
14.2	2.209590	9.204313	11.413903	21.442412
14.3	1.250695	10.163218	11.413913	21.433921
14.4	6.115672	5.298196	11.413868	21.396298
14.5	10.489693	0.924135	11.413827	21.355970
14.6	8.665125	2.748720	11.413845	21.348296
14.7	3.178368	8.235530	11.413898	21.404488
14.8	1.412949	10.000966	11.413914	21.539041
14.9	5.682435	5.731438	11.413873	21.742310
15	10.136290	1.277540	11.413829	21.981179
15.1	8.673212	2.740631	11.413843	22.208048
15.2	3.204291	8.209604	11.413895	22.375375
15.3	1.120194	10.293722	11.413916	22.451049
15.4	5.357521	6.056356	11.413877	22.429377
15.5	10.416751	0.997079	11.413830	22.333880
15.6	9.662238	1.751599	11.413837	22.210725
15.7	4.100374	7.313515	11.413889	22.114798
15.8	0.946674	10.467242	11.413916	22.092841
15.9	4.046092	7.367792	11.413884	22.169086
16	8.993327	2.420511	11.413838	22.337982
16.1	9.257081	2.156758	11.413838	22.566234
16.2	4.838105	6.575778	11.413882	22.803335
16.3	1.905584	9.508325	11.413909	22.996988
16.4	4.267622	7.146262	11.413884	23.108398
16.5	8.392220	3.021623	11.413843	23.122584
16.6	8.504622	2.909220	11.413842	23.050732
16.7	4.514808	6.899073	11.413882	22.924348
16.8	1.969491	9.444416	11.413907	22.783662
16.9	4.352660	7.061223	11.413883	22.664502
17	8.396988	3.016856	11.413845	22.588084
17.1	8.663568	2.750275	11.413843	22.556847
17.2	4.912291	6.501588	11.413879	22.557203
17.3	2.224165	9.189738	11.413903	22.567573
17.4	3.984309	7.429575	11.413884	22.568359
17.5	7.479763	3.934087	11.413850	22.550015
17.6	7.931813	3.482035	11.413848	22.516344
17.7	5.092151	6.321728	11.413879	22.482031
17.8	3.292754	8.121144	11.413898	22.465645
17.9	5.180548	6.233330	11.413879	22.480965
18	8.049371	3.364478	11.413849	22.530033
18.1	7.778704	3.635147	11.413851	22.600604
18.2	4.671792	6.742089	11.413882	22.668984
18.3	2.989883	8.424015	11.413898	22.707260
18.4	4.966151	6.447726	11.413877	22.692325
18.5	7.776275	3.637575	11.413850	22.613522
18.6	7.628011	3.785843	11.413854	22.476244
18.7	5.067703	6.346179	11.413882	22.300336
18.8	4.006336	7.407558	11.413893	22.113964
18.9	5.977960	5.435912	11.413871	21.945132
19	7.919162	3.494687	11.413849	21.813793
19.1	6.684068	4.729791	11.413859	21.727079
19.2	3.800178	7.613712	11.413890	21.679021
19.3	3.489983	7.923913	11.413896	21.654480
19.4	6.573902	4.839965	11.413867	21.635568
19.5	8.970162	2.443681	11.413842	21.608122
19.6	7.235869	4.177989	11.413857	21.565963
19.7	3.539228	7.874666	11.413893	21.511634
19.8	2.893466	8.520434	11.413900	21.453711
19.9	6.205064	5.208802	11.413867	21.402034
20	8.820312	2.593527	11.413839	21.362894
20.1	6.887996	4.525860	11.413856	21.336114
20.2	2.883846	8.530051	11.413897	21.315137
20.3	2.436271	8.977633	11.413904	21.290036
20.4	6.512833	4.901033	11.413866	21.252223
20.5	9.747166	1.666667	11.413833	21.198999
20.6	7.564292	3.849560	11.413851	21.136133
20.7	2.581828	8.832070	11.413898	21.077374
20.8	1.365839	10.048072	11.413910	21.040906
20.9	5.629694	5.784177	11.413871	21.043812
21	9.770553	1.643278	11.413832	21.096337
21.1	8.294388	3.119458	11.413846	21.197800
21.2	3.230066	8.183829	11.413895	21.335485
21.3	1.435268	9.978644	11.413912	21.486925
21.4	5.316127	6.097747	11.413874	21.624944
21.5	9.529923	1.883909	11.413832	21.724082
21.6	8.248167	3.165677	11.413844	21.766671
21.7	3.182196	8.231699	11.413895	21.747020
21.8	1.380920	10.032994	11.413915	21.672769
21.9	5.632095	5.781781	11.413876	21.563207
22	10.469219	0.944611	11.413829	21.445123
22.1	9.365478	2.048360	11.413838	21.347229
22.2	3.553434	7.860458	11.413891	21.294407
22.3	0.549223	10.864695	11.413919	21.302966
22.4	4.230312	7.183572	11.413884	21.377774
22.5	9.710850	1.702983	11.413834	21.511719
22.6	9.870004	1.543830	11.413834	21.687537
22.7	4.776825	6.637059	11.413884	21.881586
22.8	1.429035	9.984881	11.413916	22.068830
22.9	4.281166	7.132721	11.413887	22.228006
23	9.342725	2.071113	11.413838	22.345877
23.1	9.678367	1.735467	11.413834	22.419599
23.2	4.769056	6.644825	11.413881	22.456550
23.3	1.144184	10.269731	11.413915	22.471612
23.4	3.583892	7.829999	11.413891	22.482517
23.5	8.805587	2.608256	11.413843	22.504484
23.6	9.982405	1.431428	11.413834	22.545693
23.7	5.807212	5.606662	11.413874	22.604978
23.8	1.949193	9.464715	11.413908	22.672560
23.9	3.264483	8.149409	11.413892	22.733697
24	7.479082	3.934768	11.413850	22.774158
24.1	8.667382	2.746457	11.413840	22.785713
24.2	5.410207	6.003667	11.413874	22.769720
24.3	2.463132	8.950772	11.413903	22.737368
24.4	3.977758	7.436130	11.413888	22.706245
24.5	7.818074	3.595776	11.413850	22.694173
24.6	8.665727	2.748115	11.413842	22.712312
24.7	5.380755	6.033120	11.413874	22.759987
24.8	2.442600	8.971302	11.413901	22.823283
24.9	3.703105	7.710782	11.413887	22.878284
25	7.222480	4.191373	11.413853	22.898252
25.1	8.174232	3.239613	11.413846	22.862608
25.2	5.533396	5.880478	11.413874	22.764748
25.3	3.248732	8.165165	11.413897	22.615924
25.4	4.526199	6.887684	11.413883	22.443578
25.5	7.400098	4.013755	11.413853	22.284294
25.6	7.702324	3.711526	11.413850	22.173367
25.7	5.045465	6.368413	11.413878	22.134231
25.8	3.324362	8.089535	11.413897	22.171131
25.9	5.118138	6.295741	11.413879	22.267492
26	7.992265	3.421585	11.413851	22.390586
26.1	7.937509	3.476343	11.413851	22.501024
26.2	5.044649	6.369231	11.413880	22.564029
26.3	3.360360	8.053537	11.413896	22.558855
26.4	5.138272	6.275605	11.413877	22.483390
26.5	7.670133	3.743717	11.413850	22.352692
26.6	7.231761	4.182094	11.413855	22.192264
26.7	4.521426	6.892459	11.413885	22.028699
26.8	3.731291	7.682606	11.413897	21.881117
26.9	6.416508	4.997363	11.413871	21.756406
27	8.925459	2.488384	11.413843	21.649742
27.1	7.364627	4.049227	11.413854	21.549868
27.2	3.334989	8.078902	11.413892	21.446745
27.3	2.166252	9.247653	11.413905	21.338331
27.4	5.662751	5.751122	11.413873	21.233581
27.5	9.327027	2.086811	11.413838	21.150245
27.6	8.238991	3.174857	11.413848	21.108119
27.7	3.802623	7.611267	11.413890	21.120278
27.8	2.005815	9.408093	11.413908	21.185786
27.9	5.290001	6.123874	11.413875	21.287002
28	9.086743	2.327093	11.413837	21.393049
28.1	7.973814	3.440032	11.413845	21.468705
28.2	3.219517	8.194375	11.413891	21.485909
28.3	1.294454	10.119458	11.413912	21.433876
28.4	5.102811	6.311067	11.413878	21.324069
28.5	9.803481	1.610352	11.413833	21.187928
28.6	9.128890	2.284949	11.413839	21.067727
28.7	3.853569	7.560319	11.413888	21.003370
28.8	0.905277	10.508638	11.413915	21.019498
28.9	4.132008	7.281876	11.413884	21.117306
29	9.120565	2.293271	11.413836	21.273952
29.1	9.138301	2.275535	11.413836	21.449905
29.2	4.243660	7.170225	11.413885	21.601794
29.3	1.225635	10.188281	11.413915	21.696448
29.4	4.381071	7.032815	11.413886	21.721321
29.5	9.593936	1.819900	11.413836	21.687752
29.6	9.808036	1.605797	11.413833	21.626007
29.7	4.583332	6.830550	11.413882	21.573892
29.8	0.818293	10.595625	11.413918	21.563010
29.9	3.572315	7.841578	11.413892	21.607548
30	9.280286	2.133553	11.413839	21.699584
30.1	10.474504	0.939325	11.413829	21.812583
30.2	5.686933	5.726941	11.413874	21.911844
30.3	1.299950	10.113964	11.413915	21.968139
30.4	2.978444	8.435452	11.413897	21.969637
30.5	8.236063	3.177783	11.413846	21.927726
30.6	9.982727	1.431105	11.413831	21.874477
30.7	6.073950	5.339921	11.413870	21.852417
30.8	1.995717	9.418193	11.413910	21.899968
30.9	3.291716	8.122180	11.413897	22.037531
31	8.126325	3.287525	11.413850	22.258990
31.1	9.920275	1.493557	11.413833	22.531665
31.2	6.257018	5.156849	11.413867	22.804897
31.3	1.986814	9.427092	11.413906	23.024553
31.4	2.579858	8.834040	11.413898	23.148799
31.5	6.923968	4.489888	11.413856	23.160086
31.6	9.152246	2.261592	11.413838	23.069616
31.7	6.640740	4.773125	11.413865	22.913081
31.8	3.210673	8.203225	11.413899	22.739294
31.9	3.529694	7.884199	11.413892	22.595577
32	6.745743	4.668114	11.413857	22.514621
32.1	8.024711	3.389133	11.413844	22.506808
32.2	5.494485	5.919385	11.413870	22.559975
32.3	2.796372	8.617527	11.413898	22.646054
32.4	3.856250	7.557639	11.413889	22.731820
32.5	7.351787	4.062068	11.413855	22.789859
32.6	8.574660	2.839184	11.413844	22.806131
32.7	5.956095	5.457775	11.413870	22.781991
32.8	3.130349	8.283548	11.413897	22.730631
32.9	3.803465	7.610422	11.413887	22.669884
33	6.717282	4.696575	11.413857	22.614400
33.1	7.663414	3.750435	11.413849	22.570217
33.2	5.506285	5.907589	11.413874	22.533540
33.3	3.656221	7.757674	11.413895	22.493871
33.4	5.027536	6.386345	11.413881	22.439918
33.5	7.771085	3.642767	11.413853	22.365727
33.6	7.902888	3.510962	11.413850	22.274517
33.7	5.078891	6.334987	11.413878	22.178646
33.8	3.222448	8.191449	11.413897	22.095681
33.9	4.994197	6.419683	11.413880	22.042034
34	7.927638	3.486212	11.413850	22.026553
34.1	7.838120	3.575730	11.413850	22.046448
34.2	4.806873	6.607008	11.413882	22.087104
34.3	3.203327	8.210573	11.413900	22.125889
34.4	5.500219	5.913659	11.413877	22.138697
34.5	8.557010	2.856834	11.413845	22.107021
34.6	7.859050	3.554799	11.413849	22.023225
34.7	4.015109	7.398778	11.413886	21.892395
34.8	2.284441	9.129465	11.413906	21.730345
34.9	5.382752	6.031126	11.413878	21.558664
35	9.407041	2.006798	11.413839	21.398591
35.1	8.840565	2.573277	11.413842	21.265768
35.2	4.122270	7.291615	11.413885	21.167421
35.3	1.352069	10.061842	11.413911	21.102591
35.4	4.186647	7.227237	11.413884	21.064889
35.5	8.803953	2.609886	11.413840	21.046490
35.6	8.955110	2.458728	11.413838	21.041736
35.7	4.444806	6.969076	11.413882	21.049066
35.8	1.488164	9.925748	11.413912	21.070706
35.9	4.270653	7.143233	11.413886	21.110457
36	9.109222	2.304617	11.413839	21.170573
36.1	9.305239	2.108595	11.413834	21.249055
36.2	4.289929	7.123952	11.413881	21.338420
36.3	0.628764	10.785152	11.413916	21.426496
36.4	3.309732	8.104160	11.413893	21.499048
36.5	8.962565	2.451275	11.413840	21.543434
36.6	10.238546	1.175283	11.413829	21.552204
36.7	5.582583	5.831291	11.413874	21.525585
36.8	1.279293	10.134621	11.413914	21.472140
36.9	3.000050	8.413847	11.413896	21.407427
37	8.228367	3.185478	11.413845	21.350967
37.1	9.759843	1.653987	11.413830	21.322201
37.2	5.513606	5.900266	11.413872	21.336315
37.3	1.369334	10.044579	11.413914	21.400778
37.4	3.186870	8.227029	11.413899	21.513309
37.5	8.800003	2.613843	11.413846	21.661730
37.6	10.818845	0.594982	11.413827	21.825856
37.7	6.495301	4.918566	11.413866	21.981229
37.8	1.407947	10.005965	11.413912	22.104112
37.9	2.065597	9.348307	11.413904	22.176823
38	7.374109	4.039745	11.413854	22.192235
38.1	10.289232	1.124597	11.413829	22.156275
38.2	7.231825	4.182036	11.413861	22.087529
38.3	2.603966	8.809939	11.413905	22.013686
38.4	2.608829	8.805073	11.413902	21.965366
38.5	6.963475	4.450384	11.413859	21.968670
38.6	9.589779	1.824055	11.413834	22.038366
38.7	6.995519	4.418342	11.413861	22.173634
38.8	2.839694	8.574206	11.413900	22.357781
38.9	2.728612	8.685288	11.413900	22.562228
39	6.618569	4.795292	11.413861	22.753861
39.1	9.120389	2.293449	11.413838	22.903690
39.2	6.958978	4.454883	11.413861	22.994288
39.3	3.240789	8.173107	11.413896	23.023717
39.4	2.934589	8.479307	11.413896	23.004697
39.5	6.093840	5.320023	11.413863	22.959300
39.6	8.111899	3.301945	11.413844	22.910899
39.7	6.307684	5.106181	11.413864	22.876097
39.8	3.513930	7.899964	11.413894	22.859394
39.9	3.848496	7.565395	11.413891	22.852463
40	6.839313	4.574547	11.413860	22.838332
40.1	8.167579	3.246266	11.413845	22.798992
40.2	5.839870	5.573998	11.413868	22.723712
40.3	3.023318	8.390577	11.413896	22.614949
40.4	3.599022	7.814868	11.413890	22.489508
40.5	6.752042	4.661818	11.413859	22.374239
40.6	8.183491	3.230356	11.413847	22.297502
40.7	6.148862	5.265007	11.413869	22.279226
40.8	3.781060	7.632834	11.413894	22.323056
40.9	4.498647	6.915238	11.413885	22.413486
41	7.107463	4.306394	11.413856	22.519276
41.1	7.595314	3.818536	11.413850	22.602297
41.2	5.047137	6.366739	11.413876	22.629029
41.3	3.152234	8.261664	11.413898	22.580943
41.4	4.977350	6.436533	11.413883	22.460289
41.5	8.363965	3.049885	11.413850	22.289306
41.6	8.675626	2.738219	11.413845	22.103100
41.7	5.293752	6.120125	11.413877	21.938568
41.8	2.716752	8.697150	11.413902	21.823111
41.9	4.441517	6.972368	11.413885	21.766880
42	8.015787	3.398061	11.413848	21.761055
42.1	8.327851	3.085993	11.413844	21.782492
42.2	4.794885	6.618995	11.413879	21.802856
42.3	2.404739	9.009167	11.413906	21.798816
42.4	4.850233	6.563652	11.413885	21.759607
42.5	9.117615	2.296227	11.413843	21.689342
42.6	9.282266	2.131572	11.413837	21.603456
42.7	4.666974	6.746905	11.413879	21.520933
42.8	1.154432	10.259481	11.413913	21.455500
42.9	3.468105	7.945787	11.413892	21.409420
43	8.676597	2.737246	11.413843	21.372427
43.1	9.896836	1.516995	11.413831	21.326408
43.2	5.473284	5.940589	11.413873	21.254093
43.3	1.282364	10.131549	11.413913	21.148377
43.4	2.892141	8.521755	11.413897	21.018448
43.5	8.053421	3.360425	11.413847	20.889924
43.6	9.714606	1.699224	11.413830	20.798344
43.7	5.579719	5.834151	11.413870	20.777867
43.8	1.281485	10.132428	11.413913	20.848950
43.9	2.782740	8.631160	11.413900	21.009430
44	8.228783	3.185065	11.413848	21.232456
44.1	10.331898	1.081929	11.413827	21.472512
44.2	6.172453	5.241413	11.413866	21.677938
44.3	1.206932	10.206980	11.413912	21.806085
44.4	2.013812	9.400092	11.413905	21.836125
44.5	7.498450	3.915403	11.413853	21.775258
44.6	10.386470	1.027356	11.413827	21.656137
44.7	6.981243	4.432618	11.413861	21.526313
44.8	2.048774	9.365134	11.413909	21.433152
44.9	2.309103	9.104803	11.413906	21.409231
45	7.374161	4.039696	11.413857	21.463017
45.1	10.336615	1.077212	11.413828	21.577820
45.2	7.133692	4.280166	11.413858	21.719147
45.3	2.023095	9.390811	11.413907	21.847755
45.4	1.853378	9.560530	11.413909	21.933744
45.5	6.914592	4.499269	11.413862	21.966804
45.6	10.621206	0.792623	11.413829	21.959127
45.7	8.289665	3.124187	11.413852	21.940123
45.8	3.173827	8.240072	11.413899	21.944956
45.9	1.881694	9.532213	11.413907	22.001065
46	5.621847	5.792022	11.413869	22.117496
46.1	9.003880	2.409957	11.413837	22.280830
46.2	7.597028	3.816826	11.413854	22.459156
46.3	3.748408	7.665486	11.413894	22.612700
46.4	2.983623	8.430278	11.413901	22.707421
46.5	6.307209	5.106657	11.413867	22.726858
46.6	9.004942	2.408898	11.413840	22.678159
46.7	7.296407	4.117450	11.413857	22.590229
46.8	3.477085	7.936807	11.413893	22.504635
46.9	2.607998	8.805901	11.413899	22.462320
47	5.583157	5.830711	11.413868	22.490553
47.1	8.149939	3.263906	11.413844	22.594331
47.2	6.950686	4.463173	11.413859	22.754900
47.3	4.011391	7.402499	11.413890	22.935631
47.4	3.596338	7.817555	11.413893	23.093125
47.5	6.126807	5.287058	11.413865	23.189799
47.6	7.759475	3.654373	11.413847	23.203991
47.7	6.029579	5.384286	11.413865	23.134635
47.8	3.419759	7.994134	11.413893	22.999535
47.9	3.792729	7.621161	11.413891	22.828401
48	6.811504	4.602356	11.413861	22.653373
48.1	8.321369	3.092476	11.413845	22.500292
48.2	6.197708	5.216158	11.413867	22.383390
48.3	3.384025	8.029870	11.413894	22.304563
48.4	3.778172	7.635717	11.413890	22.256714
48.5	6.746908	4.666951	11.413859	22.229273
48.6	8.045173	3.368673	11.413847	22.213470
48.7	5.881472	5.532398	11.413870	22.205361
48.8	3.517409	7.896487	11.413896	22.205686
48.9	4.606309	6.807578	11.413887	22.217049
49	7.815869	3.597984	11.413854	22.239943
49.1	8.504033	2.909810	11.413844	22.269576
49.2	5.331890	6.081983	11.413874	22.295033
49.3	2.488906	8.924997	11.413903	22.301337
49.4	4.069641	7.344248	11.413890	22.273775
49.5	8.213619	3.200232	11.413850	22.202936
49.6	9.349138	2.064700	11.413838	22.088584
49.7	5.799428	5.614444	11.413872	21.940874
49.8	2.301522	9.112384	11.413906	21.778355
49.9	3.667614	7.746279	11.413893	21.623323
50	8.077506	3.336344	11.413849	21.495990
50.1	9.360682	2.053152	11.413834	21.409294
50.2	5.454693	5.959178	11.413871	21.365936
50.3	1.506775	9.907136	11.413911	21.358429
50.4	3.076028	8.337871	11.413899	21.371972
50.5	8.440004	2.973845	11.413849	21.389085
50.6	10.583254	0.830573	11.413827	21.394499
50.7	6.498815	4.915049	11.413864	21.378866
50.8	1.351983	10.061928	11.413911	21.340374
50.9	1.734175	9.679730	11.413906	21.284103
51	6.923435	4.490421	11.413856	21.219640
51.1	9.896741	1.517087	11.413828	21.157937
51.2	6.778267	4.635593	11.413860	21.108425
51.3	2.004897	9.409010	11.413907	21.077158
51.4	2.235492	9.178414	11.413906	21.066291
51.5	7.252657	4.161200	11.413857	21.074750
51.6	10.207707	1.206120	11.413827	21.099614
51.7	6.921377	4.492480	11.413857	21.137673
51.8	1.651081	9.762827	11.413908	21.186637
51.9	1.459642	9.954269	11.413910	21.245736
52	6.724049	4.689813	11.413861	21.315600
52.1	10.573775	0.840051	11.413826	21.397521
52.2	8.034157	3.379694	11.413851	21.492280
52.3	2.601626	8.812277	11.413902	21.598818
52.4	1.483452	9.930460	11.413911	21.713076
52.5	5.986708	5.427160	11.413867	21.827385
52.6	9.945923	1.467907	11.413830	21.930777
52.7	8.132134	3.281716	11.413849	22.010463
52.8	3.205970	8.207927	11.413898	22.054467
52.9	1.951228	9.462682	11.413910	22.055022
53	6.069522	5.344348	11.413870	22.011910
53.1	9.987571	1.426261	11.413833	21.934704
53.2	8.456496	2.957352	11.413848	21.842848
53.3	3.548618	7.865276	11.413894	21.762978
53.4	1.728785	9.685124	11.413909	21.723604
53.5	5.193628	6.220247	11.413875	21.748194
53.6	9.178171	2.235667	11.413839	21.848416
53.7	8.557054	2.856794	11.413848	22.019600
53.8	4.561281	6.852606	11.413887	22.240123
53.9	2.697249	8.716653	11.413902	22.475414
54	5.136783	6.277092	11.413875	22.685942
54.1	8.081713	3.332132	11.413845	22.837200
54.2	7.355656	4.058197	11.413854	22.908874
54.3	4.169239	7.244648	11.413887	22.900407
54.4	3.165562	8.248335	11.413897	22.831092
54.5	5.788902	5.624969	11.413871	22.734423
54.6	8.338245	3.075600	11.413845	22.648260
54.7	7.250418	4.163438	11.413856	22.603729
54.8	4.048446	7.365442	11.413888	22.616305
54.9	3.081222	8.332673	11.413895	22.681860
55	5.411194	6.002675	11.413870	22.778931
55.1	7.494427	3.919421	11.413848	22.876405
55.2	6.370396	5.043466	11.413862	22.944024
55.3	3.878606	7.535284	11.413890	22.962180
55.4	3.915468	7.498423	11.413891	22.927698
55.5	6.705798	4.708065	11.413863	22.853731
55.6	8.333637	3.080208	11.413845	22.763910
55.7	6.298123	5.115741	11.413864	22.682951
55.8	3.219686	8.194208	11.413894	22.627153
55.9	3.315990	8.097903	11.413893	22.598285
56	6.489525	4.924338	11.413862	22.583124
56.1	8.387006	3.026838	11.413844	22.558879
56.2	6.476072	4.937792	11.413865	22.502572
56.3	3.628326	7.785569	11.413895	22.400931
56.4	4.060451	7.353440	11.413891	22.257105
56.5	7.258741	4.155117	11.413858	22.091556
56.6	8.553056	2.860786	11.413842	21.936532
56.7	5.764028	5.649840	11.413868	21.825849
56.8	2.601190	8.812712	11.413902	21.783450
56.9	3.722859	7.691036	11.413895	21.814729
57	8.061351	3.352502	11.413854	21.903738
57.1	9.858517	1.555317	11.413834	22.017390
57.2	6.427147	4.986718	11.413865	22.115331
57.3	2.099054	9.314852	11.413906	22.162173
57.4	2.629644	8.784258	11.413902	22.137957
57.5	7.375431	4.038426	11.413856	22.043344
57.6	9.964588	1.449243	11.413831	21.897913
57.7	6.842519	4.571342	11.413861	21.732362
57.8	2.196099	9.217807	11.413906	21.577572
57.9	2.393188	9.020717	11.413905	21.454504
58	7.287908	4.125950	11.413858	21.368542
58.1	10.237443	1.176385	11.413828	21.310130
58.2	7.031394	4.382463	11.413857	21.261213
58.3	1.739409	9.674498	11.413907	21.204785
58.4	1.419153	9.994758	11.413911	21.133676
58.5	6.638162	4.775700	11.413862	21.055031
58.6	10.578985	0.834841	11.413826	20.988538
58.7	8.061541	3.352309	11.413849	20.958914
58.8	2.435414	8.978488	11.413902	20.985392
58.9	1.082469	10.331444	11.413913	21.072280
59	5.568453	5.845415	11.413869	21.204406
59.1	9.670587	1.743242	11.413829	21.349656
59.2	7.867338	3.546511	11.413848	21.468194
59.3	2.779682	8.634217	11.413899	21.525503
59.4	1.535920	9.877993	11.413912	21.504774
59.5	6.040269	5.373601	11.413870	21.414173
59.6	10.337113	1.076716	11.413829	21.286131
59.7	8.621786	2.792058	11.413844	21.168443
59.8	3.065197	8.348699	11.413896	21.109812
59.9	0.925041	10.488874	11.413915	21.144475
60	4.888261	6.525615	11.413877	21.280967
60.1	9.619855	1.793979	11.413833	21.498810
60.2	9.008799	2.405043	11.413842	21.754319
60.3	4.238370	7.175519	11.413889	21.993676
60.4	1.926721	9.487189	11.413911	22.169052
60.5	5.105178	6.308700	11.413879	22.252548
60.6	9.292331	2.121507	11.413838	22.243527
60.7	8.755385	2.658458	11.413843	22.167173
60.8	4.260291	7.153596	11.413887	22.065035
60.9	1.878571	9.535338	11.413909	21.980985
61	4.726820	6.687061	11.413881	21.947375
61.1	8.920293	2.493549	11.413842	21.975959
61.2	8.986137	2.427706	11.413844	22.056362
61.3	5.131502	6.282379	11.413881	22.162164
61.4	2.608790	8.805113	11.413903	22.262110
61.5	4.448253	6.965628	11.413881	22.332255
61.6	7.648333	3.765516	11.413849	22.364732
61.7	7.716964	3.696887	11.413851	22.370152
61.8	4.895245	6.518636	11.413882	22.373005
61.9	3.467433	7.946464	11.413896	22.401885
62	5.488162	5.925712	11.413874	22.478150
62.1	7.925003	3.488845	11.413848	22.607072
62.2	7.114868	4.298987	11.413855	22.774573
62.3	4.054623	7.359263	11.413886	22.950637
62.4	3.006601	8.407296	11.413897	23.098184
62.5	5.453148	5.960724	11.413872	23.184352
62.6	7.990818	3.423029	11.413847	23.190448
62.7	7.128237	4.285620	11.413857	23.117358
62.8	4.179924	7.233963	11.413887	22.984868
62.9	3.341306	8.072589	11.413895	22.825372
63	5.703810	5.710059	11.413869	22.674241
63.1	7.728828	3.685019	11.413847	22.560045
63.2	6.373686	5.040174	11.413861	22.497632
63.3	3.568298	7.845594	11.413891	22.485882
63.4	3.561549	7.852346	11.413895	22.510318
63.5	6.770304	4.643560	11.413864	22.549173
63.6	8.907993	2.505849	11.413842	22.580564
63.7	6.879393	4.534467	11.413860	22.588389
63.8	3.275210	8.138685	11.413895	22.565303
63.9	2.981157	8.432741	11.413898	22.512375
64	6.399430	5.014434	11.413864	22.436222
64.1	8.763190	2.650650	11.413840	22.345193
64.2	6.734300	4.679561	11.413861	22.246240
64.3	3.198947	8.214951	11.413898	22.143601
64.4	3.384281	8.029619	11.413899	22.039454
64.5	7.441923	3.971938	11.413860	21.935866
64.6	9.874604	1.539230	11.413834	21.836824
64.7	6.982585	4.431274	11.413858	21.749151
64.8	2.247067	9.166836	11.413903	21.681678
64.9	1.969912	9.443995	11.413907	21.642774
65	6.742142	4.671721	11.413863	21.637123
65.1	10.363675	1.050155	11.413829	21.662966
65.2	8.009701	3.404150	11.413851	21.710965
65.3	2.781812	8.632089	11.413901	21.765274
65.4	1.659474	9.754437	11.413911	21.806693
65.5	6.114765	5.299103	11.413868	21.817047
65.6	10.050843	1.362986	11.413829	21.783555
65.7	7.996798	3.417050	11.413847	21.701973
65.8	2.581308	8.832591	11.413899	21.577686
65.9	1.109727	10.304188	11.413915	21.424558
66	5.723463	5.690409	11.413872	21.261961
66.1	10.391419	1.022409	11.413828	21.110827
66.2	8.890816	2.523025	11.413841	20.989704
66.3	3.127869	8.286025	11.413895	20.911662
66.4	0.622084	10.791833	11.413917	20.882537
66.5	4.514462	6.899417	11.413879	20.900675
66.6	9.484767	1.929065	11.413832	20.957993
66.7	8.974328	2.439511	11.413839	21.042021
66.8	3.922190	7.491699	11.413889	21.138482
66.9	1.309537	10.104377	11.413914	21.233982
67	4.636506	6.777375	11.413881	21.318365
67.1	9.264969	2.148867	11.413835	21.386322
67.2	8.829058	2.584781	11.413840	21.437922
67.3	3.912582	7.501306	11.413887	21.477866
67.4	1.239668	10.174246	11.413914	21.513582
67.5	4.557490	6.856394	11.413884	21.552566
67.6	9.576919	1.836918	11.413837	21.599701
67.7	9.731761	1.682075	11.413836	21.655432
67.8	4.906131	6.507751	11.413881	21.715497
67.9	1.444662	9.969250	11.413912	21.772494
68	3.643552	7.770336	11.413888	21.818948
68.1	8.253724	3.160121	11.413845	21.850888
68.2	9.152772	2.261068	11.413840	21.870603
68.3	5.560312	5.853565	11.413877	21.887332
68.4	2.723583	8.690321	11.413905	21.915232
68.5	4.526002	6.887884	11.413886	21.968881
68.6	8.309711	3.104137	11.413848	22.057601
68.7	8.774867	2.638976	11.413843	22.180532
68.8	5.287932	6.125945	11.413877	22.324417
68.9	2.567552	8.846349	11.413902	22.465419
69	4.105917	7.307968	11.413885	22.574970
69.1	7.556331	3.857520	11.413851	22.628274
69.2	8.237896	3.175952	11.413848	22.612891
69.3	5.583163	5.830714	11.413876	22.534533
69.4	3.583404	7.830492	11.413896	22.417780
69.5	4.945651	6.468228	11.413879	22.300914
69.6	7.375035	4.038817	11.413852	22.225944
69.7	7.095400	4.318454	11.413854	22.226618
69.8	4.387468	7.026414	11.413882	22.318042
69.9	3.195881	8.218015	11.413896	22.491289
70	5.413336	6.000539	11.413875	22.714919
70.1	8.051519	3.362329	11.413848	22.943200
70.2	7.397356	4.016498	11.413854	23.128654
70.3	4.294338	7.119547	11.413885	23.235107
70.4	3.019708	8.394189	11.413897	23.247179
70.5	5.269410	6.144463	11.413873	23.173311
70.6	7.752268	3.661580	11.413847	23.041500
70.7	6.869770	4.544087	11.413856	22.889309
70.8	3.902416	7.511472	11.413888	22.751608
70.9	3.271290	8.142607	11.413897	22.650154
71	6.188010	5.225859	11.413869	22.588419
71.1	8.694924	2.718918	11.413842	22.553154
71.2	7.108343	4.305513	11.413856	22.521816
71.3	3.374296	8.039596	11.413893	22.472902
71.4	2.648568	8.765334	11.413902	22.395285
71.5	6.164366	5.249503	11.413869	22.293065
71.6	9.285748	2.128090	11.413838	22.184169
71.7	7.734406	3.679447	11.413853	22.093254
71.8	3.572408	7.841486	11.413894	22.041619
71.9	2.533811	8.880094	11.413905	22.037970
72	6.123997	5.289872	11.413869	22.073625
72.1	9.368878	2.044957	11.413836	22.124148
72.2	7.582501	3.831350	11.413851	22.157037
72.3	3.017098	8.396799	11.413897	22.142862
72.4	2.061342	9.352568	11.413910	22.065886
72.5	6.476544	4.937326	11.413870	21.930300
72.6	10.619145	0.794684	11.413829	21.759707
72.7	8.790299	2.623545	11.413843	21.589869
72.8	3.027431	8.386464	11.413896	21.457131
72.9	0.684609	10.729308	11.413917	21.386525
73	4.756445	6.657434	11.413879	21.383686
73.1	9.844118	1.569713	11.413831	21.433402
73.2	9.289893	2.123944	11.413838	21.505249
73.3	4.015118	7.398772	11.413889	21.564276
73.4	1.211581	10.202335	11.413916	21.582899
73.5	4.632628	6.781255	11.413882	21.549776
73.6	9.549333	1.864501	11.413834	21.472589
73.7	9.165372	2.248464	11.413836	21.373852
73.8	3.832206	7.581680	11.413887	21.281487
73.9	0.627035	10.786883	11.413917	21.217758
74	3.857909	7.555978	11.413887	21.190795
74.1	9.282704	2.131133	11.413837	21.191932
74.2	9.792038	1.621795	11.413833	21.199919
74.3	4.868510	6.545370	11.413880	21.190465
74.4	1.139625	10.274290	11.413914	21.147515
74.5	3.420587	7.993303	11.413890	21.071891
74.6	8.381648	3.032194	11.413842	20.983791
74.7	9.248204	2.165631	11.413835	20.917790
74.8	4.994505	6.419373	11.413878	20.911728
74.9	1.591268	9.822643	11.413911	20.993170
75	3.793539	7.620352	11.413891	21.168180
75.1	8.709491	2.704353	11.413844	21.416537
75.2	9.777989	1.635846	11.413834	21.695412
75.3	5.617013	5.796861	11.413874	21.950707
75.4	1.778587	9.635322	11.413909	22.132575
75.5	3.228842	8.185052	11.413894	22.210173
75.6	7.835206	3.578644	11.413850	22.180876
75.7	9.485041	1.928796	11.413837	22.070922
75.8	6.313826	5.100044	11.413870	21.927314
75.9	2.886883	8.527019	11.413902	21.803587
76	3.734497	7.679394	11.413891	21.744048
76.1	7.327824	4.086031	11.413854	21.771450
76.2	8.549885	2.863958	11.413844	21.881845
76.3	5.869460	5.544412	11.413872	22.047886
76.4	3.238815	8.175083	11.413899	22.229085
76.5	4.379382	7.034504	11.413887	22.385358
76.6	7.629504	3.784350	11.413854	22.489280
76.7	8.424226	2.989620	11.413846	22.533217
76.8	5.698033	5.715840	11.413873	22.529371
76.9	3.220427	8.193469	11.413896	22.503304
77	4.203433	7.210451	11.413884	22.483611
77.1	6.916446	4.497409	11.413855	22.491561
77.2	7.384179	4.029673	11.413852	22.534270
77.3	5.130461	6.283417	11.413878	22.603478
77.4	3.732961	7.680934	11.413894	22.679987
77.5	5.483363	5.930513	11.413877	22.741773
77.6	7.906451	3.507398	11.413849	22.772672
77.7	7.242269	4.171584	11.413853	22.768473
77.8	3.990989	7.422895	11.413884	22.738382
77.9	2.505830	8.908070	11.413900	22.701505
78	4.966684	6.447193	11.413877	22.679791
78.1	8.166270	3.247576	11.413846	22.690027
78.2	7.809915	3.603935	11.413850	22.737657
78.3	4.481232	6.932652	11.413884	22.814479
78.4	2.885090	8.528810	11.413900	22.900813
78.5	5.269932	6.143944	11.413875	22.971247
78.6	8.199160	3.214684	11.413844	23.001944
78.7	7.344366	4.069486	11.413851	22.977133
78.8	3.719875	7.694013	11.413888	22.892891
78.9	2.505099	8.908805	11.413904	22.757346
79	5.813430	5.600444	11.413874	22.587664
79.1	9.433817	1.980021	11.413838	22.405127
79.2	8.382488	3.031359	11.413847	22.230032
79.3	3.862927	7.550963	11.413890	22.077877
79.4	1.911494	9.502415	11.413909	21.957650
79.5	5.244039	6.169838	11.413877	21.872162
79.6	9.383389	2.030448	11.413837	21.819703
79.7	8.615241	2.798602	11.413843	21.796008
79.8	3.865637	7.548253	11.413889	21.795684
79.9	1.649983	9.763930	11.413913	21.812718
80	5.237457	6.176423	11.413880	21.840232
80.1	9.975235	1.438599	11.413834	21.870041
80.2	9.370921	2.042916	11.413837	21.892658
80.3	3.937559	7.476329	11.413887	21.898143
80.4	0.771611	10.642307	11.413918	21.877795
80.5	4.162158	7.251729	11.413887	21.826214
80.6	9.748048	1.665787	11.413835	21.743076
80.7	10.190353	1.223478	11.413831	21.633943
80.8	4.899857	6.514023	11.413880	21.509735
80.9	0.814070	10.599847	11.413917	21.384895
81	3.159320	8.254573	11.413893	21.274685
81.1	8.563650	2.850191	11.413841	21.192245
81.2	9.707072	1.706759	11.413831	21.146115
81.3	5.179102	6.234774	11.413876	21.138683
81.4	1.272340	10.141575	11.413914	21.165814
81.5	3.385114	8.028780	11.413894	21.217617
81.6	8.703179	2.710664	11.413843	21.280159
81.7	10.012561	1.401269	11.413830	21.337836
81.8	5.431890	5.981983	11.413872	21.376108
81.9	0.936219	10.477695	11.413913	21.384250
82	2.355683	9.058216	11.413899	21.357739
82.1	7.677937	3.735912	11.413849	21.299793
82.2	9.905545	1.508286	11.413831	21.221583
82.3	6.424611	4.989255	11.413867	21.140768
82.4	2.248671	9.165236	11.413907	21.078327
82.5	3.015578	8.398320	11.413897	21.054136
82.6	7.429378	3.984476	11.413853	21.082214
82.7	9.287171	2.126664	11.413835	21.166904
82.8	6.054630	5.359237	11.413867	21.301187
82.9	2.232880	9.181025	11.413905	21.467898
83	3.113849	8.300048	11.413897	21.643790
83.1	7.602894	3.810961	11.413855	21.805484
83.2	9.802742	1.611094	11.413836	21.935605
83.3	6.978973	4.434891	11.413864	22.027188
83.4	3.033995	8.379905	11.413900	22.084843
83.5	3.035367	8.378529	11.413896	22.122160
83.6	6.510014	4.903847	11.413861	22.156089
83.7	8.510884	2.902959	11.413843	22.200165
83.8	6.569198	4.844668	11.413866	22.258960
83.9	3.810098	7.603796	11.413895	22.325884
84	4.237275	7.176614	11.413889	22.385375
84.1	7.096998	4.316861	11.413859	22.418971
84.2	8.164758	3.249090	11.413847	22.413278
84.3	5.863225	5.550646	11.413871	22.366973
84.4	3.453147	7.960748	11.413895	22.294070
84.5	4.310836	7.103050	11.413885	22.221822
84.6	7.121051	4.292805	11.413856	22.183402
84.7	7.811500	3.602349	11.413849	22.207442
84.8	5.402004	6.011870	11.413874	22.307799
84.9	3.391937	8.021959	11.413895	22.477100
85	4.701463	6.712419	11.413882	22.686643
85.1	7.409640	4.004212	11.413852	22.893171
85.2	7.457822	3.956028	11.413850	23.050782
85.3	4.554602	6.859277	11.413880	23.124380
85.4	2.807684	8.606216	11.413899	23.100390
85.5	4.961135	6.452746	11.413880	22.991184
85.6	8.295511	3.118336	11.413847	22.831624
85.7	8.177108	3.236739	11.413846	22.668671
85.8	4.536847	6.877034	11.413881	22.547299
85.9	2.192146	9.221757	11.413903	22.497201
86	4.308276	7.105607	11.413883	22.524495
86.1	7.965166	3.448681	11.413846	22.611021
86.2	8.122835	3.291011	11.413845	22.721223
86.3	4.649695	6.764186	11.413882	22.814166
86.4	2.605248	8.808656	11.413905	22.856527
86.5	5.171189	6.242692	11.413881	22.832241
86.6	8.980323	2.433519	11.413842	22.745743
86.7	8.568540	2.845302	11.413842	22.618083
86.8	4.066451	7.347433	11.413884	22.477688
86.9	1.422037	9.991875	11.413912	22.349395
87	4.454857	6.959029	11.413885	22.245836
87.1	9.437080	1.976759	11.413839	22.164276
87.2	9.838041	1.575794	11.413835	22.089864
87.3	5.097276	6.316604	11.413880	22.003844
87.4	1.525216	9.888698	11.413914	21.893365
87.5	3.878712	7.535179	11.413890	21.758959
87.6	8.891755	2.522086	11.413841	21.616603
87.7	9.629009	1.784824	11.413833	21.493336
87.8	4.927842	6.486036	11.413878	21.417867
87.9	1.130679	10.283237	11.413916	21.409541
88	3.584311	7.829584	11.413895	21.469804
88.1	9.285793	2.128048	11.413841	21.579503
88.2	10.702853	0.710973	11.413827	21.703304
88.3	5.802450	5.611421	11.413871	21.800000
88.4	0.857043	10.556873	11.413916	21.835274
88.5	2.190597	9.223305	11.413902	21.792549
88.6	7.852692	3.561157	11.413849	21.678150
88.7	10.311322	1.102505	11.413827	21.518940
88.8	6.487543	4.926322	11.413865	21.353239
88.9	1.693020	9.720891	11.413910	21.218190
89	2.339746	9.074157	11.413903	21.137950
89.1	7.362556	4.051298	11.413853	21.116802
89.2	9.840833	1.572996	11.413830	21.139480
89.3	6.436226	4.977637	11.413863	21.178418
89.4	1.826254	9.587654	11.413908	21.205150
89.5	2.271632	9.142271	11.413903	21.201637
89.6	7.162633	4.251224	11.413856	21.167325
89.7	9.938491	1.475340	11.413831	21.119346
89.8	6.963769	4.450091	11.413860	21.085781
89.9	2.300827	9.113076	11.413903	21.094444
90	2.098771	9.315132	11.413903	21.161366
90.1	6.385046	5.028815	11.413861	21.283268
90.2	9.296510	2.117325	11.413835	21.436991
90.3	7.141310	4.272549	11.413859	21.586334
90.4	3.213229	8.200669	11.413898	21.694115
90.5	3.031447	8.382453	11.413900	21.735311
90.6	6.780109	4.633753	11.413862	21.706686
90.7	9.247409	2.166429	11.413838	21.629394
90.8	7.071344	4.342516	11.413860	21.543418
90.9	3.236251	8.177645	11.413896	21.495498
91	2.849470	8.564428	11.413898	21.524386
91.1	6.238655	5.175210	11.413865	21.648235
91.2	8.780183	2.633661	11.413843	21.858227
91.3	7.352567	4.061294	11.413861	22.120493
91.4	4.348947	7.064944	11.413891	22.385678
91.5	3.966084	7.447807	11.413891	22.603060
91.6	6.314529	5.099335	11.413864	22.734752
91.7	7.605396	3.808453	11.413849	22.765632
91.8	5.832720	5.581148	11.413869	22.706185
91.9	3.675049	7.738844	11.413893	22.587775
92	4.521278	6.892609	11.413886	22.452303
92.1	7.425324	3.988533	11.413857	22.339803
92.2	8.308122	3.105724	11.413847	22.277918
92.3	5.765175	5.648696	11.413871	22.276289
92.4	3.184517	8.229379	11.413896	22.327028
92.5	4.044710	7.369176	11.413886	22.410389
92.6	6.986356	4.427499	11.413856	22.503179
92.7	7.706898	3.706949	11.413848	22.586774
92.8	5.109014	6.304861	11.413875	22.652141
92.9	2.976182	8.437717	11.413899	22.700545
93	4.626433	6.787451	11.413884	22.740283
93.1	8.001472	3.412378	11.413850	22.781138
93.2	8.304376	3.109468	11.413844	22.828880
93.3	4.763223	6.650654	11.413877	22.881917
93.4	2.033546	9.380358	11.413905	22.931200
93.5	3.952636	7.461252	11.413888	22.963219
93.6	8.109254	3.304593	11.413848	22.964829
93.7	8.917374	2.496466	11.413840	22.928047
93.8	5.242321	6.171555	11.413875	22.853114
93.9	2.098288	9.315618	11.413906	22.748830
94	3.854113	7.559777	11.413890	22.630182
94.1	8.148789	3.265058	11.413847	22.514182
94.2	9.015865	2.397973	11.413838	22.415360
94.3	5.139209	6.274666	11.413876	22.342303
94.4	1.878460	9.535450	11.413910	22.296149
94.5	4.015411	7.398481	11.413892	22.271225
94.6	8.996432	2.417412	11.413844	22.257313
94.7	10.104642	1.309189	11.413831	22.242650
94.8	5.557792	5.856081	11.413873	22.216711
94.9	1.192274	10.221640	11.413914	22.172123
95	2.815207	8.598692	11.413899	22.105482
95.1	8.357779	3.056069	11.413847	22.017242
95.2	10.503645	0.910182	11.413827	21.911080
95.3	6.445011	4.968855	11.413866	21.793094
95.4	1.679801	9.734111	11.413912	21.671060
95.5	2.644683	8.769220	11.413903	21.553741
95.6	8.027794	3.386057	11.413851	21.450120
95.7	10.487354	0.926472	11.413826	21.368433
95.8	6.535409	4.878454	11.413862	21.315027
95.9	1.306278	10.107633	11.413912	21.293229
96	1.753956	9.659952	11.413908	21.302531
96.1	7.368983	4.044873	11.413856	21.338371
96.2	10.839655	0.574170	11.413825	21.392641
96.3	7.735190	3.678665	11.413855	21.454818
96.4	2.252578	9.161327	11.413905	21.513451
96.5	1.472374	9.941535	11.413909	21.557633
96.6	5.987384	5.426479	11.413864	21.578228
96.7	9.425090	1.988741	11.413831	21.568750
96.8	7.227789	4.186066	11.413855	21.526008
96.9	2.684849	8.729051	11.413901	21.450681
97	2.215101	9.198805	11.413906	21.347889
97.1	6.543619	4.870245	11.413864	21.227626
97.2	9.782770	1.631062	11.413832	21.104640
97.3	7.497202	3.916652	11.413854	20.997314
97.4	2.690717	8.723182	11.413899	20.925207
97.5	1.688247	9.725660	11.413907	20.905378
97.6	5.661535	5.752334	11.413869	20.948145
97.7	9.251378	2.162458	11.413836	21.053468
97.8	7.901691	3.512161	11.413852	21.209238
97.9	3.809796	7.604096	11.413892	21.392529
98	2.622489	8.791413	11.413902	21.574023
98.1	5.718475	5.695394	11.413870	21.724836
98.2	8.629961	2.783881	11.413842	21.824019
98.3	7.421264	3.992592	11.413856	21.864484
98.4	4.012503	7.401388	11.413891	21.855368
98.5	3.267068	8.146830	11.413898	21.819745
98.6	6.181397	5.232472	11.413868	21.788052
98.7	8.660362	2.753482	11.413844	21.789016
98.8	7.334137	4.079721	11.413858	21.840841
98.9	4.147066	7.266823	11.413889	21.945527
99	3.453399	7.960495	11.413894	22.088280
99.1	5.932094	5.481773	11.413867	22.242379
99.2	7.876640	3.537208	11.413848	22.378020
99.3	6.625906	4.787958	11.413864	22.472232
99.4	4.275908	7.137982	11.413890	22.516492
99.5	4.459252	6.954636	11.413888	22.519335
99.6	6.951586	4.462275	11.413861	22.502935
99.7	7.937759	3.476089	11.413848	22.494719
99.8	5.609407	5.804462	11.413869	22.516884
99.9	3.020639	8.393258	11.413896	22.577550
100	3.912994	7.500895	11.413889	22.666842
100.1	7.290933	4.122923	11.413857	22.759546
100.2	8.558250	2.855593	11.413843	22.823710
100.3	5.882543	5.531327	11.413869	22.832384
100.4	2.899163	8.514736	11.413899	22.774425
100.5	3.749541	7.664350	11.413890	22.660467
100.6	7.222602	4.191253	11.413854	22.521619
100.7	8.300445	3.113397	11.413842	22.400956
100.8	5.201954	6.211917	11.413871	22.340321
100.9	2.130232	9.283672	11.413904	22.366704
101	3.614413	7.799480	11.413893	22.482738
101.1	8.062199	3.351652	11.413851	22.664600
101.2	9.595113	1.818722	11.413835	22.868190
101.3	5.990245	5.423623	11.413868	23.041704
101.4	1.911557	9.502350	11.413907	23.140607
101.5	2.759993	8.653905	11.413898	23.140179
101.6	7.333155	4.080699	11.413853	23.041680
101.7	9.383897	2.029937	11.413834	22.870334
101.8	6.142295	5.271571	11.413866	22.666086
101.9	2.194688	9.219219	11.413907	22.470463
102	3.246842	8.167058	11.413899	22.314073
102.1	8.157162	3.256690	11.413852	22.208842
102.2	10.247480	1.166349	11.413829	22.147297
102.3	6.375781	5.038083	11.413864	22.108627
102.4	1.480445	9.933466	11.413911	22.068865
102.5	2.168385	9.245522	11.413906	22.011163
102.6	7.775632	3.638223	11.413855	21.932309
102.7	11.021068	0.392756	11.413824	21.843150
102.8	7.608873	3.804983	11.413856	21.762998
102.9	1.992220	9.421687	11.413908	21.710394
103	1.501384	9.912527	11.413911	21.694014
103.1	6.623070	4.790792	11.413862	21.707429
103.2	10.427055	0.986771	11.413826	21.729983
103.3	7.880456	3.533396	11.413852	21.733708
103.4	2.533938	8.879965	11.413903	21.693844
103.5	1.650361	9.763551	11.413912	21.599067
103.6	6.406377	5.007489	11.413866	21.457477
103.7	10.353579	1.060248	11.413828	21.295855
103.8	8.125993	3.287855	11.413848	21.152065
103.9	2.620580	8.793320	11.413900	21.063009
104	1.060661	10.353252	11.413913	21.052206
104.1	5.358749	6.055123	11.413872	21.121357
104.2	9.720297	1.693535	11.413832	21.248924
104.3	8.509841	2.904004	11.413846	21.396393
104.4	3.649902	7.763991	11.413893	21.520195
104.5	1.737468	9.676441	11.413909	21.585305
104.6	5.074575	6.339299	11.413874	21.575929
104.7	8.806270	2.607567	11.413837	21.499725
104.8	7.774973	3.638876	11.413849	21.384214
104.9	3.531227	7.882664	11.413891	21.266794
105	2.035534	9.378372	11.413906	21.181905
105.1	5.435818	5.978056	11.413874	21.149868
105.2	9.208835	2.205004	11.413839	21.171213
105.3	8.382289	3.031559	11.413848	21.228327
105.4	4.188710	7.225178	11.413887	21.293634
105.5	2.195796	9.218108	11.413904	21.341196
105.6	4.745398	6.668479	11.413877	21.357448
105.7	8.078258	3.335588	11.413845	21.347135
105.8	7.766639	3.647212	11.413852	21.332254
105.9	4.700093	6.713792	11.413885	21.344317
106	3.490267	7.923630	11.413897	21.412634
106.1	5.868452	5.545421	11.413872	21.552743
106.2	8.391065	3.022782	11.413847	21.759096
106.3	7.446951	3.966905	11.413856	22.004662
106.4	4.340234	7.073653	11.413887	22.247749
106.5	3.357316	8.056579	11.413895	22.443915
106.6	5.719138	5.694732	11.413871	22.559124
106.7	7.991876	3.421972	11.413848	22.579917
106.8	7.062165	4.351695	11.413860	22.517382
106.9	4.498322	6.915565	11.413887	22.403776
107	4.131398	7.282493	11.413891	22.282981
107.1	6.430170	4.983694	11.413865	22.197910
107.2	7.813691	3.600157	11.413848	22.178781
107.3	5.937548	5.476318	11.413866	22.235695
107.4	3.324744	8.089150	11.413894	22.357449
107.5	3.923800	7.490092	11.413892	22.516440
107.6	7.305886	4.107973	11.413859	22.677691
107.7	8.876799	2.537042	11.413841	22.808953
107.8	6.180102	5.233762	11.413865	22.888810
107.9	2.577883	8.836016	11.413899	22.910684
108	2.888819	8.525078	11.413897	22.882120
108.1	6.741685	4.672175	11.413859	22.820287
108.2	8.902829	2.511009	11.413838	22.745656
108.3	6.398871	5.014992	11.413863	22.676063
108.4	2.706071	8.707829	11.413900	22.622906
108.5	3.047556	8.366342	11.413898	22.590182
108.6	7.095707	4.318151	11.413858	22.576044
108.7	9.224109	2.189726	11.413835	22.575706
108.8	6.229369	5.184493	11.413862	22.584347
108.9	1.983400	9.430504	11.413904	22.598876
109	2.378721	9.035182	11.413903	22.618116
109.1	7.220467	4.193392	11.413858	22.641666
109.2	10.207955	1.205875	11.413830	22.668183
109.3	7.328697	4.085160	11.413857	22.693998
109.4	2.384219	9.029685	11.413904	22.712724
109.5	1.988230	9.425677	11.413907	22.716053
109.6	6.632596	4.781266	11.413862	22.695479
109.7	9.954625	1.459204	11.413829	22.644343
109.8	7.359954	4.053901	11.413854	22.559548
109.9	2.372512	9.041392	11.413904	22.442480
110	1.970810	9.443101	11.413911	22.298971
110.1	7.065100	4.348764	11.413864	22.138444
110.2	11.028909	0.384917	11.413825	21.972545
110.3	8.466374	2.947473	11.413847	21.813599
110.4	2.524117	8.889784	11.413902	21.673099
110.5	0.849708	10.564208	11.413916	21.560368
110.6	5.498996	5.914876	11.413872	21.481413
110.7	10.260875	1.152953	11.413828	21.438065
110.8	8.952636	2.461207	11.413843	21.427542
110.9	3.562030	7.851864	11.413895	21.442646
111	1.404943	10.008972	11.413914	21.472758
111.1	5.257499	6.156377	11.413876	21.505615
111.2	9.751377	1.662455	11.413832	21.529606
111.3	8.737359	2.676483	11.413842	21.536045
111.4	3.563116	7.850775	11.413891	21.520825
111.5	1.160612	10.253301	11.413914	21.484916
111.6	4.688258	6.725622	11.413880	21.433559
111.7	9.387909	2.025926	11.413836	21.374403
111.8	9.074736	2.339104	11.413840	21.315245
111.9	4.343887	7.069998	11.413885	21.262180
112	1.525578	9.888332	11.413910	21.218800
112.1	4.093312	7.320571	11.413882	21.186653
112.2	8.241368	3.172474	11.413842	21.166612
112.3	8.349516	3.064328	11.413844	21.160354
112.4	4.596699	6.817183	11.413883	21.171048
112.5	2.406249	9.007656	11.413904	21.202630
112.6	4.815951	6.597929	11.413880	21.257673
112.7	8.394110	3.019734	11.413844	21.334597
112.8	8.136364	3.277483	11.413847	21.425483
112.9	4.384051	7.029833	11.413883	21.515783
113	2.265761	9.148143	11.413903	21.586739
113.1	4.630909	6.782971	11.413880	21.620313
113.2	8.272033	3.141813	11.413847	21.605395
113.3	8.446497	2.967350	11.413848	21.543230
113.4	5.261967	6.151913	11.413880	21.449934
113.5	3.213182	8.200716	11.413898	21.354617
113.6	4.843034	6.570845	11.413878	21.292975
113.7	7.469064	3.944787	11.413851	21.297812
113.8	7.293097	4.120757	11.413855	21.389173
113.9	4.818063	6.595820	11.413883	21.567259
114	3.923595	7.490298	11.413894	21.810666
114.1	6.123522	5.290350	11.413872	22.080961
114.2	8.319871	3.093977	11.413848	22.332583
114.3	7.258587	4.155270	11.413858	22.525247
114.4	4.271873	7.142014	11.413887	22.635042
114.5	3.463882	7.950013	11.413895	22.660670
114.6	5.866643	5.547226	11.413869	22.622772
114.7	7.925894	3.487953	11.413847	22.556467
114.8	6.586598	4.827263	11.413861	22.499543
114.9	3.777821	7.636070	11.413891	22.480187
115	3.763919	7.649975	11.413894	22.508353
115.1	6.931950	4.481913	11.413863	22.573666
115.2	8.897283	2.516557	11.413841	22.650505
115.3	6.537953	4.875907	11.413860	22.708429
115.4	2.653567	8.760330	11.413898	22.724234
115.5	2.460824	8.953077	11.413901	22.691304
115.6	6.417892	4.995973	11.413864	22.622837
115.7	9.314780	2.099056	11.413836	22.547695
115.8	7.220623	4.193233	11.413856	22.500194
115.9	2.933100	8.480797	11.413897	22.507416
116	2.296774	9.117130	11.413904	22.578532
116.1	6.201616	5.212249	11.413865	22.700045
116.2	9.236835	2.177000	11.413834	22.838863
116.3	7.066123	4.347732	11.413854	22.952356
116.4	2.534327	8.879572	11.413900	23.002134
116.5	1.969164	9.444744	11.413908	22.966871
116.6	6.486071	4.927795	11.413866	22.849793
116.7	10.188903	1.224927	11.413830	22.678194
116.8	8.000701	3.413148	11.413849	22.495069
116.9	2.656834	8.757065	11.413899	22.345622
117	1.236699	10.177214	11.413913	22.263162
117.1	5.691538	5.722333	11.413871	22.259029
117.2	10.132080	1.281750	11.413830	22.319826
117.3	8.680725	2.733119	11.413844	22.412651
117.4	3.388503	8.025393	11.413896	22.496327
117.5	1.487636	9.926278	11.413914	22.534658
117.6	5.605647	5.808227	11.413875	22.507162
117.7	10.156279	1.257551	11.413830	22.413836
117.8	8.863096	2.550746	11.413841	22.272694
117.9	3.312560	8.101334	11.413894	22.111448
118	0.946909	10.467008	11.413918	21.956719
118.1	5.101400	6.312480	11.413880	21.824887
118.2	10.450069	0.963762	11.413830	21.717899
118.3	10.008794	1.405040	11.413835	21.625357
118.4	4.352944	7.060942	11.413886	21.531744
118.5	0.778803	10.635114	11.413917	21.425694
118.6	3.638445	7.775443	11.413888	21.307429
118.7	8.788220	2.625619	11.413839	21.191202
118.8	9.376889	2.036947	11.413836	21.101497
118.9	4.974726	6.439155	11.413881	21.064214
119	1.828791	9.585120	11.413911	21.096014
119.1	4.212949	7.200938	11.413887	21.195920
119.2	8.732884	2.680958	11.413842	21.342549
119.3	9.128262	2.285576	11.413838	21.498464
119.4	4.805766	6.608113	11.413879	21.620547
119.5	1.521239	9.892670	11.413909	21.673102
119.6	3.518251	7.895637	11.413889	21.639298
119.7	7.932605	3.481242	11.413847	21.526972
119.8	8.885846	2.527994	11.413840	21.366710
119.9	5.424983	5.988893	11.413876	21.202673
120	2.511266	8.902638	11.413903	21.079153
120.1	4.032139	7.381747	11.413886	21.027237
120.2	7.610743	3.803107	11.413850	21.055967
120.3	8.162491	3.251354	11.413845	21.150779
120.4	4.998264	6.415613	11.413877	21.279568
120.5	2.634873	8.779028	11.413901	21.404127
120.6	4.417915	6.995969	11.413884	21.492983
120.7	7.934993	3.478857	11.413850	21.531290
120.8	8.459065	2.954782	11.413846	21.524567
120.9	5.451538	5.962338	11.413876	21.495282
121	3.117247	8.296651	11.413898	21.473750
121.1	4.474383	6.939499	11.413882	21.486734
121.2	7.337598	4.076255	11.413853	21.547799
121.3	7.660375	3.753477	11.413852	21.652736
121.4	5.280168	6.133711	11.413879	21.781508
121.5	3.930596	7.483298	11.413894	21.905858
121.6	5.693193	5.720682	11.413875	21.999781
121.7	7.947107	3.466743	11.413850	22.049119
121.8	7.203590	4.210266	11.413856	22.056948
121.9	4.292392	7.121493	11.413885	22.042923
122	3.355316	8.058581	11.413897	22.036854
122.1	5.928605	5.485267	11.413872	22.068723
122.2	8.547575	2.866270	11.413845	22.158479
122.3	7.487547	3.926308	11.413855	22.308948
122.4	4.091865	7.322023	11.413888	22.504087
122.5	3.051288	8.362611	11.413899	22.713011
122.6	5.822492	5.591379	11.413870	22.898407
122.7	8.420969	2.992873	11.413842	23.026642
122.8	6.936744	4.477112	11.413855	23.076521
122.9	3.218468	8.195425	11.413893	23.044261
123	2.582254	8.831650	11.413903	22.943551
123.1	6.380500	5.033368	11.413869	22.801114
123.2	9.726428	1.687407	11.413835	22.649431
123.3	7.908786	3.505063	11.413849	22.518896
123.4	2.969928	8.443967	11.413894	22.431518
123.5	1.275301	10.138609	11.413910	22.397549
123.6	5.034337	6.379537	11.413875	22.415361
123.7	9.219390	2.194445	11.413835	22.473969
123.8	8.265342	3.148503	11.413845	22.556989
123.9	3.609590	7.804301	11.413892	22.646746
124	1.767374	9.646537	11.413911	22.727540
124.1	5.413998	5.999877	11.413876	22.787591
124.2	9.603374	1.810460	11.413833	22.819730
124.3	8.436994	2.976848	11.413843	22.821164
124.4	3.232866	8.181026	11.413892	22.792784
124.5	0.977603	10.436313	11.413916	22.738335
124.6	4.931400	6.482480	11.413880	22.663577
124.7	10.054632	1.359200	11.413832	22.575454
124.8	9.610669	1.803167	11.413836	22.481212
124.9	4.197312	7.216575	11.413887	22.387509
125	1.018373	10.395544	11.413917	22.299629
125.1	4.268262	7.145623	11.413886	22.220982
125.2	9.520906	1.892930	11.413835	22.152993
125.3	9.693063	1.720771	11.413834	22.095383
125.4	4.577934	6.835949	11.413883	22.046646
125.5	1.120087	10.293830	11.413917	22.004502
125.6	4.064005	7.349885	11.413890	21.966101
125.7	9.558822	1.855015	11.413838	21.927949
125.8	10.298485	1.115346	11.413831	21.885749
125.9	5.266704	6.147173	11.413877	21.834473
126	1.042176	10.371740	11.413916	21.768988
126.1	3.023392	8.390503	11.413895	21.685334
126.2	8.382786	3.031059	11.413845	21.582430
126.3	10.036523	1.377309	11.413832	21.463635
126.4	6.073242	5.340629	11.413871	21.337459
126.5	2.000032	9.413877	11.413909	21.216846
126.6	3.107700	8.306194	11.413895	21.116875
126.7	7.489274	3.924576	11.413851	21.051294
126.8	8.979282	2.434556	11.413837	21.028855
126.9	5.661979	5.751892	11.413871	21.050629
127	2.290085	9.123820	11.413905	21.109302
127.1	3.578964	7.834928	11.413892	21.190887
127.2	7.763139	3.650712	11.413851	21.278434
127.3	9.137225	2.276613	11.413838	21.356595
127.4	5.865682	5.548188	11.413870	21.415523
127.5	2.336694	9.077208	11.413902	21.452726
127.6	3.073247	8.340645	11.413892	21.472246
127.7	6.731355	4.682501	11.413856	21.481479
127.8	8.263046	3.150797	11.413844	21.486933
127.9	5.931030	5.482841	11.413870	21.490682
128	3.420703	7.993194	11.413897	21.489108
128.1	4.410693	7.003193	11.413886	21.474671
128.2	7.417382	3.996473	11.413854	21.440242
128.3	8.051583	3.362264	11.413847	21.384379
128.4	5.306361	6.107513	11.413874	21.315315
128.5	2.973541	8.440357	11.413898	21.251668
128.6	4.295618	7.118267	11.413885	21.218899
128.7	7.455894	3.957960	11.413854	21.242138
128.8	8.197134	3.216715	11.413849	21.337475
128.9	5.769606	5.644269	11.413875	21.504707
129	3.814714	7.599180	11.413895	21.724412
129.1	5.060505	6.353375	11.413880	21.960967
129.2	7.462713	3.951140	11.413853	22.171243
129.3	7.282878	4.130976	11.413854	22.316666
129.4	4.639294	6.774588	11.413882	22.374956
129.5	3.472856	7.941041	11.413897	22.347670
129.6	5.831193	5.582682	11.413875	22.260787
129.7	8.640963	2.772883	11.413846	22.157740
129.8	7.827988	3.585864	11.413851	22.086759
129.9	4.187605	7.226281	11.413886	22.086378
130	2.596606	8.817296	11.413902	22.173686
130.1	5.318139	6.095737	11.413876	22.339135
130.2	8.653733	2.760109	11.413842	22.549648
130.3	7.881319	3.532529	11.413848	22.759064
130.4	3.883614	7.530273	11.413888	22.922493
130.5	2.170924	9.242982	11.413906	23.009902
130.6	5.320350	6.093527	11.413877	23.014483
130.7	9.174195	2.239643	11.413838	22.953171
130.8	8.317679	3.096165	11.413844	22.859337
130.9	3.596199	7.817689	11.413888	22.770368
131	1.275067	10.138845	11.413912	22.714551
131.1	4.647631	6.766251	11.413881	22.701836
131.2	9.392919	2.020918	11.413836	22.721645
131.3	9.201760	2.212077	11.413838	22.748332
131.4	4.271595	7.142289	11.413884	22.752183
131.5	1.142184	10.271729	11.413914	22.711868
131.6	3.927687	7.486199	11.413886	22.623741
131.7	8.750275	2.663564	11.413839	22.504549
131.8	8.999123	2.414713	11.413837	22.386441
131.9	4.365585	7.048298	11.413883	22.305973
132	1.344502	10.069413	11.413915	22.290957
132.1	4.384870	7.029018	11.413888	22.349830
132.2	9.658598	1.755238	11.413837	22.467346
132.3	10.042638	1.371193	11.413831	22.608224
132.4	4.748873	6.665006	11.413879	22.727596
132.5	0.589893	10.824026	11.413918	22.784750
132.6	3.016567	8.397328	11.413896	22.755525
132.7	8.866099	2.547742	11.413842	22.639237
132.8	10.552481	0.861347	11.413828	22.457942
132.9	6.107024	5.306848	11.413872	22.248511
133	1.655450	9.758463	11.413914	22.050425
133.1	3.113047	8.300851	11.413898	21.893613
133.2	8.319189	3.094658	11.413847	21.790412
133.3	10.105230	1.308599	11.413830	21.734179
133.4	6.014895	5.398974	11.413869	21.704586
133.5	1.554359	9.859552	11.413911	21.677247
133.6	2.719682	8.694219	11.413900	21.633886
133.7	7.973223	3.440628	11.413851	21.569183
133.8	10.393203	1.020627	11.413830	21.491873
133.9	6.919679	4.494184	11.413863	21.419889
134	2.238895	9.175011	11.413906	21.371662
134.1	2.330925	9.082976	11.413901	21.357142
134.2	6.603681	4.810177	11.413858	21.372214
134.3	9.082056	2.331780	11.413836	21.398880
134.4	6.643716	4.770147	11.413863	21.411379
134.5	2.983492	8.430407	11.413899	21.386121
134.6	3.217950	8.195946	11.413896	21.311753
134.7	6.852701	4.561157	11.413859	21.195489
134.8	8.707645	2.706195	11.413840	21.063071
134.9	6.207495	5.206370	11.413865	20.951947
135	2.845400	8.568498	11.413898	20.899698
135.1	3.217772	8.196122	11.413894	20.931516
135.2	6.705964	4.707895	11.413859	21.050999
135.3	8.495590	2.918253	11.413843	21.237499
135.4	6.288272	5.125594	11.413866	21.451124
135.5	3.314006	8.099889	11.413895	21.643910
135.6	3.652862	7.761028	11.413890	21.773636
135.7	6.595453	4.818406	11.413859	21.815907
135.8	7.868944	3.544904	11.413847	21.770675
135.9	5.780493	5.633377	11.413870	21.661303
136	3.532875	7.881020	11.413895	21.526676
136.1	4.545414	6.868471	11.413886	21.409121
136.2	7.521164	3.892692	11.413856	21.342109
136.3	8.270974	3.142874	11.413848	21.341625
136.4	5.675923	5.737950	11.413873	21.403668
136.5	3.306250	8.107646	11.413896	21.508234
136.6	4.387787	7.026097	11.413884	21.627974
136.7	7.259122	4.154733	11.413855	21.738291
136.8	7.790052	3.623798	11.413850	21.825416
136.9	5.334988	6.078889	11.413877	21.889863
137	3.689903	7.723994	11.413897	21.944447
137.1	5.567499	5.846380	11.413879	22.007935
137.2	8.446191	2.967656	11.413847	22.096810
137.3	7.938973	3.474875	11.413848	22.218161
137.4	4.179734	7.234149	11.413883	22.366129
137.5	2.104498	9.309407	11.413905	22.523018
137.6	4.790522	6.623360	11.413882	22.664559
137.7	8.930907	2.482936	11.413843	22.767431
137.8	9.011658	2.402183	11.413841	22.816522
137.9	4.810458	6.603423	11.413881	22.809614
138	1.902841	9.511067	11.413908	22.758129
138.1	4.177951	7.235935	11.413886	22.683887
138.2	8.451851	2.961992	11.413843	22.613034
138.3	8.710182	2.703657	11.413839	22.569059
138.4	4.399378	7.014503	11.413881	22.566905
138.5	1.393099	10.020813	11.413912	22.609679
138.6	4.052760	7.361129	11.413889	22.688562
138.7	9.082278	2.331562	11.413841	22.785618
138.8	9.736207	1.677626	11.413833	22.878466
138.9	4.930019	6.483858	11.413877	22.945493
139	0.905487	10.508427	11.413915	22.970384
139.1	2.977059	8.436836	11.413895	22.945101
139.2	8.370749	3.043095	11.413844	22.870961
139.3	9.889062	1.524768	11.413830	22.757889
139.4	5.575335	5.838537	11.413872	22.622213
139.5	1.351282	10.062631	11.413913	22.483523
139.6	3.007218	8.406680	11.413898	22.361151
139.7	8.337766	3.076080	11.413846	22.270817
139.8	10.095131	1.318697	11.413829	22.221959
139.9	5.823507	5.590362	11.413869	22.216189
140	1.271979	10.141934	11.413914	22.247185
140.1	2.699387	8.714515	11.413902	22.302101
140.2	8.399718	3.014131	11.413849	22.364230
140.3	10.889594	0.524231	11.413825	22.416374
140.4	6.867243	4.546619	11.413863	22.444119
140.5	1.601026	9.812885	11.413911	22.438233
140.6	1.905695	9.508212	11.413907	22.395617
140.7	7.158893	4.254964	11.413856	22.318694
140.8	10.318578	1.095251	11.413828	22.213611
140.9	7.395149	4.018709	11.413858	22.087999
141	2.606223	8.807682	11.413905	21.949147
141.1	2.478124	8.935781	11.413905	21.803211
141.2	7.055777	4.358083	11.413860	21.655607
141.3	10.026545	1.387287	11.413831	21.512171
141.4	7.339355	4.074502	11.413857	21.380281
141.5	2.564375	8.849527	11.413901	21.269075
141.6	1.942102	9.471803	11.413905	21.188255
141.7	6.058036	5.355829	11.413865	21.145576
141.8	9.335049	2.078787	11.413836	21.143802
141.9	7.679586	3.734270	11.413855	21.178356
142	3.733286	7.680608	11.413894	21.236838
142.1	2.873837	8.540061	11.413899	21.301078
142.2	5.838574	5.575292	11.413866	21.351473
142.3	8.088425	3.325419	11.413843	21.372465
142.4	6.400598	5.013264	11.413861	21.357378
142.5	3.308138	8.105756	11.413894	21.310869
142.6	3.353968	8.059926	11.413895	21.247904
142.7	6.631091	4.782772	11.413863	21.189323
142.8	8.666813	2.747030	11.413843	21.155285
142.9	6.676810	4.737052	11.413862	21.158752
143	3.382488	8.031406	11.413894	21.201287
143.1	3.161774	8.252120	11.413894	21.272750
143.2	6.040043	5.373820	11.413864	21.355119
143.3	7.876456	3.537391	11.413847	21.429188
143.4	6.284786	5.129080	11.413866	21.481741
143.5	3.864460	7.549432	11.413892	21.510527
143.6	4.298150	7.115738	11.413888	21.525034
143.7	7.007277	4.406583	11.413859	21.542578
143.8	8.009439	3.404408	11.413848	21.580967
143.9	5.720534	5.693337	11.413871	21.650399
144	3.358719	8.055177	11.413896	21.747766
144.1	4.414978	6.998908	11.413887	21.855807
144.2	7.578756	3.835099	11.413855	21.947944
144.3	8.434188	2.979657	11.413846	21.997514
144.4	5.696181	5.717692	11.413873	21.988364
144.5	3.167355	8.246544	11.413899	21.922970
144.6	4.458024	6.955862	11.413886	21.824844
144.7	7.788279	3.625572	11.413852	21.733752
144.8	8.339499	3.074345	11.413844	21.694730
144.9	5.097151	6.316726	11.413876	21.744118
145	2.560016	8.853888	11.413904	21.897125
145.1	4.589376	6.824511	11.413887	22.141163
145.2	8.765961	2.647885	11.413846	22.437521
145.3	9.340823	2.073014	11.413837	22.731227
145.4	5.113162	6.300713	11.413875	22.966273
145.5	1.425361	9.988549	11.413910	23.101484
145.6	3.171524	8.242370	11.413894	23.122022
145.7	8.097746	3.316102	11.413848	23.042848
145.8	9.648102	1.765731	11.413833	22.903095
145.9	5.765499	5.648372	11.413871	22.753257
146	1.751489	9.662421	11.413910	22.639441
146.1	3.127132	8.286765	11.413897	22.589828
146.2	8.058590	3.355258	11.413848	22.607657
146.3	9.724916	1.688914	11.413830	22.672743
146.4	5.598571	5.815297	11.413868	22.750634
146.5	1.068542	10.345370	11.413912	22.805925
146.6	2.312265	9.101637	11.413902	22.814958
146.7	7.908156	3.505695	11.413851	22.773503
146.8	10.575020	0.838806	11.413826	22.696930
146.9	6.846341	4.567521	11.413862	22.613112
147	1.707549	9.706361	11.413910	22.550910
147.1	1.919160	9.494746	11.413906	22.528594
147.2	6.987612	4.426245	11.413856	22.546501
147.3	9.935505	1.478323	11.413828	22.586623
147.4	6.797079	4.616780	11.413859	22.619229
147.5	1.983015	9.430893	11.413908	22.614069
147.6	2.262380	9.151527	11.413907	22.552038
147.7	7.518555	3.895302	11.413858	22.433000
147.8	10.803549	0.610277	11.413826	22.276881
147.9	7.650251	3.763603	11.413855	22.117546
148	2.107817	9.306088	11.413906	21.991584
148.1	1.391481	10.022430	11.413912	21.925929
148.2	6.341383	5.072483	11.413865	21.928649
148.3	10.424411	0.989418	11.413829	21.986094
148.4	8.464085	2.949764	11.413849	22.067354
148.5	3.338419	8.075479	11.413898	22.134366
148.6	1.865278	9.548631	11.413909	22.154128
148.7	5.682144	5.731727	11.413870	22.108779
148.8	9.371461	2.042374	11.413835	22.000186
148.9	8.012215	3.401636	11.413851	21.847727
149	3.708248	7.705645	11.413893	21.680370
149.1	2.426620	8.987285	11.413905	21.526167
149.2	5.794267	5.619604	11.413871	21.403057
149.3	9.077221	2.336618	11.413839	21.314265
149.4	7.807022	3.606830	11.413852	21.249745
149.5	3.778660	7.635231	11.413890	21.192834
149.6	2.369224	9.044677	11.413901	21.129315
149.7	5.174801	6.239072	11.413872	21.055219
149.8	8.114209	3.299635	11.413844	20.980207
149.9	7.287019	4.126837	11.413856	20.925058
150	4.234333	7.179555	11.413888	20.914037
150.1	3.451411	7.962484	11.413895	20.964912
150.2	5.950289	5.463579	11.413868	21.080346
150.3	7.970959	3.442887	11.413846	21.244034
150.4	6.465372	4.948488	11.413861	21.423334
150.5	3.469549	7.944342	11.413891	21.577856
150.6	3.215248	8.198646	11.413894	21.671371
150.7	6.143291	5.270574	11.413866	21.683140
150.8	8.284551	3.129295	11.413846	21.614891
150.9	6.830258	4.583604	11.413862	21.491042
151	4.000182	7.413709	11.413890	21.351981
151.1	3.795540	7.618351	11.413891	21.242495
151.2	6.312296	5.101567	11.413863	21.198950
151.3	7.707079	3.706769	11.413848	21.239221
151.4	5.834478	5.579390	11.413868	21.358354
151.5	3.456956	7.956939	11.413895	21.531085
151.6	4.327577	7.086312	11.413889	21.720136
151.7	7.643140	3.770717	11.413857	21.887462
151.8	8.887001	2.526842	11.413843	22.004887
151.9	6.136085	5.277783	11.413869	22.060975
152	2.989130	8.424769	11.413899	22.062390
152.1	3.746446	7.667446	11.413892	22.029848
152.2	7.369260	4.044596	11.413856	21.990419
152.3	8.762488	2.651353	11.413841	21.968925
152.4	5.862591	5.551278	11.413869	21.981161
152.5	2.704837	8.709066	11.413903	22.030804
152.6	3.934499	7.479394	11.413893	22.110509
152.7	8.160412	3.253439	11.413851	22.206269
152.8	9.533127	1.880708	11.413835	22.303215
152.9	5.758778	5.655090	11.413868	22.390749
153	1.601742	9.812167	11.413909	22.465424
153.1	2.714066	8.699834	11.413900	22.530867
153.2	7.882767	3.531086	11.413852	22.595131
153.3	10.344706	1.069123	11.413828	22.666622
153.4	6.735832	4.678030	11.413861	22.750109
153.5	1.711197	9.702711	11.413908	22.844105
153.6	1.837511	9.576395	11.413906	22.940361
153.7	6.818859	4.594998	11.413858	23.025507
153.8	9.890797	1.523032	11.413829	23.084245
153.9	6.944058	4.469800	11.413858	23.103160
154	2.085181	9.328725	11.413906	23.074160
154.1	2.061038	9.352869	11.413907	22.996752
154.2	7.043864	4.369996	11.413859	22.878726
154.3	10.293404	1.120423	11.413827	22.735149
154.4	7.253440	4.160414	11.413854	22.585894
154.5	1.813262	9.600644	11.413906	22.452165
154.6	1.196833	10.217079	11.413912	22.352594
154.7	6.286808	5.127056	11.413865	22.299615
154.8	10.409487	1.004340	11.413827	22.296819
154.9	8.240236	3.173613	11.413849	22.337900
155	2.863771	8.550129	11.413900	22.407593
155.1	1.536343	9.877569	11.413912	22.484578
155.2	5.925323	5.488546	11.413869	22.545892
155.3	9.972718	1.441112	11.413830	22.571910
155.4	8.164293	3.249555	11.413847	22.550693
155.5	2.974583	8.439315	11.413898	22.480569
155.6	1.486254	9.927658	11.413913	22.370180
155.7	5.836807	5.577065	11.413873	22.235945
155.8	10.370048	1.043783	11.413831	22.097609
155.9	9.210215	2.203628	11.413843	21.973169
156	3.993031	7.420860	11.413891	21.874651
156.1	1.497957	9.915955	11.413911	21.805963
156.2	4.615088	6.798791	11.413879	21.763310
156.3	8.814673	2.599167	11.413839	21.737853
156.4	8.540499	2.873346	11.413845	21.719467
156.5	4.589259	6.824627	11.413886	21.700182
156.6	2.621712	8.792192	11.413904	21.676032
156.7	5.249505	6.164372	11.413877	21.646765
156.8	8.645820	2.768023	11.413843	21.613740
156.9	8.043571	3.370278	11.413849	21.577146
157	4.282219	7.131667	11.413886	21.533988
157.1	2.468013	8.945888	11.413902	21.478030
157.2	4.887082	6.526795	11.413877	21.402057
157.3	8.044848	3.368999	11.413846	21.301799
157.4	7.684507	3.729345	11.413852	21.179977
157.5	4.587170	6.826714	11.413884	21.048632
157.6	3.187982	8.225914	11.413896	20.928316
157.7	5.247066	6.166807	11.413873	20.843789
157.8	7.554450	3.859398	11.413849	20.817201
157.9	6.708775	4.705083	11.413858	20.860856
158	4.012801	7.401086	11.413887	20.972086
158.1	3.534347	7.879547	11.413894	21.132322
158.2	6.181185	5.232683	11.413868	21.311099
158.3	8.290257	3.123589	11.413846	21.474127
158.4	6.789920	4.623940	11.413860	21.592967
158.5	3.625922	7.787969	11.413891	21.653209
158.6	3.124040	8.289855	11.413895	21.658310
158.7	5.942057	5.471810	11.413867	21.627676
158.8	8.146019	3.267827	11.413846	21.589509
158.9	6.762610	4.651251	11.413861	21.570785
159	3.978468	7.435424	11.413892	21.587843
159.1	3.990519	7.423373	11.413893	21.640949
159.2	6.914457	4.499404	11.413862	21.714855
159.3	8.469160	2.944683	11.413843	21.785268
159.4	6.088702	5.325163	11.413865	21.828981
159.5	2.865109	8.548790	11.413899	21.833968
159.6	3.479959	7.933937	11.413896	21.805638
159.7	7.533290	3.880568	11.413858	21.766656
159.8	9.699253	1.714583	11.413836	21.750007
159.9	6.900254	4.513608	11.413862	21.787449
160	2.738396	8.675506	11.413902	21.897300
160.1	2.806074	8.607827	11.413901	22.075972
160.2	7.014811	4.399049	11.413859	22.296561
160.3	9.523822	1.890011	11.413833	22.515488
160.4	6.675009	4.738850	11.413860	22.685380
160.5	2.201529	9.212376	11.413904	22.770114
160.6	2.354798	9.059107	11.413906	22.757034
160.7	7.308783	4.105077	11.413860	22.662104
160.8	10.591824	0.822003	11.413827	22.526002
160.9	7.642177	3.771676	11.413853	22.402175
161	2.081946	9.331958	11.413904	22.340548
161.1	1.085661	10.328252	11.413912	22.372135
161.2	5.859741	5.554126	11.413867	22.499481
161.3	10.007092	1.406736	11.413828	22.696028
161.4	8.069765	3.344082	11.413848	22.914506
161.5	2.811982	8.601917	11.413899	23.101515
161.6	1.430165	9.983747	11.413912	23.213468
161.7	5.796516	5.617354	11.413870	23.228761
161.8	9.925751	1.488078	11.413829	23.152418
161.9	8.107223	3.306623	11.413846	23.012094
162	2.701740	8.712158	11.413898	22.847267
162.1	1.021509	10.392406	11.413915	22.695636
162.2	5.465790	5.948084	11.413874	22.581499
162.3	10.225025	1.188804	11.413829	22.509957
162.4	9.022019	2.391822	11.413841	22.468530
162.5	3.485747	7.928146	11.413893	22.435066
162.6	0.931309	10.482606	11.413916	22.388618
162.7	4.597260	6.816620	11.413880	22.319006
162.8	9.460114	1.953721	11.413834	22.231448
162.9	9.112495	2.301345	11.413840	22.144604
163	4.310948	7.102940	11.413888	22.082869
163.1	1.744121	9.669792	11.413912	22.065963
163.2	4.895417	6.518464	11.413881	22.099824
163.3	9.424681	1.989157	11.413837	22.172365
163.4	9.162916	2.250924	11.413840	22.255845
163.5	4.444879	6.969006	11.413885	22.315158
163.6	1.559383	9.854528	11.413911	22.319197
163.7	4.264296	7.149589	11.413885	22.251262
163.8	8.895317	2.518525	11.413842	22.114861
163.9	9.452269	1.961571	11.413840	21.932809
164	5.536716	5.877162	11.413878	21.739974
164.1	2.508772	8.905132	11.413904	21.572177
164.2	4.064888	7.348997	11.413885	21.455120
164.3	7.527475	3.886375	11.413850	21.397089
164.4	7.961860	3.451988	11.413847	21.387821
164.5	5.036924	6.376955	11.413879	21.403664
164.6	3.163055	8.250843	11.413899	21.416983
164.7	5.081842	6.332037	11.413879	21.406311
164.8	8.054864	3.358984	11.413849	21.363600
164.9	7.840158	3.573692	11.413850	21.296110
165	4.670896	6.742985	11.413881	21.222463
165.1	2.847640	8.566258	11.413898	21.164551
165.2	4.679883	6.733994	11.413877	21.138461
165.3	7.372147	4.041703	11.413850	21.147871
165.4	7.125306	4.288549	11.413855	21.182422
165.5	4.516416	6.897467	11.413883	21.221679
165.6	3.539151	7.874744	11.413895	21.243239
165.7	5.767212	5.646659	11.413872	21.231994
165.8	8.022879	3.390969	11.413847	21.187095
165.9	6.916872	4.496985	11.413857	21.123965
166	3.805230	7.608658	11.413888	21.070424
166.1	3.026883	8.387014	11.413897	21.058068
166.2	5.789275	5.624595	11.413870	21.111713
166.3	8.348508	3.065337	11.413845	21.240418
166.4	7.191764	4.222093	11.413857	21.433117
166.5	4.007089	7.406801	11.413890	21.660372
166.6	3.360193	8.053704	11.413897	21.881782
166.7	6.219289	5.194578	11.413867	22.056796
166.8	8.474747	2.939096	11.413843	22.155625
166.9	6.731595	4.682264	11.413859	22.167032
167	3.315795	8.098100	11.413895	22.100815
167.1	3.241653	8.172246	11.413900	21.984515
167.2	7.086108	4.327755	11.413864	21.855596
167.3	9.774044	1.639792	11.413835	21.751586
167.4	7.376936	4.036919	11.413855	21.701055
167.5	2.759097	8.654802	11.413899	21.717804
167.6	2.040418	9.373489	11.413907	21.799476
167.7	6.327004	5.086863	11.413867	21.930399
167.8	9.976301	1.437531	11.413832	22.087346
167.9	8.069270	3.344580	11.413850	22.246208
168	3.131850	8.282048	11.413897	22.387701
168.1	1.848298	9.565612	11.413910	22.500742
168.2	5.997957	5.415913	11.413870	22.583071
168.3	9.900224	1.513607	11.413830	22.639474
168.4	8.039432	3.374415	11.413846	22.678603
168.5	2.673334	8.740564	11.413898	22.709514
168.6	1.001717	10.412199	11.413915	22.738904
168.7	5.496649	5.917226	11.413874	22.769631
168.8	10.398122	1.015706	11.413829	22.800624
168.9	9.254514	2.159325	11.413839	22.827956
169	3.509808	7.904084	11.413892	22.846622
169.1	0.610914	10.803003	11.413917	22.852474
169.2	4.131024	7.282857	11.413882	22.843837
169.3	9.129839	2.283995	11.413834	22.822401
169.4	8.912647	2.501191	11.413838	22.793144
169.5	4.017882	7.396005	11.413887	22.763229
169.6	1.341458	10.072457	11.413914	22.740022
169.7	4.686560	6.727322	11.413883	22.728673
169.8	9.579624	1.834211	11.413835	22.729893
169.9	9.340341	2.073495	11.413836	22.738656
170	4.146946	7.266939	11.413885	22.744450
170.1	0.839923	10.573993	11.413916	22.733336
170.2	3.767729	7.646159	11.413888	22.691534
170.3	9.025556	2.388283	11.413839	22.609706
170.4	9.756295	1.657539	11.413834	22.486697
170.5	5.266643	6.147235	11.413879	22.331459
170.6	1.740945	9.672966	11.413911	22.162277
170.7	3.813640	7.600250	11.413890	22.003155
170.8	8.479831	2.934014	11.413845	21.878136
170.9	9.388547	2.025290	11.413837	21.805067
171	5.454184	5.959692	11.413876	21.790656
171.1	2.132109	9.281798	11.413908	21.828387
171.2	3.895518	7.518372	11.413890	21.900030
171.3	8.283349	3.130499	11.413848	21.980402
171.4	9.425884	1.987955	11.413839	22.043943
171.5	5.971167	5.442706	11.413873	22.071109
171.6	2.644241	8.769661	11.413903	22.052607
171.7	3.659793	7.754096	11.413889	21.990288
171.8	7.208106	4.205747	11.413854	21.894627
171.9	8.330485	3.083360	11.413845	21.779941
172	5.811987	5.601886	11.413873	21.659228
172.1	3.516229	7.897667	11.413896	21.540581
172.2	4.671161	6.742721	11.413883	21.426427
172.3	7.370759	4.043094	11.413853	21.315674
172.4	7.506295	3.907555	11.413851	21.207648
172.5	4.742329	6.671549	11.413879	21.105889
172.6	3.001935	8.411962	11.413897	21.019874
172.7	4.848893	6.564986	11.413879	20.963538
172.8	7.797220	3.616631	11.413850	20.950753
172.9	7.783189	3.630662	11.413851	20.989313
173	4.870781	6.543099	11.413880	21.075786
173.1	3.120795	8.293102	11.413896	21.193599
173.2	4.833839	6.580039	11.413877	21.315685
173.3	7.344014	4.069836	11.413850	21.411447
173.4	6.915237	4.498618	11.413855	21.456064
173.5	4.183036	7.230848	11.413885	21.439096
173.6	3.318984	8.094913	11.413897	21.369234
173.7	5.987553	5.426319	11.413872	21.273167
173.8	8.699640	2.714203	11.413844	21.188427
173.9	7.546992	3.866861	11.413853	21.152182
174	3.823692	7.590197	11.413889	21.189515
174.1	2.502567	8.911334	11.413902	21.305090
174.2	5.413002	6.000872	11.413873	21.481137
174.3	8.580265	2.833577	11.413842	21.682676
174.4	7.644755	3.769097	11.413852	21.868397
174.5	3.987506	7.426384	11.413890	22.003679
174.6	2.927128	8.486775	11.413903	22.071353
174.7	6.252784	5.161087	11.413871	22.076555
174.8	9.460211	1.953626	11.413837	22.043959
174.9	7.832670	3.581179	11.413850	22.008342
175	3.185962	8.227933	11.413894	22.001772
175.1	1.772841	9.641069	11.413910	22.041946
175.2	5.813543	5.600331	11.413874	22.125852
175.3	10.159240	1.254593	11.413832	22.231109
175.4	8.975549	2.438293	11.413842	22.324604
175.5	3.662915	7.750977	11.413892	22.375431
175.6	1.192179	10.221736	11.413915	22.367522
175.7	4.823316	6.590564	11.413880	22.307335
175.8	9.644750	1.769083	11.413833	22.223620
175.9	9.100928	2.312910	11.413838	22.159003
176	3.849175	7.564713	11.413888	22.156020
176.1	0.965173	10.448743	11.413917	22.242262
176.2	4.432690	6.981195	11.413884	22.419731
176.3	9.689105	1.724729	11.413834	22.662177
176.4	9.660503	1.753330	11.413833	22.921562
176.5	4.255865	7.158019	11.413884	23.141711
176.6	0.553858	10.860060	11.413918	23.274803
176.7	3.386321	8.027570	11.413891	23.295360
176.8	8.933262	2.480577	11.413839	23.207267
176.9	9.884633	1.529199	11.413831	23.041669
177	5.178707	6.235170	11.413877	22.846627
177.1	1.257656	10.156258	11.413914	22.672099
177.2	3.293596	8.120297	11.413893	22.555242
177.3	8.305071	3.108773	11.413843	22.510703
177.4	9.369792	2.044042	11.413833	22.528752
177.5	5.078467	6.335409	11.413876	22.581323
177.6	1.396867	10.017046	11.413913	22.633377
177.7	3.510252	7.903642	11.413894	22.655370
177.8	8.768505	2.645340	11.413845	22.632455
177.9	10.238257	1.175573	11.413831	22.567518
178	5.980949	5.432922	11.413870	22.477465
178.1	1.563315	9.850596	11.413910	22.384691
178.2	2.582335	8.831563	11.413898	22.307271
178.3	7.375280	4.038573	11.413853	22.251710
178.4	9.554396	1.859439	11.413835	22.210970
178.5	6.626220	4.787647	11.413867	22.168336
178.6	3.007903	8.406000	11.413902	22.105448
178.7	3.702949	7.710944	11.413894	22.011242
178.8	7.540735	3.873120	11.413855	21.888190
178.9	9.074541	2.339299	11.413840	21.753274
179	6.182593	5.231275	11.413868	21.633135
179.1	2.842004	8.571896	11.413900	21.555005
179.2	3.515484	7.898408	11.413892	21.536688
179.3	7.108497	4.305360	11.413857	21.579246
179.4	8.708867	2.704976	11.413844	21.665128
179.5	6.393861	5.020008	11.413868	21.762602
179.6	3.609613	7.804283	11.413895	21.835074
179.7	4.108024	7.305863	11.413887	21.852208
179.8	6.776909	4.636949	11.413857	21.799102
179.9	7.521460	3.892390	11.413850	21.680480
180	5.255499	6.158375	11.413874	21.518609
180.1	3.395207	8.018688	11.413895	21.345791
180.2	4.825489	6.588392	11.413882	21.194133
180.3	7.632857	3.780995	11.413852	21.086094
180.4	7.761377	3.652473	11.413850	21.028940
180.5	4.840815	6.573063	11.413878	21.014743
180.6	2.849753	8.564145	11.413898	21.025577
180.7	4.557668	6.856213	11.413881	21.041759
180.8	7.568647	3.845204	11.413850	21.050004
180.9	7.643476	3.770374	11.413850	21.048539
181	4.704088	6.709792	11.413880	21.047395
181.1	3.008733	8.405166	11.413899	21.063914
181.2	5.117493	6.296385	11.413878	21.115223
181.3	8.127456	3.286390	11.413847	21.210497
181.4	7.652626	3.761224	11.413849	21.345866
181.5	4.121309	7.292575	11.413885	21.503867
181.6	2.449340	8.964563	11.413903	21.657739
181.7	5.251181	6.162698	11.413878	21.779195
181.8	8.965938	2.447904	11.413842	21.847113
181.9	8.538686	2.875160	11.413845	21.854329
182	4.430151	6.983734	11.413885	21.810332
182.1	2.189331	9.224576	11.413907	21.739032
182.2	4.898445	6.515435	11.413880	21.672306
182.3	8.810876	2.602964	11.413841	21.641309
182.4	8.402786	3.011057	11.413844	21.668114
182.5	4.100855	7.313032	11.413887	21.760029
182.6	1.950767	9.463144	11.413911	21.908029
182.7	5.350209	6.063672	11.413881	22.089490
182.8	10.064664	1.349171	11.413835	22.274210
182.9	9.641441	1.772395	11.413836	22.431927
183	4.200177	7.213707	11.413885	22.539330
183.1	0.629612	10.784306	11.413918	22.584904
183.2	3.582533	7.831358	11.413890	22.570704
183.3	9.209367	2.204471	11.413838	22.510981
183.4	10.162309	1.251522	11.413830	22.428323
183.5	5.323067	6.090810	11.413877	22.348409
183.6	1.243190	10.170726	11.413915	22.294622
183.7	3.330820	8.083075	11.413894	22.283585
183.8	8.610714	2.803128	11.413842	22.322391
183.9	9.793791	1.620039	11.413830	22.407907
184	5.159070	6.254805	11.413874	22.528097
184.1	0.910424	10.503491	11.413915	22.665031
184.2	2.824234	8.589664	11.413898	22.798860
184.3	8.449417	2.964428	11.413845	22.911947
184.4	10.362450	1.051378	11.413828	22.992204
184.5	6.077491	5.336377	11.413868	23.034900
184.6	1.298773	10.115139	11.413912	23.042502
184.7	2.236215	9.177687	11.413901	23.022643
184.8	7.391845	4.022007	11.413852	22.984830
184.9	9.776085	1.637745	11.413830	22.936928
185	6.371787	5.042078	11.413865	22.882581
185.1	2.032612	9.381295	11.413907	22.820474
185.2	2.734091	8.679809	11.413900	22.745760
185.3	7.488215	3.925639	11.413854	22.653210
185.4	9.817870	1.595962	11.413832	22.540958
185.5	6.596167	4.817697	11.413863	22.413398
185.6	2.203929	9.209976	11.413905	22.281938
185.7	2.524444	8.889458	11.413901	22.163006
185.8	7.067561	4.346298	11.413858	22.073658
185.9	9.803272	1.610562	11.413834	22.026086
186	7.319035	4.094825	11.413860	22.022889
186.1	3.176483	8.237416	11.413899	22.054875
186.2	2.837463	8.576435	11.413899	22.102465
186.3	6.358864	5.054999	11.413863	22.140587
186.4	8.709516	2.704326	11.413841	22.145702
186.5	6.864101	4.549762	11.413863	22.102798
186.6	3.748660	7.665234	11.413895	22.010052
186.7	3.864986	7.548907	11.413893	21.879518
186.8	6.984454	4.429407	11.413861	21.733533
186.9	8.649410	2.764435	11.413844	21.597932
187	6.505419	4.908446	11.413865	21.494310
187.1	3.493557	7.920337	11.413894	21.433885
187.2	3.604627	7.809263	11.413890	21.415002
187.3	6.355941	5.057920	11.413861	21.424991
187.4	7.713153	3.700696	11.413849	21.445580
187.5	5.926869	5.487001	11.413870	21.459764
187.6	3.896921	7.516972	11.413893	21.457554
187.7	4.793496	6.620388	11.413884	21.438476
187.8	7.334982	4.078873	11.413855	21.409980
187.9	7.583992	3.829858	11.413849	21.382527
188	4.745903	6.667974	11.413876	21.363472
188.1	2.601042	8.812857	11.413899	21.352397
188.2	4.299263	7.114621	11.413884	21.340064
188.3	7.767004	3.646847	11.413851	21.311763
188.4	8.362745	3.051101	11.413845	21.254041
188.5	5.285168	6.128707	11.413876	21.162307
188.6	2.777118	8.636782	11.413900	21.046196
188.7	4.274007	7.139878	11.413884	20.930131
188.8	7.578433	3.835418	11.413850	20.848139
188.9	7.905215	3.508631	11.413846	20.834086
189	4.679478	6.734401	11.413879	20.910346
189.1	2.525844	8.888059	11.413903	21.078798
189.2	4.827447	6.586436	11.413883	21.317558
189.3	8.741717	2.672127	11.413845	21.585112
189.4	8.855719	2.558122	11.413841	21.831054
189.5	4.721262	6.692618	11.413880	22.010286
189.6	1.802686	9.611223	11.413909	22.096207
189.7	4.172883	7.241005	11.413888	22.088525
189.8	8.797192	2.616652	11.413843	22.012998
189.9	9.440204	1.973632	11.413836	21.913025
190	5.149819	6.264059	11.413878	21.835744
190.1	1.735104	9.678808	11.413912	21.817191
190.2	3.959439	7.454452	11.413891	21.871405
190.3	8.929457	2.484385	11.413843	21.987078
190.4	9.836109	1.577723	11.413832	22.132778
190.5	5.217098	6.196777	11.413875	22.268828
190.6	1.174190	10.239725	11.413915	22.361675
190.7	3.289110	8.124787	11.413897	22.395716
190.8	8.990026	2.423818	11.413844	22.378471
190.9	10.772284	0.641542	11.413826	22.337347
191	6.154214	5.259654	11.413868	22.309197
191.1	1.059401	10.354514	11.413914	22.326406
191.2	2.008322	9.405581	11.413904	22.404496
191.3	7.511942	3.901909	11.413851	22.535690
191.4	10.163481	1.250346	11.413827	22.690806
191.5	6.573655	4.840208	11.413863	22.828901
191.6	1.799472	9.614438	11.413910	22.911379
191.7	2.396872	9.017032	11.413904	22.915650
191.8	7.547803	3.866050	11.413854	22.843586
191.9	10.213366	1.200461	11.413827	22.721780
192	6.671830	4.742030	11.413860	22.593418
192.1	1.538552	9.875356	11.413908	22.504477
192.2	1.563644	9.850263	11.413907	22.488845
192.3	6.639052	4.774807	11.413860	22.557329
192.4	10.068639	1.345190	11.413829	22.694121
192.5	7.564094	3.849761	11.413856	22.861769
192.6	2.788684	8.625218	11.413901	23.012813
192.7	2.174690	9.239215	11.413905	23.104133
192.8	6.262755	5.151109	11.413863	23.109263
192.9	9.247910	2.165924	11.413835	23.024834
193	7.062123	4.351734	11.413857	22.869451
193.1	2.845395	8.568505	11.413899	22.675903
193.2	2.502353	8.911550	11.413903	22.479839
193.3	6.616620	4.797244	11.413864	22.308961
193.4	9.735976	1.677860	11.413836	22.176359
193.5	7.799290	3.614565	11.413855	22.079834
193.6	3.494534	7.919360	11.413895	22.006805
193.7	2.446627	8.967275	11.413902	21.942378
193.8	5.689867	5.724002	11.413869	21.877145
193.9	8.629160	2.784682	11.413842	21.811613
194	7.522852	3.891005	11.413857	21.755630
194.1	4.367881	7.046009	11.413890	21.723221
194.2	3.715420	7.698474	11.413894	21.725050
194.3	6.244287	5.169580	11.413866	21.761688
194.4	8.088785	3.325062	11.413847	21.820559
194.5	6.543701	4.870162	11.413864	21.878036
194.6	3.886588	7.527303	11.413891	21.906213
194.7	3.995389	7.418502	11.413890	21.882069
194.8	6.739265	4.674597	11.413862	21.795769
194.9	8.168208	3.245639	11.413847	21.655056
195	6.178278	5.235589	11.413867	21.484026
195.1	3.534197	7.879696	11.413893	21.316495
195.2	3.924349	7.489540	11.413888	21.186083
195.3	6.674208	4.739651	11.413859	21.116227
195.4	7.699717	3.714130	11.413848	21.113428
195.5	5.409390	6.004481	11.413871	21.165854
195.6	3.121083	8.292814	11.413897	21.247661
195.7	4.387009	7.026878	11.413887	21.327468
195.8	7.748813	3.665040	11.413853	21.378122
195.9	8.504101	2.909742	11.413843	21.384573
196	5.281721	6.132152	11.413873	21.347431
196.1	2.230076	9.183826	11.413902	21.281357
196.2	3.483654	7.930237	11.413891	21.209139
196.3	7.400377	4.013476	11.413853	21.153714
196.4	8.678220	2.735621	11.413841	21.130917
196.5	5.645882	5.767990	11.413872	21.145296
196.6	2.655862	8.758041	11.413903	21.190161
196.7	4.074390	7.339500	11.413890	21.251501
196.8	8.069989	3.343860	11.413849	21.314135
196.9	8.961244	2.452593	11.413838	21.367791
197	5.145205	6.268668	11.413873	21.410992
197.1	1.651894	9.762016	11.413909	21.451477
197.2	3.469047	7.944848	11.413895	21.503155
197.3	8.554387	2.859461	11.413848	21.580717
197.4	10.267686	1.146145	11.413831	21.693799
197.5	6.257663	5.156205	11.413868	21.842600
197.6	1.799543	9.614368	11.413910	22.016369
197.7	2.824559	8.589341	11.413900	22.195190
197.8	7.896747	3.517104	11.413851	22.354524
197.9	10.070772	1.343057	11.413829	22.471175
198	6.296775	5.117090	11.413865	22.529074
198.1	1.673624	9.740287	11.413911	22.523371
198.2	2.636703	8.777201	11.413904	22.461915
198.3	8.157182	3.256670	11.413852	22.363844
198.4	10.914231	0.499593	11.413825	22.255715
198.5	7.051234	4.362625	11.413859	22.166093
198.6	1.457449	9.956462	11.413911	22.119758
198.7	1.384247	10.029664	11.413911	22.132703
198.8	6.847167	4.566692	11.413859	22.208902
198.9	10.629278	0.784547	11.413825	22.339479
199	7.861981	3.551871	11.413852	22.504485
199.1	2.371322	9.042581	11.413904	22.676979
199.2	1.407632	10.006279	11.413911	22.828670
199.3	5.971098	5.442767	11.413865	22.935949
199.4	9.697893	1.715937	11.413830	22.984984
199.5	7.593546	3.820306	11.413852	22.974634
199.6	2.700917	8.712983	11.413900	22.916368
199.7	1.803555	9.610354	11.413909	22.831102
199.8	6.169475	5.244392	11.413867	22.743639
199.9	9.894088	1.519743	11.413831	22.676175
200	7.941377	3.472472	11.413850	22.642613
