#time	ekin		epot		etot		chain_length
0	11.210660	5.016863	16.227523	23.000217
0.1	6.142962	10.100469	16.243431	23.258104
0.2	2.339995	13.903475	16.243469	23.369158
0.3	5.177479	11.065969	16.243448	23.318613
0.4	11.632221	4.611172	16.243392	23.129960
0.5	13.791457	2.451917	16.243374	22.858831
0.6	9.106222	7.137196	16.243418	22.577552
0.7	3.826458	12.417009	16.243467	22.355053
0.8	4.834606	11.408850	16.243456	22.238275
0.9	10.573515	5.669885	16.243400	22.240762
1	13.140580	3.102793	16.243374	22.341740
1.1	8.819219	7.424194	16.243412	22.495511
1.2	3.066911	13.176554	16.243465	22.647722
1.3	3.330763	12.912700	16.243463	22.753012
1.4	9.274469	6.968940	16.243409	22.788280
1.5	13.347385	2.895990	16.243375	22.757497
1.6	10.667283	5.576119	16.243403	22.687010
1.7	5.069657	11.173796	16.243453	22.613493
1.8	3.644338	12.599122	16.243461	22.569276
1.9	7.539039	8.704382	16.243421	22.570743
2	11.145682	5.097707	16.243389	22.613621
2.1	9.979344	6.264062	16.243406	22.675439
2.2	6.357341	9.886104	16.243445	22.723655
2.3	5.633230	10.610222	16.243451	22.727049
2.4	8.736936	7.506484	16.243420	22.666552
2.5	11.245521	4.997874	16.243395	22.541756
2.6	9.612428	6.630981	16.243409	22.371033
2.7	5.884827	10.358617	16.243444	22.185375
2.8	4.886641	11.356812	16.243453	22.018106
2.9	7.905990	8.337437	16.243426	21.894163
3	11.231780	5.011619	16.243399	21.822763
3.1	11.035657	5.207747	16.243405	21.795456
3.2	8.050345	8.193088	16.243433	21.789125
3.3	6.164781	10.078664	16.243445	21.772577
3.4	7.231923	9.011507	16.243430	21.715232
3.5	9.180075	7.063337	16.243412	21.595613
3.6	9.487285	6.756131	16.243416	21.407065
3.7	8.611357	7.632074	16.243432	21.159180
3.8	8.627138	7.616294	16.243432	20.874905
3.9	9.604563	6.638853	16.243417	20.584556
4	9.409091	6.834320	16.243411	20.318794
4.1	7.280187	8.963240	16.243428	20.102674
4.2	5.627067	10.616380	16.243446	19.952125
4.3	6.983501	9.259938	16.243439	19.872976
4.4	10.241479	6.001933	16.243412	19.861634
4.5	11.678129	4.565273	16.243402	19.906400
4.6	9.762496	6.480925	16.243421	19.988998
4.7	7.203626	9.039819	16.243445	20.086333
4.8	7.313597	8.929844	16.243441	20.172662
4.9	9.557370	6.686046	16.243416	20.222273
5	10.365788	5.877618	16.243405	20.212626
5.1	8.237780	8.005646	16.243426	20.127747
5.2	5.994357	10.249092	16.243450	19.961348
5.3	6.869275	9.374171	16.243446	19.718983
5.4	10.336109	5.907312	16.243422	19.418509
5.5	12.833385	3.410018	16.243403	19.088344
5.6	11.589801	4.653609	16.243410	18.763451
5.7	7.529947	8.713489	16.243436	18.479398
5.8	4.353878	11.889578	16.243457	18.265231
5.9	5.062626	11.180828	16.243454	18.136442
6	9.220032	7.023397	16.243429	18.090173
6.1	13.161211	3.082193	16.243404	18.105129
6.2	13.321901	2.921504	16.243405	18.146407
6.3	9.831425	6.412006	16.243431	18.173226
6.4	6.383825	9.859630	16.243454	18.147519
6.5	6.355153	9.888300	16.243452	18.041720
6.6	9.517742	6.725687	16.243429	17.844091
6.7	12.490313	3.753095	16.243408	17.560482
6.8	12.329270	3.914143	16.243412	17.212246
6.9	9.628681	6.614753	16.243434	16.830998
7	7.391313	8.852133	16.243446	16.451686
7.1	7.471582	8.771858	16.243441	16.105860
7.2	9.171130	7.072299	16.243428	15.816580
7.3	10.647025	5.596397	16.243422	15.595309
7.4	10.816797	5.426628	16.243424	15.440599
7.5	9.983627	6.259804	16.243431	15.338974
7.6	9.095281	7.148154	16.243435	15.268302
7.7	8.780264	7.463172	16.243435	15.202800
7.8	9.063978	7.179455	16.243434	15.118331
7.9	9.655708	6.587723	16.243431	14.996824
8	10.169947	6.073482	16.243429	14.829065
8.1	10.314439	5.928990	16.243429	14.615532
8.2	10.164048	6.079383	16.243431	14.365358
8.3	10.005230	6.238202	16.243432	14.093858
8.4	9.934008	6.309424	16.243432	13.819166
8.5	9.923774	6.319660	16.243434	13.558559
8.6	10.014798	6.228635	16.243433	13.325059
8.7	9.952392	6.291038	16.243430	13.124905
8.8	9.437705	6.805727	16.243432	12.956449
8.9	8.810793	7.432644	16.243437	12.810737
9	8.759883	7.483556	16.243439	12.673485
9.1	9.562814	6.680622	16.243436	12.527743
9.2	10.828756	5.414675	16.243431	12.356617
9.3	11.809143	4.434284	16.243427	12.145936
9.4	11.863138	4.380288	16.243426	11.886865
9.5	10.888182	5.355248	16.243430	11.578158
9.6	9.521147	6.722290	16.243437	11.227442
9.7	8.737417	7.506024	16.243441	10.850903
9.8	9.081202	7.162238	16.243440	10.471038
9.9	10.318074	5.925361	16.243435	10.112750
10	11.729092	4.514338	16.243431	9.798453
10.1	12.580637	3.662791	16.243428	9.542986
10.2	12.413381	3.830047	16.243428	9.349338
10.3	11.271353	4.972078	16.243432	9.207038
10.4	9.828636	6.414801	16.243437	9.094401
10.5	8.956407	7.287033	16.243440	8.983399
10.6	9.003158	7.240279	16.243437	8.845491
10.7	9.645155	6.598279	16.243434	8.657552
10.8	10.373379	5.870053	16.243432	8.406860
10.9	10.911623	5.331809	16.243432	8.093882
11	11.213490	5.029942	16.243432	7.732073
11.1	11.317394	4.926039	16.243433	7.344761
11.2	11.331047	4.912387	16.243434	6.960036
11.3	11.366876	4.876557	16.243433	6.605016
11.4	11.326131	4.917300	16.243431	6.300898
11.5	10.968535	5.274896	16.243431	6.059599
11.6	10.318301	5.925134	16.243434	5.882168
11.7	9.858671	6.384768	16.243438	5.758708
11.8	10.139147	6.104292	16.243438	5.669637
11.9	11.076427	5.167006	16.243432	5.588603
12	11.859033	4.384394	16.243427	5.487240
12.1	11.678740	4.564686	16.243426	5.341014
12.2	10.549306	5.694127	16.243433	5.134617
12.3	9.501128	6.742313	16.243441	4.865405
12.4	9.684703	6.558738	16.243441	4.543969
12.5	11.106578	5.136854	16.243432	4.191657
12.6	12.465787	3.777636	16.243423	3.835722
12.7	12.379170	3.864252	16.243423	3.503414
12.8	10.744737	5.498696	16.243433	3.216683
12.9	8.954992	7.288454	16.243446	2.988947
13	8.692604	7.550845	16.243448	2.824460
13.1	10.246004	5.997434	16.243438	2.719390
13.2	12.233858	4.009570	16.243427	2.662740
13.3	13.089510	3.153914	16.243424	2.636735
13.4	12.343760	3.899668	16.243428	2.618469
13.5	10.731516	5.511920	16.243436	2.583908
13.6	9.468684	6.774757	16.243441	2.513129
13.7	9.284157	6.959282	16.243439	2.395152
13.8	9.981822	6.261613	16.243434	2.231810
13.9	10.830197	5.413234	16.243431	2.041052
14	11.276462	4.966970	16.243432	1.859215
14.1	11.358439	4.884997	16.243436	1.737523
14.2	11.584439	4.659001	16.243440	1.722585
14.3	12.324030	3.919408	16.243438	1.824885
14.4	13.246319	2.997114	16.243432	2.012806
14.5	13.592448	2.650980	16.243429	2.242100
14.6	12.875303	3.368126	16.243429	2.480545
14.7	11.267659	4.975774	16.243434	2.711707
14.8	9.611808	6.631633	16.243441	2.929679
14.9	8.937840	7.305603	16.243443	3.134144
15	9.666879	6.576561	16.243440	3.328208
15.1	11.257723	4.985710	16.243434	3.518204
15.2	12.690893	3.552537	16.243430	3.713493
15.3	13.299399	2.944033	16.243431	3.924643
15.4	13.177685	3.065751	16.243436	4.160330
15.5	12.852392	3.391046	16.243438	4.425103
15.6	12.600803	3.642633	16.243436	4.719177
15.7	12.310721	3.932715	16.243436	5.038774
15.8	12.036503	4.206934	16.243438	5.376128
15.9	12.159497	4.083941	16.243438	5.720587
16	12.740503	3.502930	16.243434	6.061120
16.1	13.207680	3.035750	16.243430	6.388547
16.2	13.076858	3.166575	16.243434	6.696314
16.3	12.677993	3.565447	16.243439	6.979861
16.4	12.652997	3.590442	16.243439	7.235557
16.5	12.965311	3.278123	16.243435	7.460335
16.6	12.947996	3.295434	16.243430	7.652739
16.7	12.062075	4.181357	16.243432	7.814910
16.8	10.624254	5.619186	16.243439	7.953860
16.9	9.812810	6.430636	16.243446	8.080600
17	10.566571	5.676872	16.243443	8.207154
17.1	12.463087	3.780345	16.243432	8.342806
17.2	13.974053	2.269371	16.243424	8.491217
17.3	13.982466	2.260961	16.243428	8.649281
17.4	12.864891	3.378547	16.243438	8.807876
17.5	11.946270	4.297174	16.243444	8.954353
17.6	11.974992	4.268447	16.243439	9.076372
17.7	12.398765	3.844667	16.243433	9.166091
17.8	12.427928	3.815504	16.243432	9.223236
17.9	12.051186	4.192249	16.243435	9.255948
18	11.730598	4.512838	16.243436	9.279197
18.1	11.685025	4.558410	16.243434	9.311548
18.2	11.722900	4.520533	16.243433	9.371306
18.3	11.618286	4.625148	16.243434	9.472659
18.4	11.425644	4.817791	16.243436	9.622093
18.5	11.353807	4.889629	16.243436	9.816031
18.6	11.402579	4.840856	16.243434	10.040970
18.7	11.286215	4.957218	16.243433	10.276465
18.8	10.840529	5.402905	16.243434	10.500079
18.9	10.310292	5.933145	16.243437	10.692753
19	10.108631	6.134807	16.243438	10.843153
19.1	10.433378	5.810058	16.243436	10.950004
19.2	11.079986	5.163447	16.243432	11.022055
19.3	11.467206	4.776222	16.243428	11.075784
19.4	11.048801	5.194628	16.243430	11.131417
19.5	10.067585	6.175852	16.243437	11.208170
19.6	9.607976	6.635467	16.243443	11.319804
19.7	10.480305	5.763135	16.243440	11.471496
19.8	12.204602	4.038830	16.243431	11.658960
19.9	13.407862	2.835564	16.243426	11.870354
20	13.278484	2.964947	16.243432	12.090354
20.1	12.479775	3.763667	16.243443	12.304811
20.2	12.389976	3.853471	16.243446	12.504569
20.3	13.349198	2.894239	16.243437	12.687504
20.4	14.149663	2.093765	16.243428	12.858343
20.5	13.678683	2.564748	16.243430	13.026257
20.6	12.356199	3.887239	16.243438	13.200962
20.7	11.430778	4.812664	16.243441	13.388845
20.8	11.424898	4.818539	16.243437	13.590653
20.9	11.803084	4.440349	16.243433	13.801283
21	11.895774	4.347659	16.243433	14.011196
21.1	11.552692	4.690741	16.243433	14.208911
21.2	10.948660	5.294775	16.243435	14.384176
21.3	10.391307	5.852130	16.243437	14.531226
21.4	10.262167	5.981271	16.243438	14.651290
21.5	10.584554	5.658880	16.243434	14.753582
21.6	10.786076	5.457355	16.243431	14.854200
21.7	10.509634	5.733801	16.243435	14.972633
21.8	10.433213	5.810229	16.243442	15.126316
21.9	11.465054	4.778385	16.243438	15.324829
22	13.123533	3.119892	16.243424	15.565806
22.1	13.453334	2.790081	16.243415	15.834035
22.2	11.190885	5.052539	16.243424	16.104061
22.3	7.795182	8.448265	16.243447	16.345699
22.4	6.436370	9.807087	16.243457	16.531106
22.5	8.564884	7.678559	16.243442	16.641619
22.6	12.140106	4.103313	16.243418	16.672668
22.7	13.667652	2.575756	16.243408	16.635516
22.8	11.659557	4.583864	16.243421	16.555089
22.9	8.003042	8.240402	16.243444	16.464043
23	6.075745	10.167710	16.243455	16.394496
23.1	7.538467	8.704977	16.243444	16.369890
23.2	10.818297	5.425125	16.243422	16.399432
23.3	12.854298	3.389116	16.243414	16.476578
23.4	12.456838	3.786591	16.243429	16.581784
23.5	11.482521	4.760926	16.243447	16.688559
23.6	12.176378	4.067065	16.243443	16.770975
23.7	13.878776	2.364648	16.243424	16.810512
23.8	14.050811	2.192607	16.243418	16.800394
23.9	11.907493	4.335936	16.243429	16.746242
24	9.242358	7.001085	16.243444	16.663029
24.1	8.241790	8.001655	16.243445	16.569735
24.2	9.153323	7.090110	16.243433	16.483924
24.3	10.337687	5.905737	16.243424	16.417705
24.4	10.529244	5.714184	16.243428	16.375614
24.5	10.217532	6.025904	16.243437	16.354690
24.6	10.483135	5.760302	16.243437	16.346574
24.7	11.276352	4.967078	16.243429	16.340855
24.8	11.449469	4.793955	16.243424	16.328691
24.9	10.207721	6.035709	16.243430	16.305733
25	8.332403	7.911040	16.243443	16.273359
25.1	7.769158	8.474292	16.243450	16.237502
25.2	9.520151	6.723288	16.243439	16.205559
25.3	12.090556	4.152864	16.243420	16.183071
25.4	12.860456	3.382959	16.243414	16.171435
25.5	11.126438	5.116991	16.243429	16.166996
25.6	9.008817	7.234630	16.243446	16.161899
25.7	8.985242	7.258204	16.243446	16.146923
25.8	11.061250	5.182181	16.243431	16.115565
25.9	12.992473	3.250948	16.243420	16.068047
26	13.082963	3.160463	16.243427	16.013899
26.1	11.982406	4.261033	16.243439	15.971044
26.2	11.350556	4.892886	16.243442	15.958719
26.3	11.624911	4.618525	16.243435	15.986122
26.4	12.012746	4.230685	16.243431	16.045733
26.5	11.934097	4.309336	16.243433	16.115884
26.6	11.544506	4.698929	16.243435	16.168309
26.7	11.133898	5.109537	16.243435	16.176151
26.8	10.782198	5.461237	16.243435	16.120516
26.9	10.553635	5.689800	16.243436	15.994702
27	10.489957	5.753477	16.243435	15.805437
27.1	10.444469	5.798965	16.243434	15.571066
27.2	10.300472	5.942964	16.243436	15.317152
27.3	10.409401	5.834040	16.243441	15.070196
27.4	11.362737	4.880703	16.243440	14.850361
27.5	13.054944	3.188489	16.243433	14.665082
27.6	14.351158	1.892267	16.243425	14.506640
27.7	14.105298	2.138128	16.243426	14.355548
27.8	12.383071	3.860364	16.243435	14.188143
27.9	10.476754	5.766691	16.243445	13.984850
28	9.898990	6.344459	16.243449	13.736073
28.1	11.235859	5.007583	16.243442	13.444184
28.2	13.532608	2.710821	16.243429	13.121478
28.3	14.853799	1.389621	16.243420	12.785066
28.4	13.865976	2.377448	16.243424	12.450747
28.5	11.138993	5.104445	16.243438	12.128355
28.6	8.808873	7.434578	16.243450	11.820223
28.7	8.743051	7.500398	16.243450	11.522492
28.8	10.827847	5.415589	16.243436	11.227734
28.9	13.067265	3.176157	16.243423	10.927697
29	13.577820	2.665603	16.243423	10.615774
29.1	12.438851	3.804584	16.243435	10.288966
29.2	11.287653	4.955789	16.243442	9.948933
29.3	11.160444	5.082992	16.243437	9.601723
29.4	11.312555	4.930873	16.243428	9.256176
29.5	10.522215	5.721215	16.243430	8.921583
29.6	9.057572	7.185870	16.243442	8.605594
29.7	8.632093	7.611356	16.243450	8.313223
29.8	10.309160	5.934282	16.243442	8.046762
29.9	12.998422	3.245005	16.243427	7.805627
30	14.503773	1.739648	16.243421	7.585688
30.1	13.810057	2.433371	16.243428	7.378783
30.2	11.914752	4.328688	16.243440	7.173244
30.3	10.553842	5.689604	16.243446	6.955500
30.4	10.559619	5.683823	16.243442	6.712443
30.5	11.451199	4.792236	16.243435	6.434397
30.6	12.220551	4.022881	16.243432	6.118406
30.7	12.345767	3.897667	16.243434	5.770816
30.8	12.123511	4.119927	16.243438	5.407513
30.9	12.125148	4.118291	16.243439	5.051148
31	12.439999	3.803436	16.243435	4.726425
31.1	12.634019	3.609415	16.243434	4.454944
31.2	12.473771	3.769666	16.243437	4.250079
31.3	12.357411	3.886030	16.243441	4.112645
31.4	12.800050	3.443390	16.243440	4.029584
31.5	13.623139	2.620296	16.243435	3.977415
31.6	13.997572	2.245860	16.243431	3.929266
31.7	13.448456	2.794979	16.243435	3.862475
31.8	12.455998	3.787443	16.243441	3.764025
31.9	11.866109	4.377334	16.243443	3.631711
32	12.046042	4.197399	16.243441	3.470832
32.1	12.730872	3.512565	16.243437	3.289512
32.2	13.382088	2.861346	16.243434	3.096086
32.3	13.593513	2.649920	16.243433	2.898700
32.4	13.306386	2.937049	16.243435	2.705414
32.5	12.769940	3.473498	16.243438	2.523864
32.6	12.355942	3.887497	16.243439	2.360580
32.7	12.305462	3.937977	16.243439	2.220098
32.8	12.549739	3.693699	16.243437	2.103653
32.9	12.812353	3.431083	16.243436	2.008237
33	12.908719	3.334718	16.243437	1.928232
33.1	12.901258	3.342181	16.243439	1.860578
33.2	12.972624	3.270815	16.243439	1.810909
33.3	13.183385	3.060053	16.243438	1.795760
33.4	13.354648	2.888787	16.243436	1.836806
33.5	13.186330	3.057105	16.243435	1.948619
33.6	12.573487	3.669950	16.243437	2.129906
33.7	11.872826	4.370615	16.243441	2.366658
33.8	11.711808	4.531635	16.243443	2.642234
33.9	12.366117	3.877323	16.243440	2.944539
34	13.329543	2.913891	16.243434	3.267134
34.1	13.650135	2.593295	16.243430	3.606778
34.2	12.871797	3.371637	16.243434	3.960698
34.3	11.632630	4.610813	16.243442	4.325382
34.4	11.158609	5.084838	16.243447	4.696955
34.5	12.082566	4.160876	16.243442	5.072271
34.6	13.773770	2.469663	16.243433	5.449785
34.7	14.865324	1.378104	16.243428	5.829784
34.8	14.521625	1.721806	16.243431	6.214088
34.9	13.190832	3.052608	16.243439	6.605591
35	12.034689	4.208754	16.243444	7.007799
35.1	11.711617	4.531824	16.243441	7.424270
35.2	11.920920	4.322516	16.243436	7.857762
35.3	12.079879	4.163556	16.243435	8.308899
35.4	12.113501	4.129937	16.243437	8.774487
35.5	12.379789	3.863648	16.243438	9.246470
35.6	12.957218	3.286216	16.243434	9.712564
35.7	13.282175	2.961254	16.243429	10.158726
35.8	12.667311	3.576119	16.243429	10.572825
35.9	11.192880	5.050557	16.243437	10.948248
36	9.910593	6.332851	16.243445	11.285898
36.1	9.939874	6.303572	16.243445	11.593252
36.2	11.333278	4.910159	16.243438	11.880417
36.3	12.968184	3.275245	16.243429	12.155198
36.4	13.591224	2.652202	16.243427	12.420060
36.5	12.899224	3.344207	16.243431	12.672267
36.6	11.609303	4.634134	16.243437	12.906426
36.7	10.596016	5.647422	16.243438	13.118179
36.8	10.161197	6.082240	16.243437	13.307611
36.9	10.161733	6.081704	16.243437	13.480551
37	10.573193	5.670246	16.243439	13.646759
37.1	11.579870	4.663568	16.243438	13.815792
37.2	12.977001	3.266431	16.243432	13.992584
37.3	13.834502	2.408925	16.243427	14.174908
37.4	13.343829	2.899601	16.243430	14.353783
37.5	11.930874	4.312566	16.243440	14.516292
37.6	10.992260	5.251186	16.243446	14.649358
37.7	11.454646	4.788796	16.243442	14.743281
37.8	12.790438	3.452994	16.243431	14.794304
37.9	13.512041	2.731383	16.243424	14.805683
38	12.688046	3.555382	16.243428	14.786995
38.1	10.887656	5.355782	16.243438	14.751875
38.2	9.514845	6.728599	16.243444	14.715060
38.3	9.437949	6.805493	16.243443	14.689878
38.4	10.452256	5.791182	16.243438	14.686894
38.5	11.840514	4.402922	16.243436	14.713431
38.6	13.101339	3.142096	16.243435	14.772934
38.7	14.023867	2.219567	16.243434	14.863604
38.8	14.322158	1.921273	16.243431	14.977112
38.9	13.650992	2.592439	16.243431	15.099048
39	12.116724	4.126712	16.243436	15.211632
39.1	10.545290	5.698153	16.243443	15.297591
39.2	10.000819	6.242626	16.243445	15.343895
39.3	10.820844	5.422595	16.243439	15.344524
39.4	12.140156	4.103273	16.243429	15.301735
39.5	12.588442	3.654983	16.243424	15.225512
39.6	11.461598	4.781830	16.243428	15.131331
39.7	9.296823	6.946614	16.243437	15.036981
39.8	7.526955	8.716490	16.243445	14.959481
39.9	7.463964	8.779483	16.243447	14.912742
40	9.294944	6.948495	16.243439	14.905793
40.1	11.874670	4.368759	16.243429	14.940888
40.2	13.563354	2.680071	16.243424	15.011786
40.3	13.553498	2.689932	16.243430	15.103948
40.4	12.502502	3.740938	16.243440	15.197708
40.5	11.714439	4.529004	16.243443	15.273252
40.6	11.752897	4.490541	16.243438	15.315295
40.7	12.011402	4.232028	16.243430	15.315963
40.8	11.493076	4.750351	16.243427	15.275440
40.9	9.977308	6.266125	16.243434	15.200654
41	8.446802	7.796641	16.243442	15.102704
41.1	8.171044	8.072399	16.243443	14.993955
41.2	9.347017	6.896419	16.243436	14.885674
41.3	10.871787	5.371641	16.243428	14.786680
41.4	11.542794	4.700635	16.243428	14.702824
41.5	11.334108	4.909329	16.243437	14.636738
41.6	11.320087	4.923357	16.243444	14.587609
41.7	12.326201	3.917240	16.243441	14.551418
41.8	13.868887	2.374545	16.243432	14.522154
41.9	14.657503	1.585924	16.243427	14.493674
42	13.977023	2.266408	16.243430	14.461241
42.1	12.331410	3.912028	16.243438	14.421975
42.2	10.861216	5.382227	16.243442	14.374237
42.3	10.326733	5.916708	16.243441	14.316668
42.4	10.647379	5.596058	16.243437	14.247633
42.5	11.279425	4.964009	16.243435	14.165319
42.6	11.851714	4.391721	16.243435	14.068225
42.7	12.369095	3.874341	16.243436	13.955479
42.8	12.853919	3.389515	16.243434	13.826613
42.9	12.923716	3.319714	16.243430	13.681112
43	12.043169	4.200262	16.243431	13.518609
43.1	10.367351	5.876087	16.243438	13.339931
43.2	8.948057	7.295388	16.243445	13.148188
43.3	8.769587	7.473857	16.243444	12.948889
43.4	9.762612	6.480824	16.243436	12.748784
43.5	10.902840	5.340589	16.243430	12.553921
43.6	11.272287	4.971144	16.243431	12.367638
43.7	11.003031	5.240407	16.243438	12.189090
43.8	11.072387	5.171056	16.243443	12.012920
43.9	12.132930	4.110510	16.243440	11.830338
44	13.704779	2.538654	16.243433	11.631269
44.1	14.653630	1.589799	16.243429	11.407007
44.2	14.380023	1.863410	16.243433	11.152806
44.3	13.391984	2.851457	16.243441	10.869730
44.4	12.689515	3.553929	16.243444	10.565071
44.5	12.732264	3.511176	16.243441	10.250839
44.6	13.130918	3.112518	16.243436	9.940442
44.7	13.242690	3.000744	16.243434	9.644612
44.8	12.892587	3.350850	16.243436	9.368513
44.9	12.461904	3.781536	16.243439	9.111701
45	12.383971	3.859468	16.243439	8.870490
45.1	12.690440	3.552997	16.243437	8.640203
45.2	13.015973	3.227461	16.243434	8.415948
45.3	12.982013	3.261421	16.243435	8.192869
45.4	12.592473	3.650965	16.243438	7.966839
45.5	12.279684	3.963757	16.243441	7.735310
45.6	12.508360	3.735082	16.243441	7.497488
45.7	13.197899	3.045537	16.243436	7.253676
45.8	13.654068	2.589364	16.243432	7.004370
45.9	13.408044	2.835391	16.243435	6.749832
46	12.893002	3.350438	16.243440	6.490505
46.1	12.834863	3.408576	16.243440	6.228039
46.2	13.221537	3.021899	16.243435	5.966277
46.3	13.387352	2.856082	16.243434	5.711459
46.4	13.034504	3.208935	16.243438	5.471373
46.5	12.647943	3.595499	16.243442	5.253545
46.6	12.744489	3.498952	16.243440	5.062937
46.7	13.135161	3.108275	16.243436	4.900032
46.8	13.275902	2.967533	16.243435	4.760250
46.9	13.077927	3.165511	16.243439	4.634952
47	13.011619	3.231823	16.243442	4.513744
47.1	13.469309	2.774131	16.243441	4.387406
47.2	14.250542	1.992895	16.243437	4.250537
47.3	14.768707	1.474728	16.243435	4.103081
47.4	14.680715	1.562722	16.243436	3.950284
47.5	14.152964	2.090475	16.243438	3.801255
47.6	13.504432	2.739006	16.243438	3.666794
47.7	12.825819	3.417618	16.243437	3.557159
47.8	12.123289	4.120149	16.243438	3.479894
47.9	11.669146	4.574295	16.243441	3.437613
48	11.852630	4.390811	16.243440	3.426304
48.1	12.610029	3.633407	16.243436	3.435543
48.2	13.298359	2.945074	16.243433	3.451380
48.3	13.357590	2.885845	16.243434	3.461039
48.4	12.980041	3.263399	16.243440	3.457571
48.5	12.900434	3.343010	16.243443	3.442653
48.6	13.507284	2.736156	16.243440	3.426307
48.7	14.321619	1.921815	16.243433	3.423146
48.8	14.432715	1.810716	16.243430	3.446421
48.9	13.466992	2.776442	16.243434	3.502901
49	12.072400	4.171041	16.243441	3.591758
49.1	11.315692	4.927752	16.243443	3.707643
49.2	11.657409	4.586031	16.243440	3.844517
49.3	12.631850	3.611585	16.243435	3.997193
49.4	13.487470	2.755964	16.243434	4.161027
49.5	13.938581	2.304856	16.243436	4.331733
49.6	14.106843	2.136594	16.243437	4.506059
49.7	14.015525	2.227911	16.243436	4.682671
49.8	13.599998	2.643439	16.243437	4.862313
49.9	12.963503	3.279934	16.243438	5.046914
50	12.308458	3.934981	16.243439	5.238130
50.1	11.933973	4.309468	16.243441	5.436243
50.2	12.224327	4.019115	16.243442	5.640015
50.3	13.197648	3.045789	16.243437	5.847296
50.4	14.177863	2.065568	16.243431	6.055621
50.5	14.294322	1.949109	16.243430	6.262337
50.6	13.379213	2.864224	16.243437	6.464478
50.7	12.266106	3.977340	16.243446	6.659022
50.8	12.157065	4.086384	16.243449	6.843716
50.9	13.397110	2.846331	16.243441	7.018025
51	14.873267	1.370163	16.243430	7.183524
51.1	15.174721	1.068707	16.243428	7.343407
51.2	14.094821	2.148615	16.243435	7.501327
51.3	12.718908	3.524535	16.243443	7.660129
51.4	12.184777	4.058667	16.243443	7.821094
51.5	12.562204	3.681234	16.243438	7.984037
51.6	13.034278	3.209155	16.243433	8.148021
51.7	12.984515	3.258920	16.243435	8.312138
51.8	12.592068	3.651371	16.243439	8.475977
51.9	12.348045	3.895394	16.243440	8.639838
52	12.382066	3.861372	16.243438	8.804849
52.1	12.487164	3.756273	16.243437	8.972876
52.2	12.523132	3.720305	16.243437	9.145974
52.3	12.550307	3.693130	16.243437	9.325384
52.4	12.649284	3.594152	16.243436	9.510504
52.5	12.761889	3.481546	16.243435	9.698395
52.6	12.788528	3.454908	16.243436	9.884323
52.7	12.823332	3.420107	16.243439	10.063284
52.8	13.149720	3.093720	16.243440	10.231918
52.9	13.829093	2.414345	16.243438	10.389747
53	14.399092	1.844343	16.243434	10.538866
53.1	14.300466	1.942968	16.243434	10.682298
53.2	13.490479	2.752957	16.243436	10.822119
53.3	12.333489	3.909948	16.243437	10.958382
53.4	11.197930	5.045509	16.243439	11.089166
53.5	10.477153	5.766287	16.243440	11.211584
53.6	10.448777	5.794661	16.243439	11.323255
53.7	10.871400	5.372035	16.243435	11.423640
53.8	11.173929	5.069505	16.243435	11.514696
53.9	11.247074	4.996366	16.243440	11.600539
54	11.706429	4.537016	16.243444	11.686028
54.1	13.024605	3.218835	16.243440	11.774625
54.2	14.590381	1.653050	16.243431	11.866561
54.3	15.101797	1.141630	16.243427	11.958587
54.4	14.076242	2.167192	16.243434	12.045792
54.5	12.603592	3.639852	16.243444	12.124564
54.6	12.129357	4.114087	16.243444	12.195078
54.7	12.752758	3.490677	16.243435	12.261921
54.8	13.307354	2.936076	16.243429	12.332344
54.9	12.908108	3.335324	16.243432	12.412739
55	11.840929	4.402509	16.243439	12.504897
55.1	11.015667	5.227775	16.243442	12.603990
55.2	10.976575	5.266865	16.243440	12.699281
55.3	11.478896	4.764539	16.243435	12.776950
55.4	11.847767	4.395665	16.243432	12.823861
55.5	11.759679	4.483756	16.243435	12.831438
55.6	11.634494	4.608945	16.243439	12.798709
55.7	12.095353	4.148087	16.243440	12.733332
55.8	13.150800	3.092635	16.243436	12.649834
55.9	14.065191	2.178240	16.243431	12.565234
56	14.086241	2.157191	16.243432	12.493431
56.1	13.324066	2.919373	16.243439	12.440502
56.2	12.667469	3.575974	16.243444	12.403326
56.3	12.739775	3.503667	16.243441	12.372932
56.4	13.267680	2.975756	16.243436	12.340514
56.5	13.574586	2.668848	16.243434	12.301540
56.6	13.371546	2.871889	16.243435	12.255938
56.7	12.902565	3.340873	16.243437	12.205971
56.8	12.487613	3.755825	16.243438	12.153827
56.9	12.191030	4.052408	16.243438	12.099920
57	12.016766	4.226674	16.243440	12.042235
57.1	12.130116	4.113325	16.243441	11.976753
57.2	12.537083	3.706355	16.243438	11.898671
57.3	12.809773	3.433661	16.243434	11.803867
57.4	12.606505	3.636930	16.243435	11.690018
57.5	12.139914	4.103523	16.243438	11.556933
57.6	11.819135	4.424303	16.243438	11.405963
57.7	11.733004	4.510432	16.243436	11.238808
57.8	11.649484	4.593951	16.243435	11.056464
57.9	11.376523	4.866913	16.243436	10.858885
58	11.011328	5.232110	16.243438	10.645498
58.1	10.823529	5.419910	16.243440	10.416266
58.2	10.976339	5.267101	16.243440	10.172711
58.3	11.460660	4.782779	16.243439	9.918311
58.4	12.217101	4.026337	16.243439	9.658011
58.5	13.116785	3.126651	16.243436	9.397224
58.6	13.852504	2.390930	16.243434	9.140832
58.7	14.064396	2.179037	16.243433	8.892447
58.8	13.653301	2.590135	16.243436	8.653897
58.9	12.963318	3.280122	16.243440	8.424995
59	12.629833	3.613611	16.243443	8.203720
59.1	13.073160	3.170281	16.243441	7.986896
59.2	13.931903	2.311531	16.243434	7.771246
59.3	14.212943	2.030487	16.243429	7.554572
59.4	13.404676	2.838757	16.243433	7.336654
59.5	12.127088	4.116351	16.243439	7.119448
59.6	11.296138	4.947301	16.243439	6.906262
59.7	11.017840	5.225595	16.243435	6.700079
59.8	10.726496	5.516937	16.243433	6.501682
59.9	10.213244	6.030193	16.243437	6.308598
60	10.073671	6.169772	16.243442	6.115729
60.1	10.945583	5.297857	16.243440	5.917545
60.2	12.495733	3.747700	16.243433	5.710579
60.3	13.535305	2.708123	16.243428	5.494748
60.4	13.314517	2.928916	16.243433	5.272948
60.5	12.434954	3.808488	16.243442	5.049555
60.6	12.092564	4.150881	16.243445	4.828805
60.7	12.658286	3.585153	16.243439	4.613447
60.8	13.411553	2.831879	16.243432	4.403560
60.9	13.436665	2.806766	16.243431	4.195941
61	12.614214	3.629223	16.243437	3.985050
61.1	11.839050	4.404394	16.243444	3.765569
61.2	12.060843	4.182599	16.243442	3.535052
61.3	13.038165	3.205268	16.243433	3.294775
61.4	13.567923	2.675506	16.243428	3.048522
61.5	12.981961	3.261471	16.243433	2.801078
61.6	11.874191	4.369250	16.243441	2.558473
61.7	11.375647	4.867798	16.243444	2.329529
61.8	11.969410	4.274029	16.243440	2.125781
61.9	12.996431	3.247001	16.243432	1.957723
62	13.391683	2.851747	16.243430	1.829082
62.1	12.876247	3.367188	16.243435	1.733890
62.2	12.135190	4.108250	16.243440	1.659935
62.3	11.889013	4.354427	16.243440	1.596263
62.4	12.140377	4.103060	16.243437	1.538919
62.5	12.386342	3.857093	16.243435	1.491973
62.6	12.336258	3.907178	16.243436	1.465292
62.7	12.238482	4.004957	16.243439	1.471780
62.8	12.465802	3.777637	16.243438	1.524633
62.9	12.950080	3.293355	16.243435	1.633019
63	13.170138	3.073293	16.243432	1.796744
63.1	12.686646	3.556786	16.243432	2.004078
63.2	11.642873	4.600564	16.243437	2.235222
63.3	10.742083	5.501359	16.243442	2.469238
63.4	10.680116	5.563325	16.243442	2.690621
63.5	11.452358	4.791079	16.243436	2.892175
63.6	12.318484	3.924948	16.243432	3.072719
63.7	12.652383	3.591050	16.243433	3.232219
63.8	12.567138	3.676298	16.243436	3.369122
63.9	12.494780	3.748656	16.243436	3.481684
64	12.464720	3.778713	16.243434	3.571223
64.1	12.172700	4.070734	16.243434	3.644119
64.2	11.693539	4.549900	16.243439	3.710612
64.3	11.662915	4.580527	16.243442	3.781013
64.4	12.472595	3.770843	16.243438	3.862362
64.5	13.522168	2.721261	16.243430	3.958132
64.6	13.669762	2.573664	16.243426	4.070081
64.7	12.452870	3.790561	16.243431	4.199804
64.8	10.649905	5.593535	16.243440	4.349061
64.9	9.582007	6.661437	16.243444	4.518912
65	9.938445	6.304995	16.243441	4.707701
65.1	11.263351	4.980082	16.243433	4.909299
65.2	12.438607	3.804820	16.243427	5.113270
65.3	12.612020	3.631408	16.243428	5.306878
65.4	11.815408	4.428026	16.243434	5.478145
65.5	10.881162	5.362278	16.243440	5.619400
65.6	10.750060	5.493383	16.243442	5.730691
65.7	11.670716	4.572722	16.243438	5.821392
65.8	12.964458	3.278972	16.243431	5.908055
65.9	13.615084	2.628343	16.243427	6.008932
66	13.072334	3.171094	16.243428	6.138419
66.1	11.582564	4.660870	16.243434	6.304271
66.2	10.033593	6.209848	16.243441	6.507696
66.3	9.492121	6.751324	16.243444	6.744339
66.4	10.495805	5.747636	16.243441	7.004950
66.5	12.492524	3.750908	16.243432	7.276148
66.6	14.070248	2.173176	16.243424	7.542115
66.7	14.014808	2.228616	16.243424	7.787553
66.8	12.363991	3.879443	16.243434	8.001462
66.9	10.467642	5.775803	16.243445	8.180425
67	9.867820	6.375628	16.243448	8.329567
67.1	10.982158	5.261283	16.243441	8.460014
67.2	12.823647	3.419783	16.243431	8.583912
67.3	13.872404	2.371021	16.243425	8.709929
67.4	13.292735	2.950693	16.243428	8.841350
67.5	11.581554	4.661884	16.243438	8.976991
67.6	10.071016	6.172428	16.243445	9.113873
67.7	9.715538	6.527906	16.243444	9.250113
67.8	10.431332	5.812107	16.243439	9.386687
67.9	11.526202	4.717233	16.243435	9.527429
68	12.416457	3.826976	16.243434	9.677468
68.1	12.876795	3.366639	16.243434	9.840733
68.2	12.942241	3.301195	16.243435	10.017234
68.3	12.748665	3.494771	16.243436	10.201119
68.4	12.402806	3.840631	16.243436	10.381102
68.5	12.005870	4.237568	16.243437	10.543808
68.6	11.678098	4.565339	16.243437	10.678093
68.7	11.437623	4.805814	16.243436	10.778207
68.8	11.271846	4.971591	16.243437	10.845325
68.9	11.392052	4.851386	16.243439	10.887522
69	11.981173	4.262263	16.243435	10.918076
69.1	12.608037	3.635393	16.243430	10.952212
69.2	12.546640	3.696789	16.243429	11.003012
69.3	11.668063	4.575371	16.243433	11.077800
69.4	10.602838	5.640601	16.243439	11.176605
69.5	10.204134	6.039307	16.243441	11.293437
69.6	10.896465	5.346973	16.243438	11.419215
69.7	12.256679	3.986753	16.243432	11.544575
69.8	13.312432	2.930996	16.243428	11.661915
69.9	13.369977	2.873451	16.243428	11.766753
70	12.427080	3.816353	16.243433	11.858108
70.1	11.103110	5.140329	16.243439	11.937542
70.2	10.220200	6.023241	16.243441	12.007199
70.3	10.171879	6.071562	16.243441	12.068193
70.4	10.921887	5.321551	16.243438	12.120689
70.5	12.081950	4.161481	16.243431	12.165584
70.6	12.708671	3.534754	16.243425	12.205983
70.7	12.044268	4.199160	16.243428	12.246752
70.8	10.592915	5.650523	16.243439	12.292446
70.9	9.838553	6.404892	16.243445	12.345201
71	10.701212	5.542228	16.243440	12.403664
71.1	12.376607	3.866820	16.243428	12.463038
71.2	13.144931	3.098493	16.243424	12.515723
71.3	12.447960	3.795473	16.243433	12.552347
71.4	11.377809	4.865632	16.243441	12.563379
71.5	11.000286	5.243155	16.243441	12.541313
71.6	11.288516	4.954922	16.243438	12.482676
71.7	11.829304	4.414133	16.243437	12.388976
71.8	12.442919	3.800517	16.243436	12.266412
71.9	12.969391	3.274043	16.243434	12.124704
72	13.057442	3.185990	16.243432	11.975482
72.1	12.439236	3.804198	16.243434	11.830651
72.2	11.301148	4.942290	16.243438	11.701042
72.3	10.280417	5.963026	16.243443	11.595388
72.4	10.106826	6.136620	16.243446	11.519402
72.5	11.124779	5.118664	16.243443	11.474756
72.6	12.890497	3.352938	16.243435	11.458132
72.7	14.213659	2.029768	16.243427	11.460957
72.8	14.008009	2.235418	16.243427	11.470377
72.9	12.413104	3.830333	16.243437	11.471618
73	10.868153	5.375294	16.243447	11.451341
73.1	10.749518	5.493928	16.243446	11.401195
73.2	12.017358	4.226079	16.243437	11.320473
73.3	13.424859	2.818571	16.243429	11.216548
73.4	13.810394	2.433034	16.243428	11.102207
73.5	12.983568	3.259864	16.243433	10.990725
73.6	11.653312	4.590127	16.243438	10.891091
73.7	10.707188	5.536252	16.243440	10.805408
73.8	10.452901	5.790536	16.243438	10.729025
73.9	10.632826	5.610610	16.243436	10.652778
74	11.061925	5.181512	16.243437	10.566274
74.1	11.756450	4.486985	16.243435	10.461156
74.2	12.475102	3.768329	16.243432	10.333569
74.3	12.700040	3.543391	16.243431	10.185338
74.4	12.290604	3.952832	16.243436	10.023630
74.5	11.885814	4.357628	16.243442	9.858651
74.6	12.242354	4.001087	16.243441	9.698885
74.7	13.192055	3.051380	16.243434	9.545772
74.8	13.826700	2.416730	16.243430	9.392273
74.9	13.564656	2.678775	16.243431	9.226174
75	12.504856	3.738578	16.243434	9.035010
75.1	11.174560	5.068879	16.243439	8.810233
75.2	10.399375	5.844068	16.243443	8.549717
75.3	10.831932	5.411510	16.243442	8.258298
75.4	12.284977	3.958457	16.243434	7.946326
75.5	13.673546	2.569880	16.243427	7.626531
75.6	13.817322	2.426104	16.243426	7.310155
75.7	12.543609	3.699826	16.243435	7.003884
75.8	11.001272	5.242173	16.243445	6.709071
75.9	10.603711	5.639735	16.243446	6.424006
76	11.524667	4.718770	16.243437	6.147931
76.1	12.598159	3.645271	16.243429	5.882831
76.2	12.789430	3.454000	16.243430	5.630653
76.3	12.261994	3.981442	16.243436	5.389551
76.4	11.888639	4.354799	16.243438	5.154137
76.5	12.054769	4.188665	16.243434	4.919815
76.6	12.242788	4.000641	16.243429	4.686767
76.7	11.856596	4.386836	16.243432	4.459662
76.8	11.226763	5.016677	16.243440	4.243752
76.9	11.374819	4.868624	16.243444	4.042152
77	12.618203	3.625234	16.243437	3.857918
77.1	13.993506	2.249923	16.243429	3.697551
77.2	14.285776	1.957651	16.243427	3.569765
77.3	13.162867	3.080565	16.243432	3.479915
77.4	11.456749	4.786691	16.243440	3.425428
77.5	10.411365	5.832078	16.243443	3.396195
77.6	10.509165	5.734274	16.243439	3.379565
77.7	11.165076	5.078357	16.243434	3.366206
77.8	11.653619	4.589816	16.243435	3.353502
77.9	12.076280	4.167161	16.243441	3.345783
78	13.050039	3.193403	16.243442	3.351648
78.1	14.477367	1.766068	16.243435	3.378143
78.2	15.280269	0.963160	16.243428	3.424019
78.3	14.642250	1.601180	16.243430	3.477592
78.4	12.893868	3.349568	16.243436	3.520688
78.5	11.064337	5.179104	16.243441	3.535144
78.6	10.056357	6.187086	16.243443	3.508782
78.7	10.219332	6.024109	16.243441	3.439492
78.8	11.263330	4.980106	16.243436	3.336576
78.9	12.439551	3.803880	16.243431	3.218596
79	12.990127	3.253302	16.243429	3.107490
79.1	12.651072	3.592360	16.243432	3.020349
79.2	11.884057	4.359381	16.243439	2.962470
79.3	11.561064	4.682379	16.243442	2.925755
79.4	12.143821	4.099618	16.243439	2.893884
79.5	13.081227	3.162205	16.243431	2.852153
79.6	13.271399	2.972029	16.243428	2.796646
79.7	12.305444	3.937989	16.243433	2.736868
79.8	11.054112	5.189330	16.243442	2.692012
79.9	10.822222	5.421223	16.243445	2.685358
80	11.966136	4.277302	16.243439	2.738908
80.1	13.495139	2.748291	16.243430	2.867243
80.2	14.069815	2.173613	16.243428	3.071033
80.3	13.333679	2.909757	16.243435	3.334347
80.4	12.200272	4.043171	16.243442	3.628761
80.5	11.736243	4.507199	16.243442	3.921903
80.6	11.999332	4.244104	16.243436	4.185732
80.7	12.233851	4.009580	16.243432	4.402058
80.8	11.900325	4.343109	16.243434	4.565127
80.9	11.320785	4.922655	16.243440	4.681877
81	11.317820	4.925623	16.243443	4.770205
81.1	12.208496	4.034941	16.243438	4.855106
81.2	13.256584	2.986845	16.243429	4.962644
81.3	13.336057	2.907371	16.243427	5.113249
81.4	12.242732	4.000703	16.243435	5.317123
81.5	11.132047	5.111397	16.243444	5.573393
81.6	11.219908	5.023532	16.243440	5.872102
81.7	12.071901	4.171528	16.243429	6.197266
81.8	12.329771	3.913658	16.243429	6.530974
81.9	11.965603	4.277836	16.243439	6.859585
82	12.242711	4.000731	16.243442	7.179886
82.1	13.505724	2.737709	16.243434	7.498071
82.2	14.476466	1.766961	16.243427	7.819440
82.3	14.035465	2.207967	16.243431	8.140152
82.4	12.648006	3.595436	16.243442	8.447868
82.5	11.736910	4.506536	16.243447	8.726899
82.6	11.914738	4.328702	16.243440	8.963543
82.7	12.362663	3.880767	16.243431	9.150138
82.8	12.005995	4.237434	16.243430	9.287355
82.9	10.783955	5.459481	16.243436	9.384577
83	9.694645	6.548798	16.243444	9.458504
83.1	9.819040	6.424406	16.243446	9.530222
83.2	11.361588	4.881853	16.243441	9.620828
83.3	13.479708	2.763724	16.243433	9.745601
83.4	14.896350	1.347077	16.243428	9.908239
83.5	14.814404	1.429025	16.243430	10.098703
83.6	13.478267	2.765170	16.243437	10.296575
83.7	11.933339	4.310105	16.243444	10.478155
83.8	11.163568	5.079878	16.243445	10.624068
83.9	11.408400	4.835042	16.243442	10.724796
84	12.258609	3.984829	16.243438	10.782721
84.1	13.189064	3.054373	16.243436	10.810338
84.2	13.906036	2.337400	16.243436	10.825123
84.3	14.313791	1.929645	16.243436	10.842521
84.4	14.304548	1.938888	16.243436	10.870001
84.5	13.808110	2.435328	16.243438	10.905615
84.6	13.130787	3.112655	16.243442	10.941306
84.7	12.807219	3.436222	16.243441	10.967651
84.8	12.817419	3.426016	16.243435	10.977566
84.9	12.469529	3.773901	16.243431	10.968698
85	11.362076	4.881358	16.243434	10.944516
85.1	10.060315	6.183126	16.243440	10.913602
85.2	9.602809	6.640634	16.243443	10.886881
85.3	10.371896	5.871540	16.243436	10.873675
85.4	11.493219	4.750207	16.243427	10.878570
85.5	11.671634	4.571791	16.243425	10.900778
85.6	10.760005	5.483430	16.243434	10.935825
85.7	10.090918	6.152526	16.243444	10.977460
85.8	10.968263	5.275177	16.243439	11.018148
85.9	12.661497	3.581924	16.243422	11.049351
86	12.804021	3.439394	16.243414	11.063801
86.1	10.498045	5.745383	16.243428	11.058662
86.2	7.712752	8.530695	16.243447	11.036626
86.3	7.188058	9.055392	16.243451	11.004466
86.4	9.512751	6.730684	16.243435	10.970297
86.5	12.472157	3.771259	16.243416	10.940677
86.6	13.326211	2.917204	16.243414	10.918774
86.7	11.710741	4.532690	16.243431	10.905022
86.8	9.866855	6.376591	16.243446	10.900121
86.9	9.816843	6.426600	16.243443	10.906759
87	11.179604	5.063826	16.243430	10.926434
87.1	12.136120	4.107302	16.243422	10.955226
87.2	11.544072	4.699354	16.243426	10.984195
87.3	9.946576	6.296860	16.243436	11.003386
87.4	8.845450	7.397992	16.243442	11.006208
87.5	9.255794	6.987646	16.243440	10.992318
87.6	10.903893	5.339538	16.243431	10.967884
87.7	12.453089	3.790333	16.243422	10.942976
87.8	12.587202	3.656220	16.243422	10.927382
87.9	11.166603	5.076828	16.243431	10.927626
88	9.362608	6.880833	16.243441	10.947424
88.1	8.467170	7.776272	16.243442	10.989670
88.2	8.660504	7.582935	16.243438	11.053841
88.3	9.548266	6.695171	16.243437	11.130808
88.4	10.925792	5.317642	16.243434	11.204141
88.5	12.212354	4.031073	16.243427	11.255964
88.6	12.425723	3.817702	16.243425	11.272394
88.7	11.313190	4.930242	16.243432	11.247330
88.8	9.914895	6.328547	16.243442	11.184120
88.9	9.596005	6.647439	16.243444	11.094651
89	10.666200	5.577237	16.243437	10.996085
89.1	12.149577	4.093852	16.243430	10.906444
89.2	12.872204	3.371226	16.243429	10.840559
89.3	12.620080	3.623356	16.243436	10.806983
89.4	12.091442	4.151999	16.243441	10.805007
89.5	11.960180	4.283262	16.243442	10.822823
89.6	12.463784	3.779655	16.243439	10.841064
89.7	13.208564	3.034866	16.243430	10.840348
89.8	13.084825	3.158599	16.243424	10.807021
89.9	11.500432	4.742999	16.243432	10.735269
90	9.626344	6.617102	16.243445	10.626749
90.1	9.423334	6.820115	16.243448	10.489046
90.2	11.301214	4.942221	16.243435	10.333606
90.3	13.430942	2.812479	16.243421	10.173345
90.4	13.767584	2.475838	16.243422	10.020117
90.5	12.269211	3.974223	16.243434	9.882491
90.6	10.613903	5.629541	16.243444	9.764372
90.7	10.174533	6.068909	16.243443	9.664574
90.8	10.949721	5.293715	16.243436	9.577660
90.9	12.006304	4.237123	16.243428	9.497201
91	12.243108	4.000315	16.243423	9.420514
91.1	11.153016	5.090411	16.243427	9.350299
91.2	9.376477	6.866960	16.243436	9.291668
91.3	8.308305	7.935138	16.243443	9.248013
91.4	8.941127	7.302314	16.243441	9.218824
91.5	10.957931	5.285501	16.243432	9.199536
91.6	12.924127	3.319296	16.243423	9.182039
91.7	13.482699	2.760723	16.243423	9.155518
91.8	12.436708	3.806723	16.243430	9.108437
91.9	10.770239	5.473201	16.243440	9.031862
92	9.914796	6.328651	16.243447	8.922687
92.1	10.734485	5.508958	16.243443	8.785830
92.2	12.586903	3.656528	16.243431	8.635380
92.3	13.758155	2.485268	16.243423	8.492101
92.4	13.154140	3.089286	16.243426	8.376131
92.5	11.314371	4.929066	16.243436	8.298689
92.6	9.772632	6.470812	16.243444	8.257542
92.7	9.621460	6.621982	16.243443	8.238422
92.8	10.704616	5.538820	16.243436	8.220921
92.9	12.029230	4.214201	16.243431	8.185391
93	12.735287	3.508143	16.243430	8.118199
93.1	12.556670	3.686762	16.243432	8.014617
93.2	11.721021	4.522415	16.243436	7.879756
93.3	10.869806	5.373635	16.243441	7.728010
93.4	10.725738	5.517703	16.243441	7.580176
93.5	11.378492	4.864944	16.243436	7.456180
93.6	12.163322	4.080108	16.243430	7.365532
93.7	12.342298	3.901131	16.243429	7.301854
93.8	11.701595	4.541837	16.243432	7.243877
93.9	10.698886	5.544552	16.243438	7.161683
94	10.174532	6.068911	16.243443	7.025929
94.1	10.754164	5.489279	16.243442	6.816901
94.2	12.285379	3.958057	16.243436	6.530546
94.3	13.776745	2.466683	16.243428	6.180051
94.4	14.027451	2.215974	16.243425	5.793061
94.5	12.640021	3.603411	16.243432	5.405868
94.6	10.674747	5.568698	16.243446	5.056133
94.7	10.003143	6.240309	16.243451	4.774238
94.8	11.402089	4.841352	16.243441	4.572841
94.9	13.553511	2.689916	16.243427	4.441859
95	14.398755	1.844665	16.243420	4.355044
95.1	13.003034	3.240393	16.243427	4.279457
95.2	10.346218	5.897224	16.243441	4.182601
95.3	8.581021	7.662431	16.243452	4.038351
95.4	9.239561	7.003888	16.243449	3.831731
95.5	11.885967	4.357468	16.243435	3.561420
95.6	14.473213	1.770210	16.243423	3.239264
95.7	15.112239	1.131183	16.243421	2.886910
95.8	13.605168	2.638263	16.243431	2.530522
95.9	11.432243	4.811201	16.243444	2.194855
96	10.407174	5.836274	16.243448	1.898800
96.1	11.116795	5.126646	16.243441	1.656734
96.2	12.567955	3.675477	16.243431	1.486343
96.3	13.459767	2.783662	16.243429	1.407624
96.4	13.374012	2.869420	16.243432	1.422818
96.5	12.655410	3.588024	16.243434	1.503741
96.6	11.641397	4.602037	16.243434	1.608845
96.7	10.468554	5.774882	16.243436	1.706380
96.8	9.564971	6.678471	16.243442	1.782813
96.9	9.767084	6.476360	16.243444	1.840288
97	11.447679	4.795759	16.243437	1.890370
97.1	13.536824	2.706600	16.243423	1.947708
97.2	14.055952	2.187465	16.243418	2.025380
97.3	12.244389	3.999041	16.243430	2.132595
97.4	9.819220	6.424228	16.243448	2.274183
97.5	9.392482	6.850972	16.243453	2.450694
97.6	11.596135	4.647303	16.243438	2.658449
97.7	14.263177	1.980242	16.243419	2.889711
97.8	14.714670	1.528747	16.243417	3.133287
97.9	12.605887	3.637545	16.243432	3.375712
98	10.111139	6.132309	16.243448	3.603109
98.1	9.532386	6.711064	16.243450	3.803743
98.2	11.187043	5.056395	16.243439	3.970797
98.3	13.405500	2.837925	16.243425	4.104466
98.4	14.213079	2.030343	16.243422	4.212578
98.5	13.094067	3.149364	16.243431	4.309423
98.6	11.240639	5.002802	16.243441	4.413108
98.7	10.215361	6.028084	16.243444	4.542077
98.8	10.569673	5.673766	16.243439	4.711344
98.9	11.584253	4.659177	16.243431	4.928636
99	12.130232	4.113196	16.243429	5.191173
99.1	11.872067	4.371367	16.243435	5.485060
99.2	11.527187	4.716253	16.243441	5.788604
99.3	11.850394	4.393046	16.243440	6.078386
99.4	12.716658	3.526778	16.243435	6.335593
99.5	13.351434	2.891997	16.243431	6.550548
99.6	13.091079	3.152350	16.243429	6.724231
99.7	11.827605	4.415826	16.243432	6.866628
99.8	10.043207	6.200229	16.243436	6.992563
99.9	8.543656	7.699784	16.243440	7.116247
100	7.979491	8.263949	16.243440	7.245990
100.1	8.439716	7.803720	16.243436	7.380703
100.2	9.458888	6.784545	16.243432	7.509663
100.3	10.457500	5.785931	16.243431	7.615915
100.4	11.137470	5.105960	16.243431	7.682065
100.5	11.419312	4.824119	16.243431	7.696194
100.6	11.326904	4.916531	16.243435	7.655861
100.7	11.246867	4.996572	16.243440	7.569133
100.8	11.765641	4.477798	16.243440	7.452844
100.9	12.763468	3.479964	16.243432	7.329034
101	13.215139	3.028287	16.243426	7.220584
101.1	12.304602	3.938827	16.243429	7.146674
101.2	10.568220	5.675220	16.243440	7.118588
101.3	9.610653	6.632794	16.243447	7.136774
101.4	10.434407	5.809034	16.243440	7.190406
101.5	12.154726	4.088700	16.243425	7.259798
101.6	12.677669	3.565748	16.243417	7.320897
101.7	10.864791	5.378634	16.243425	7.350790
101.8	7.908223	8.335219	16.243442	7.333022
101.9	6.303994	9.939458	16.243452	7.261457
102	7.477578	8.765867	16.243446	7.141594
102.1	10.520087	5.723343	16.243430	6.988888
102.2	13.123732	3.119687	16.243419	6.824267
102.3	13.636833	2.606588	16.243422	6.667829
102.4	12.316310	3.927124	16.243434	6.532491
102.5	10.832598	5.410847	16.243444	6.420135
102.6	10.637056	5.606388	16.243444	6.322808
102.7	11.722238	4.521198	16.243436	6.229050
102.8	12.953720	3.289709	16.243429	6.131132
102.9	13.284632	2.958795	16.243427	6.028386
103	12.444234	3.799196	16.243430	5.926172
103.1	10.951509	5.291928	16.243436	5.832790
103.2	9.837695	6.405747	16.243442	5.756171
103.3	9.979081	6.264360	16.243441	5.701130
103.4	11.190043	5.053389	16.243432	5.667589
103.5	12.180503	4.062921	16.243424	5.650147
103.6	11.805730	4.437694	16.243424	5.639337
103.7	10.112976	6.130456	16.243431	5.624466
103.8	8.190318	8.053122	16.243440	5.597205
103.9	7.391589	8.851856	16.243445	5.554349
104	8.440895	7.802546	16.243441	5.498459
104.1	10.686458	5.556970	16.243429	5.436409
104.2	12.311842	3.931577	16.243419	5.377000
104.3	11.980264	4.263160	16.243424	5.328689
104.4	10.372086	5.871353	16.243438	5.297836
104.5	9.517596	6.725850	16.243446	5.287673
104.6	10.416144	5.827293	16.243437	5.298200
104.7	11.855053	4.388371	16.243424	5.326870
104.8	11.973052	4.270370	16.243423	5.369544
104.9	10.525121	5.718313	16.243433	5.421429
105	8.982331	7.261112	16.243443	5.477949
105.1	8.698387	7.545056	16.243443	5.535280
105.2	9.679888	6.563548	16.243435	5.590241
105.3	10.845455	5.397972	16.243427	5.639986
105.4	11.052548	5.190878	16.243426	5.682297
105.5	10.204820	6.038613	16.243433	5.716757
105.6	9.410477	6.832964	16.243441	5.746038
105.7	9.849391	6.394048	16.243440	5.776106
105.8	11.371311	4.872117	16.243428	5.814782
105.9	12.269043	3.974373	16.243416	5.869132
106	10.939618	5.303801	16.243419	5.942762
106.1	7.966186	8.277250	16.243437	6.034361
106.2	5.993862	10.249590	16.243452	6.138403
106.3	7.127243	9.116204	16.243447	6.247781
106.4	10.670047	5.573380	16.243428	6.356940
106.5	13.709309	2.534103	16.243412	6.463494
106.6	13.875636	2.367779	16.243415	6.567112
106.7	11.400488	4.842942	16.243431	6.667016
106.8	8.577579	7.665866	16.243445	6.760812
106.9	7.543113	8.700333	16.243447	6.845552
107	8.591013	7.652422	16.243435	6.919717
107.1	10.174611	6.068812	16.243423	6.984356
107.2	10.580343	5.663079	16.243422	7.042597
107.3	9.667357	6.576074	16.243431	7.098326
107.4	8.825193	7.418247	16.243440	7.155176
107.5	9.309728	6.933710	16.243439	7.216182
107.6	10.867414	5.376015	16.243429	7.283450
107.7	12.076174	4.167248	16.243422	7.357253
107.8	11.809189	4.434236	16.243425	7.435155
107.9	10.341904	5.901532	16.243436	7.512528
108	9.147480	7.095965	16.243445	7.585027
108.1	9.486247	6.757195	16.243442	7.651291
108.2	11.069365	5.174065	16.243430	7.713463
108.3	12.272609	3.970811	16.243420	7.775086
108.4	11.712352	4.531069	16.243420	7.838146
108.5	9.617203	6.626228	16.243431	7.901365
108.6	7.652101	8.591341	16.243442	7.960581
108.7	7.393703	8.849741	16.243443	8.010656
108.8	8.995346	7.248090	16.243435	8.047740
108.9	11.160014	5.083411	16.243425	8.070818
109	12.275101	3.968320	16.243421	8.081872
109.1	11.627073	4.616353	16.243425	8.084583
109.2	9.832551	6.410885	16.243436	8.082412
109.3	8.420746	7.822698	16.243444	8.077581
109.4	8.556532	7.686910	16.243442	8.071719
109.5	9.958885	6.284547	16.243432	8.066822
109.6	11.299926	4.943496	16.243422	8.064487
109.7	11.220327	5.023091	16.243418	8.063621
109.8	9.283716	6.959709	16.243426	8.059004
109.9	6.735192	9.508250	16.243442	8.042571
110	5.904105	10.339346	16.243451	8.007083
110.1	8.078083	8.165360	16.243443	7.950015
110.2	11.952024	4.291399	16.243423	7.875288
110.3	14.500941	1.742468	16.243409	7.791703
110.4	13.653072	2.590344	16.243416	7.708763
110.5	10.391299	5.852141	16.243440	7.632290
110.6	7.988015	8.255441	16.243456	7.562797
110.7	8.760228	7.483221	16.243450	7.497763
110.8	11.815944	4.427484	16.243428	7.435030
110.9	14.143698	2.099715	16.243413	7.372985
111	13.602444	2.640973	16.243417	7.307758
111.1	10.651042	5.592389	16.243432	7.231686
111.2	7.484348	8.759096	16.243444	7.135547
111.3	6.097925	10.145522	16.243448	7.013270
111.4	7.044988	9.198453	16.243441	6.865937
111.5	9.287612	6.955817	16.243429	6.702336
111.6	11.063769	5.179653	16.243422	6.535594
111.7	11.378779	4.864648	16.243427	6.377902
111.8	10.879354	5.364084	16.243439	6.236854
111.9	11.006941	5.236502	16.243443	6.115638
112	12.235179	4.008258	16.243437	6.015698
112.1	13.573879	2.669551	16.243430	5.937877
112.2	13.908970	2.334459	16.243430	5.880243
112.3	13.143347	3.100086	16.243433	5.835029
112.4	11.860856	4.382580	16.243436	5.787920
112.5	10.703574	5.539863	16.243437	5.721099
112.6	10.059764	6.183671	16.243435	5.619085
112.7	9.828732	6.414701	16.243432	5.474715
112.8	9.682630	6.560803	16.243432	5.292231
112.9	9.592797	6.650638	16.243434	5.085813
113	9.860605	6.382831	16.243436	4.874139
113.1	10.659007	5.584427	16.243434	4.673774
113.2	11.706962	4.536468	16.243431	4.494948
113.3	12.377413	3.866014	16.243427	4.341556
113.4	12.036643	4.206783	16.243426	4.213485
113.5	10.568172	5.675261	16.243432	4.107964
113.6	8.872823	7.370620	16.243443	4.019319
113.7	8.500581	7.742866	16.243448	3.938917
113.8	10.173256	6.070183	16.243439	3.856608
113.9	12.669357	3.574066	16.243423	3.763625
114	13.694909	2.548506	16.243415	3.655510
114.1	12.147876	4.095549	16.243425	3.533471
114.2	9.380417	6.863025	16.243442	3.403483
114.3	7.937774	8.305676	16.243450	3.273623
114.4	9.036270	7.207172	16.243442	3.150881
114.5	11.424548	4.818877	16.243425	3.038936
114.6	12.711834	3.531583	16.243418	2.937867
114.7	11.802491	4.440935	16.243427	2.845512
114.8	9.904842	6.338599	16.243441	2.759030
114.9	9.061098	7.182349	16.243447	2.675288
115	10.088798	6.154643	16.243441	2.590041
115.1	12.068801	4.174629	16.243430	2.497371
115.2	13.389220	2.854204	16.243424	2.390959
115.3	13.207048	3.036379	16.243427	2.267317
115.4	11.964047	4.279387	16.243434	2.129157
115.5	10.703953	5.539486	16.243439	1.986279
115.6	10.173167	6.070272	16.243439	1.852576
115.7	10.446602	5.796834	16.243436	1.740685
115.8	11.176581	5.066853	16.243434	1.657965
115.9	12.015255	4.228177	16.243432	1.606028
116	12.649941	3.593489	16.243430	1.581864
116.1	12.729434	3.513997	16.243431	1.577290
116.2	12.197062	4.046374	16.243435	1.577805
116.3	11.604242	4.639199	16.243440	1.565850
116.4	11.533649	4.709789	16.243439	1.530482
116.5	11.737248	4.506185	16.243433	1.478357
116.6	11.561067	4.682366	16.243433	1.435761
116.7	11.069285	5.174151	16.243437	1.435359
116.8	10.880392	5.363044	16.243437	1.494510
116.9	11.075491	5.167941	16.243432	1.603698
117	11.015915	5.227514	16.243429	1.735841
117.1	10.351803	5.891632	16.243434	1.863337
117.2	9.713988	6.529453	16.243441	1.968169
117.3	10.026114	6.217328	16.243442	2.044168
117.4	11.319756	4.923679	16.243436	2.095352
117.5	12.645355	3.598075	16.243430	2.132600
117.6	13.132774	3.110656	16.243430	2.169413
117.7	12.788248	3.455186	16.243434	2.217232
117.8	12.192001	4.051436	16.243437	2.281483
117.9	11.723874	4.519562	16.243436	2.360150
118	11.364239	4.879197	16.243436	2.445600
118.1	11.141527	5.101911	16.243438	2.528371
118.2	11.399129	4.844312	16.243441	2.600739
118.3	12.391039	3.852400	16.243439	2.658739
118.4	13.702802	2.540631	16.243433	2.702503
118.5	14.412619	1.830810	16.243429	2.735449
118.6	13.972130	2.271302	16.243432	2.762780
118.7	12.683917	3.559520	16.243437	2.789441
118.8	11.284333	4.959108	16.243441	2.818131
118.9	10.403191	5.840252	16.243443	2.848592
119	10.476036	5.767408	16.243444	2.879042
119.1	11.645323	4.598117	16.243441	2.908911
119.2	13.379652	2.863781	16.243433	2.940714
119.3	14.512031	1.731396	16.243427	2.979444
119.4	14.161326	2.082103	16.243429	3.029906
119.5	12.675892	3.567547	16.243439	3.094413
119.6	11.323725	4.919720	16.243445	3.172928
119.7	10.968968	5.274474	16.243442	3.264880
119.8	11.356840	4.886596	16.243436	3.369797
119.9	11.692968	4.550466	16.243433	3.485690
120	11.606240	4.637196	16.243435	3.607109
120.1	11.433290	4.810149	16.243438	3.725479
120.2	11.690482	4.552957	16.243439	3.832356
120.3	12.437130	3.806305	16.243436	3.923649
120.4	13.174887	3.068545	16.243432	4.001869
120.5	13.298003	2.945429	16.243432	4.074831
120.6	12.704367	3.539068	16.243436	4.151800
120.7	11.891587	4.351853	16.243440	4.239836
120.8	11.437276	4.806165	16.243441	4.342340
120.9	11.613679	4.629762	16.243441	4.459615
121	12.369595	3.873844	16.243438	4.589970
121.1	13.313848	2.929585	16.243433	4.730308
121.2	13.695753	2.547676	16.243428	4.876178
121.3	12.889974	3.353456	16.243430	5.021695
121.4	11.242536	5.000904	16.243439	5.159721
121.5	10.079843	6.163604	16.243447	5.282460
121.6	10.449017	5.794428	16.243444	5.382470
121.7	11.974599	4.268836	16.243435	5.454054
121.8	13.253424	2.990005	16.243429	5.494690
121.9	13.341798	2.901634	16.243433	5.505824
122	12.659048	3.584392	16.243440	5.492748
122.1	12.296361	3.947081	16.243442	5.463944
122.2	12.638897	3.604540	16.243437	5.430048
122.3	13.047807	3.195624	16.243431	5.402228
122.4	12.745849	3.497582	16.243431	5.390063
122.5	11.711546	4.531891	16.243437	5.399760
122.6	10.785297	5.458147	16.243444	5.433599
122.7	10.972317	5.271128	16.243445	5.490451
122.8	12.418291	3.825146	16.243437	5.566374
122.9	13.998191	2.245236	16.243427	5.654957
123	14.294952	1.948473	16.243425	5.748094
123.1	13.120122	3.123312	16.243434	5.837793
123.2	11.720768	4.522674	16.243442	5.918706
123.3	11.371156	4.872286	16.243442	5.990340
123.4	12.092414	4.151020	16.243434	6.057740
123.5	12.846361	3.397066	16.243427	6.130010
123.6	12.592283	3.651143	16.243426	6.217085
123.7	11.075333	5.168098	16.243431	6.325651
123.8	8.961591	7.281846	16.243438	6.455389
123.9	7.240821	9.002621	16.243442	6.596905
124	6.494599	9.748843	16.243442	6.732740
124.1	6.846585	9.396857	16.243442	6.841681
124.2	8.244794	7.998646	16.243440	6.904992
124.3	10.384663	5.858773	16.243435	6.912086
124.4	12.510472	3.732957	16.243430	6.863451
124.5	13.761017	2.482411	16.243428	6.770185
124.6	13.821663	2.421768	16.243431	6.651192
124.7	13.041890	3.201544	16.243435	6.529394
124.8	11.961434	4.282003	16.243437	6.427815
124.9	11.070594	5.172847	16.243441	6.365958
125	10.950431	5.293013	16.243444	6.356731
125.1	11.896841	4.346598	16.243439	6.403956
125.2	13.183202	3.060227	16.243429	6.500681
125.3	13.487366	2.756058	16.243424	6.629353
125.4	12.278615	3.964815	16.243430	6.765060
125.5	10.427954	5.815486	16.243440	6.881575
125.6	9.446537	6.796909	16.243446	6.958239
125.7	10.105808	6.137633	16.243442	6.984912
125.8	11.698756	4.544675	16.243431	6.962967
125.9	12.723766	3.519659	16.243425	6.902430
126	12.291566	3.951862	16.243428	6.817242
126.1	10.855511	5.387926	16.243437	6.720508
126.2	9.800393	6.443052	16.243444	6.620615
126.3	10.213216	6.030226	16.243442	6.518621
126.4	11.749544	4.493888	16.243432	6.407918
126.5	12.931929	3.311496	16.243425	6.277268
126.6	12.749765	3.493664	16.243429	6.116166
126.7	11.693080	4.550359	16.243439	5.919621
126.8	11.052219	5.191225	16.243444	5.690409
126.9	11.493940	4.749501	16.243441	5.438418
127	12.594759	3.648676	16.243435	5.177779
127.1	13.500438	2.742994	16.243432	4.922957
127.2	13.692630	2.550803	16.243433	4.684945
127.3	13.246170	2.997267	16.243437	4.468494
127.4	12.657305	3.586135	16.243440	4.271288
127.5	12.452070	3.791372	16.243441	4.085971
127.6	12.781261	3.462177	16.243439	3.905018
127.7	13.270728	2.972706	16.243434	3.726626
127.8	13.327795	2.915637	16.243432	3.558238
127.9	12.740558	3.502877	16.243435	3.415046
128	11.972598	4.270842	16.243440	3.313956
128.1	11.741717	4.501724	16.243442	3.266562
128.2	12.276173	3.967265	16.243438	3.275105
128.3	13.045148	3.198284	16.243432	3.332707
128.4	13.240763	3.002667	16.243430	3.426258
128.5	12.611983	3.631451	16.243434	3.540070
128.6	11.771728	4.471711	16.243439	3.659832
128.7	11.487151	4.756288	16.243439	3.776817
128.8	11.742988	4.500445	16.243433	3.890534
128.9	11.713429	4.529999	16.243428	4.006230
129	10.853194	5.390238	16.243432	4.127207
129.1	9.747549	6.495892	16.243440	4.248345
129.2	9.509473	6.733970	16.243443	4.356312
129.3	10.519141	5.724297	16.243438	4.435563
129.4	12.034220	4.209210	16.243430	4.475610
129.5	12.925244	3.318183	16.243427	4.475546
129.6	12.627457	3.615972	16.243430	4.444209
129.7	11.518706	4.724731	16.243437	4.396782
129.8	10.591303	5.652140	16.243443	4.350182
129.9	10.704012	5.539432	16.243444	4.319603
130	11.871969	4.371468	16.243438	4.316420
130.1	13.186949	3.056482	16.243430	4.345542
130.2	13.655728	2.587701	16.243429	4.402623
130.3	13.105260	3.138173	16.243433	4.474069
130.4	12.136998	4.106440	16.243438	4.540272
130.5	11.394251	4.849188	16.243439	4.580716
130.6	11.052010	5.191427	16.243437	4.579599
130.7	10.969454	5.273981	16.243436	4.530431
130.8	10.936207	5.307226	16.243433	4.438260
130.9	10.658070	5.585362	16.243432	4.318764
131	10.106853	6.136583	16.243436	4.194410
131.1	9.966595	6.276847	16.243442	4.088900
131.2	11.050137	5.193304	16.243441	4.021524
131.3	13.066040	3.177391	16.243431	4.002321
131.4	14.503417	1.740006	16.243423	4.028985
131.5	14.094783	2.148643	16.243426	4.087238
131.6	12.235232	4.008207	16.243439	4.155424
131.7	10.790148	5.453302	16.243450	4.211766
131.8	11.284763	4.958684	16.243446	4.241269
131.9	13.205388	3.038043	16.243431	4.239754
132	14.457665	1.785754	16.243420	4.213971
132.1	13.483947	2.759476	16.243422	4.178263
132.2	10.749950	5.493487	16.243437	4.149216
132.3	8.321913	7.921536	16.243449	4.140474
132.4	8.042928	8.200521	16.243449	4.159581
132.5	9.900225	6.343211	16.243436	4.206920
132.6	12.050823	4.192599	16.243423	4.275440
132.7	12.603859	3.639563	16.243422	4.351088
132.8	11.466372	4.777062	16.243434	4.415318
132.9	10.281223	5.962221	16.243445	4.449758
133	10.453144	5.790298	16.243442	4.441155
133.1	11.703956	4.539478	16.243434	4.384507
133.2	12.855624	3.387806	16.243430	4.283729
133.3	13.229532	3.013900	16.243432	4.150362
133.4	12.926716	3.316719	16.243434	4.000867
133.5	12.283737	3.959699	16.243436	3.852918
133.6	11.564783	4.678655	16.243437	3.721180
133.7	11.061928	5.181511	16.243439	3.613423
133.8	11.060015	5.183424	16.243439	3.528384
133.9	11.549770	4.693665	16.243435	3.457291
134	12.122831	4.120601	16.243432	3.389331
134.1	12.352699	3.890733	16.243431	3.316879
134.2	12.136362	4.107070	16.243433	3.236473
134.3	11.542337	4.701097	16.243434	3.147197
134.4	10.690602	5.552834	16.243436	3.050050
134.5	9.958063	6.285377	16.243440	2.949245
134.6	9.861955	6.381486	16.243440	2.853752
134.7	10.532162	5.711275	16.243437	2.776347
134.8	11.456728	4.786703	16.243430	2.728509
134.9	11.758074	4.485352	16.243425	2.712933
135	10.815597	5.427830	16.243427	2.719168
135.1	9.006182	7.237255	16.243437	2.727113
135.2	7.859790	8.383658	16.243448	2.717176
135.3	8.862028	7.381419	16.243447	2.680626
135.4	11.792976	4.450457	16.243433	2.623254
135.5	14.592882	1.650538	16.243420	2.560661
135.6	15.179360	1.064059	16.243419	2.509431
135.7	13.391049	2.852383	16.243432	2.479951
135.8	11.048783	5.194662	16.243445	2.474790
135.9	10.135829	6.107618	16.243447	2.492228
136	10.978850	5.264586	16.243436	2.530410
136.1	12.176698	4.066728	16.243425	2.588259
136.2	12.212729	4.030695	16.243425	2.663751
136.3	10.968013	5.275420	16.243433	2.753131
136.4	9.627005	6.616436	16.243441	2.853319
136.5	9.335642	6.907799	16.243441	2.965449
136.6	10.091197	6.152238	16.243435	3.094450
136.7	11.066572	5.176861	16.243432	3.242974
136.8	11.793739	4.449694	16.243433	3.405341
136.9	12.303639	3.939792	16.243431	3.567446
137	12.264761	3.978665	16.243427	3.712067
137.1	11.229348	5.014083	16.243430	3.825502
137.2	9.842705	6.400736	16.243441	3.902253
137.3	9.603723	6.639721	16.243443	3.946486
137.4	10.962100	5.281332	16.243432	3.970577
137.5	12.372205	3.871212	16.243417	3.991866
137.6	11.846198	4.397219	16.243417	4.028787
137.7	9.418003	6.825431	16.243434	4.097106
137.8	7.446402	8.797048	16.243449	4.206601
137.9	8.055055	8.188390	16.243446	4.358747
138	10.661225	5.582203	16.243428	4.546205
138.1	12.717904	3.525515	16.243419	4.754362
138.2	12.751716	3.491710	16.243426	4.964568
138.3	11.701630	4.541807	16.243437	5.158492
138.4	11.060047	5.183388	16.243436	5.322562
138.5	10.858074	5.385354	16.243429	5.450942
138.6	10.282819	5.960609	16.243428	5.545783
138.7	9.365196	6.878240	16.243436	5.614691
138.8	9.165042	7.078400	16.243442	5.666715
138.9	10.405108	5.838330	16.243438	5.708717
139	12.351245	3.892183	16.243428	5.743410
139.1	13.452177	2.791249	16.243426	5.769312
139.2	13.207355	3.036080	16.243436	5.782449
139.3	12.649394	3.594048	16.243443	5.779365
139.4	12.702008	3.541431	16.243439	5.760426
139.5	13.051035	3.192395	16.243430	5.731856
139.6	12.656384	3.587043	16.243427	5.704962
139.7	11.296318	4.947115	16.243433	5.692205
139.8	9.933012	6.310427	16.243439	5.701971
139.9	9.446550	6.796888	16.243438	5.735276
140	9.789964	6.453472	16.243436	5.786477
140.1	10.533635	5.709802	16.243437	5.846272
140.2	11.585651	4.657786	16.243437	5.903856
140.3	12.800989	3.442442	16.243432	5.948080
140.4	13.380349	2.863078	16.243426	5.969154
140.5	12.678748	3.564682	16.243430	5.961103
140.6	11.302469	4.940970	16.243439	5.923927
140.7	10.624399	5.619044	16.243444	5.864303
140.8	11.307061	4.936377	16.243438	5.794234
140.9	12.558255	3.685173	16.243428	5.727811
141	12.941897	3.301528	16.243425	5.677127
141.1	12.005353	4.238081	16.243433	5.648875
141.2	10.890836	5.352608	16.243444	5.643011
141.3	10.989221	5.254222	16.243443	5.653945
141.4	12.136397	4.107034	16.243431	5.673015
141.5	12.731412	3.512011	16.243423	5.690208
141.6	11.724634	4.518794	16.243428	5.694787
141.7	9.867897	6.375543	16.243439	5.676289
141.8	8.810464	7.432980	16.243444	5.626639
141.9	9.334031	6.909409	16.243439	5.542528
142	10.737014	5.506417	16.243431	5.426566
142.1	11.796973	4.446456	16.243429	5.286389
142.2	12.018257	4.225176	16.243433	5.132130
142.3	11.817736	4.425701	16.243437	4.973521
142.4	11.769651	4.473787	16.243439	4.817840
142.5	12.060233	4.183205	16.243439	4.669164
142.6	12.601412	3.642026	16.243438	4.528575
142.7	13.241132	3.002305	16.243437	4.394747
142.8	13.732170	2.511264	16.243435	4.264644
142.9	13.699656	2.543777	16.243432	4.134354
143	12.866350	3.377083	16.243433	3.999988
143.1	11.483413	4.760026	16.243438	3.858501
143.2	10.418940	5.824503	16.243443	3.708403
143.3	10.525130	5.718314	16.243443	3.550246
143.4	11.811272	4.432164	16.243437	3.386663
143.5	13.292005	2.951424	16.243429	3.221663
143.6	13.793035	2.450392	16.243428	3.059200
143.7	13.021050	3.222385	16.243435	2.901524
143.8	11.809485	4.433958	16.243443	2.748283
143.9	11.225269	5.018175	16.243444	2.597123
144	11.536923	4.706516	16.243440	2.445631
144.1	12.193439	4.049996	16.243435	2.293534
144.2	12.546051	3.697382	16.243433	2.144202
144.3	12.391851	3.851584	16.243435	2.005491
144.4	12.037080	4.206359	16.243438	1.890511
144.5	11.977001	4.266439	16.243440	1.817684
144.6	12.370364	3.873073	16.243437	1.807283
144.7	12.858438	3.384997	16.243435	1.873040
144.8	13.085615	3.157821	16.243436	2.014497
144.9	13.069146	3.174291	16.243437	2.218243
145	12.874536	3.368900	16.243436	2.466127
145.1	12.473911	3.769526	16.243437	2.742370
145.2	12.058988	4.184451	16.243439	3.036456
145.3	12.025074	4.218366	16.243440	3.342686
145.4	12.441066	3.802369	16.243435	3.657457
145.5	12.753209	3.490222	16.243431	3.976186
145.6	12.312182	3.931249	16.243431	4.292045
145.7	11.242759	5.000680	16.243439	4.596888
145.8	10.610458	5.632988	16.243446	4.883013
145.9	11.393639	4.849804	16.243443	5.144253
146	13.136112	3.107319	16.243431	5.375999
146.1	14.123521	2.119901	16.243422	5.575039
146.2	13.224709	3.018719	16.243427	5.740178
146.3	11.182304	5.061137	16.243440	5.873437
146.4	9.861735	6.381713	16.243448	5.980478
146.5	10.322954	5.920488	16.243443	6.069233
146.6	11.794048	4.449383	16.243431	6.147179
146.7	12.613286	3.630140	16.243426	6.218845
146.8	12.042961	4.200471	16.243432	6.284478
146.9	10.924214	5.319226	16.243440	6.339821
147	10.546301	5.697141	16.243442	6.377160
147.1	11.194207	5.049228	16.243435	6.387879
147.2	11.992053	4.251375	16.243428	6.365456
147.3	11.989477	4.253951	16.243428	6.307147
147.4	11.181495	5.061940	16.243434	6.214014
147.5	10.426928	5.816512	16.243440	6.090233
147.6	10.499806	5.743634	16.243440	5.942559
147.7	11.363885	4.879551	16.243436	5.780051
147.8	12.351744	3.891690	16.243434	5.613434
147.9	12.928259	3.315176	16.243435	5.453435
148	13.175178	3.068260	16.243438	5.308359
148.1	13.401087	2.842350	16.243437	5.182435
148.2	13.493732	2.749702	16.243434	5.076380
148.3	13.096766	3.146668	16.243433	4.989466
148.4	12.228919	4.014516	16.243435	4.920769
148.5	11.330242	4.913195	16.243437	4.868973
148.6	10.764658	5.478778	16.243436	4.831974
148.7	10.479373	5.764060	16.243434	4.807048
148.8	10.189773	6.053660	16.243433	4.791329
148.9	9.851072	6.392363	16.243436	4.782067
149	9.829603	6.413836	16.243439	4.776641
149.1	10.492823	5.750615	16.243438	4.772660
149.2	11.720610	4.522825	16.243434	4.768373
149.3	12.901390	3.342040	16.243430	4.762968
149.4	13.318304	2.925124	16.243428	4.756059
149.5	12.721588	3.521845	16.243432	4.746428
149.6	11.768548	4.474892	16.243440	4.731490
149.7	11.539009	4.704433	16.243441	4.708769
149.8	12.239408	4.004026	16.243433	4.678339
149.9	12.862946	3.380480	16.243426	4.643865
150	12.370485	3.872941	16.243426	4.611306
150.1	10.886202	5.357233	16.243435	4.586458
150.2	9.615443	6.627998	16.243442	4.572729
150.3	9.585780	6.657660	16.243440	4.569132
150.4	10.570569	5.672861	16.243430	4.568231
150.5	11.279841	4.963581	16.243423	4.555769
150.6	10.809886	5.433541	16.243427	4.514416
150.7	9.857046	6.386392	16.243438	4.431209
150.8	9.939806	6.303635	16.243441	4.304677
150.9	11.439554	4.803878	16.243432	4.147113
151	13.024011	3.219412	16.243422	3.980060
151.1	13.175884	3.067539	16.243423	3.825316
151.2	11.924341	4.319095	16.243436	3.697336
151.3	10.909516	5.333930	16.243446	3.601728
151.4	11.410137	4.833301	16.243438	3.538072
151.5	12.394619	3.848802	16.243421	3.502227
151.6	11.762800	4.480619	16.243419	3.487171
151.7	9.338002	6.905432	16.243434	3.483719
151.8	7.334950	8.908497	16.243447	3.481755
151.9	7.713890	8.529553	16.243443	3.472100
152	9.849988	6.393438	16.243426	3.448633
152.1	11.366812	4.876607	16.243418	3.410058
152.2	11.008166	5.235262	16.243428	3.360948
152.3	10.007807	6.235636	16.243443	3.311935
152.4	10.375629	5.867816	16.243446	3.278834
152.5	12.302792	3.940640	16.243432	3.279831
152.6	13.892852	2.350569	16.243420	3.329614
152.7	13.482899	2.760525	16.243424	3.431401
152.8	11.625542	4.617896	16.243438	3.571723
152.9	10.271951	5.971494	16.243444	3.722932
153	10.389481	5.853957	16.243438	3.852671
153.1	11.102309	5.141119	16.243428	3.934730
153.2	11.035376	5.208051	16.243426	3.956279
153.3	9.950940	6.292495	16.243434	3.919574
153.4	8.931471	7.311972	16.243443	3.838853
153.5	9.159159	7.084285	16.243444	3.734438
153.6	10.724853	5.518583	16.243437	3.626371
153.7	12.514008	3.729419	16.243428	3.529249
153.8	13.175035	3.068392	16.243427	3.449006
153.9	12.516841	3.726596	16.243437	3.382182
154	11.834261	4.409185	16.243446	3.318271
154.1	12.200773	4.042668	16.243441	3.244378
154.2	13.054888	3.188545	16.243433	3.149881
154.3	13.358941	2.884491	16.243432	3.029137
154.4	12.959274	3.284162	16.243436	2.881787
154.5	12.491193	3.752247	16.243440	2.711591
154.6	12.432455	3.810982	16.243437	2.525235
154.7	12.467333	3.776100	16.243433	2.331487
154.8	12.010709	4.232725	16.243434	2.139037
154.9	11.313925	4.929517	16.243442	1.952439
155	11.460032	4.783412	16.243445	1.769648
155.1	12.761087	3.482348	16.243435	1.584867
155.2	13.964752	2.278674	16.243426	1.394710
155.3	13.692606	2.550820	16.243426	1.201710
155.4	11.957660	4.285775	16.243435	1.013557
155.5	10.086941	6.156503	16.243444	0.841568
155.6	9.491087	6.752359	16.243446	0.698758
155.7	10.486768	5.756671	16.243440	0.594562
155.8	12.114330	4.129101	16.243431	0.528487
155.9	13.073572	3.169857	16.243428	0.490381
156	12.873288	3.370145	16.243433	0.468371
156.1	12.148618	4.094822	16.243441	0.454926
156.2	11.979751	4.263693	16.243444	0.445938
156.3	12.720751	3.522686	16.243437	0.436796
156.4	13.375516	2.867911	16.243428	0.421309
156.5	12.739805	3.503623	16.243428	0.397997
156.6	10.972369	5.271069	16.243438	0.383592
156.7	9.442642	6.800803	16.243445	0.414309
156.8	9.376561	6.866885	16.243446	0.504305
156.9	10.868900	5.374539	16.243438	0.622827
157	12.859142	3.384288	16.243429	0.730340
157.1	13.987110	2.256317	16.243427	0.801810
157.2	13.702226	2.541206	16.243432	0.829191
157.3	12.627510	3.615930	16.243440	0.818358
157.4	11.852179	4.391266	16.243445	0.784024
157.5	11.973379	4.270064	16.243443	0.743872
157.6	12.774271	3.469168	16.243438	0.713876
157.7	13.587190	2.656245	16.243435	0.706515
157.8	13.885149	2.358284	16.243434	0.730861
157.9	13.554635	2.688799	16.243434	0.791722
158	12.762517	3.480918	16.243435	0.887926
158.1	11.799252	4.444186	16.243437	1.012463
158.2	10.979717	5.263721	16.243438	1.154631
158.3	10.463715	5.779724	16.243438	1.302248
158.4	10.222359	6.021079	16.243438	1.443279
158.5	10.274593	5.968846	16.243439	1.567353
158.6	10.716228	5.527210	16.243438	1.667425
158.7	11.378961	4.864472	16.243434	1.741277
158.8	11.735460	4.507971	16.243430	1.792245
158.9	11.450552	4.792881	16.243433	1.828587
159	10.976197	5.267243	16.243439	1.861180
159.1	11.203865	5.039576	16.243441	1.899904
159.2	12.307653	3.935782	16.243435	1.949967
159.3	13.398862	2.844568	16.243429	2.009985
159.4	13.681648	2.561785	16.243432	2.073078
159.5	13.369239	2.874198	16.243437	2.130407
159.6	13.045135	3.198303	16.243438	2.174708
159.7	12.778647	3.464789	16.243436	2.202089
159.8	12.397575	3.845862	16.243437	2.212657
159.9	12.056051	4.187390	16.243441	2.210961
160	12.232671	4.010772	16.243443	2.205992
160.1	13.162587	3.080852	16.243439	2.209567
160.2	14.248735	1.994696	16.243432	2.232462
160.3	14.429895	1.813534	16.243429	2.279612
160.4	13.420463	2.822973	16.243436	2.347576
160.5	12.193634	4.049810	16.243444	2.426645
160.6	11.904436	4.339007	16.243443	2.506476
160.7	12.537714	3.705721	16.243435	2.581667
160.8	13.004304	3.239125	16.243429	2.654363
160.9	12.474368	3.769063	16.243431	2.733470
161	11.223880	5.019558	16.243438	2.831711
161.1	10.226217	6.017227	16.243443	2.961761
161.2	10.217293	6.026150	16.243443	3.132318
161.3	11.166349	5.077090	16.243439	3.345171
161.4	12.452805	3.790629	16.243434	3.594408
161.5	13.388384	2.855047	16.243431	3.868072
161.6	13.577295	2.666136	16.243432	4.151527
161.7	13.053861	3.189574	16.243435	4.431374
161.8	12.287048	3.956390	16.243439	4.698937
161.9	11.778789	4.464650	16.243439	4.952360
162	11.588877	4.654560	16.243437	5.196242
162.1	11.571684	4.671754	16.243438	5.438493
162.2	11.786749	4.456689	16.243438	5.685925
162.3	12.269849	3.973586	16.243435	5.940888
162.4	12.621752	3.621678	16.243430	6.200217
162.5	12.262712	3.980717	16.243430	6.456368
162.6	11.227047	5.016388	16.243435	6.699964
162.7	10.397598	5.845844	16.243441	6.922722
162.8	10.639021	5.604419	16.243440	7.119838
162.9	11.750210	4.493223	16.243433	7.291153
163	12.539375	3.704053	16.243428	7.440779
163.1	12.152324	4.091109	16.243433	7.575253
163.2	11.189307	5.054137	16.243444	7.700634
163.3	11.111677	5.131770	16.243447	7.819450
163.4	12.368132	3.875305	16.243436	7.928884
163.5	13.582176	2.661247	16.243423	8.021135
163.6	13.001159	3.242262	16.243422	8.085655
163.7	10.527313	5.716122	16.243435	8.112175
163.8	8.094310	8.149140	16.243450	8.093653
163.9	7.843441	8.400010	16.243451	8.028569
164	9.954402	6.289036	16.243438	7.922070
164.1	12.525890	3.717534	16.243425	7.785548
164.2	13.611522	2.631902	16.243424	7.634452
164.3	13.057994	3.185441	16.243435	7.484552
164.4	12.246108	3.997336	16.243443	7.347655
164.5	12.374786	3.868656	16.243442	7.228869
164.6	13.200372	3.043060	16.243433	7.127253
164.7	13.492184	2.751244	16.243428	7.038613
164.8	12.695445	3.547989	16.243434	6.957521
164.9	11.663585	4.579857	16.243442	6.877954
165	11.509228	4.734212	16.243441	6.793612
165.1	12.115198	4.128235	16.243433	6.698345
165.2	12.419021	3.824408	16.243430	6.586540
165.3	12.018014	4.225421	16.243435	6.453392
165.4	11.650485	4.592957	16.243441	6.295220
165.5	12.061112	4.182328	16.243440	6.110050
165.6	13.040720	3.202714	16.243434	5.898831
165.7	13.723988	2.519442	16.243430	5.667353
165.8	13.468616	2.774816	16.243432	5.427559
165.9	12.537485	3.705955	16.243440	5.196033
166	11.933346	4.310098	16.243443	4.989463
166.1	12.143667	4.099771	16.243438	4.819278
166.2	12.556730	3.686703	16.243433	4.688022
166.3	12.497546	3.745888	16.243434	4.588792
166.4	12.109068	4.134371	16.243438	4.507703
166.5	12.007602	4.235838	16.243440	4.428265
166.6	12.391922	3.851515	16.243436	4.335955
166.7	12.751763	3.491670	16.243432	4.221563
166.8	12.524836	3.718598	16.243433	4.082867
166.9	11.884705	4.358734	16.243439	3.924992
167	11.613661	4.629781	16.243442	3.759556
167.1	12.191341	4.052099	16.243439	3.602124
167.2	13.239154	3.004280	16.243433	3.468052
167.3	13.873372	2.370057	16.243430	3.368031
167.4	13.540822	2.702610	16.243432	3.304995
167.5	12.612497	3.630943	16.243440	3.273403
167.6	12.075810	4.167634	16.243444	3.260989
167.7	12.487830	3.755610	16.243440	3.252388
167.8	13.315434	2.927999	16.243433	3.233473
167.9	13.524319	2.719111	16.243430	3.194912
168	12.812172	3.431264	16.243436	3.133877
168.1	11.966019	4.277422	16.243442	3.053868
168.2	11.847610	4.395831	16.243440	2.963419
168.3	12.278586	3.964847	16.243432	2.874310
168.4	12.212285	4.031143	16.243428	2.799649
168.5	11.066269	5.177165	16.243434	2.751950
168.6	9.717367	6.526079	16.243445	2.740926
168.7	9.737444	6.506004	16.243448	2.770569
168.8	11.381485	4.861951	16.243436	2.836234
168.9	13.039471	3.203954	16.243425	2.924086
169	13.220768	3.022659	16.243427	3.014567
169.1	12.132471	4.110965	16.243435	3.088768
169.2	11.022994	5.220447	16.243441	3.134595
169.3	10.758842	5.484598	16.243440	3.149914
169.4	11.237145	5.006291	16.243436	3.141676
169.5	11.856987	4.386446	16.243434	3.122363
169.6	12.277395	3.966040	16.243434	3.106040
169.7	12.565176	3.678259	16.243435	3.105266
169.8	12.785010	3.458424	16.243434	3.128588
169.9	12.765666	3.477766	16.243432	3.178088
170	12.294556	3.948877	16.243433	3.247812
170.1	11.439354	4.804082	16.243436	3.325044
170.2	10.728448	5.514993	16.243441	3.395147
170.3	10.849484	5.393957	16.243441	3.447843
170.4	11.830767	4.412668	16.243435	3.481474
170.5	12.814439	3.428990	16.243428	3.503533
170.6	12.902647	3.340781	16.243428	3.527995
170.7	12.068623	4.174812	16.243435	3.570782
170.8	11.233125	5.010317	16.243442	3.645114
170.9	11.350711	4.892732	16.243442	3.758443
171	12.433721	3.809716	16.243437	3.911184
171.1	13.642933	2.600499	16.243432	4.096070
171.2	14.200304	2.043126	16.243431	4.298316
171.3	13.850333	2.393098	16.243431	4.498438
171.4	12.633507	3.609925	16.243432	4.677373
171.5	10.944039	5.299399	16.243439	4.820668
171.6	9.738499	6.504946	16.243445	4.920245
171.7	9.921431	6.322014	16.243445	4.975057
171.8	11.446165	4.797273	16.243438	4.991325
171.9	13.299322	2.944108	16.243431	4.981693
172	14.317041	1.926387	16.243428	4.962918
172.1	14.033482	2.209949	16.243431	4.952551
172.2	12.891989	3.351449	16.243438	4.965262
172.3	11.789891	4.453551	16.243443	5.009377
172.4	11.443465	4.799978	16.243443	5.084459
172.5	12.008493	4.234948	16.243440	5.180959
172.6	13.008740	3.234694	16.243434	5.282092
172.7	13.573709	2.669720	16.243429	5.367404
172.8	13.165251	3.078181	16.243432	5.417574
172.9	12.232705	4.010734	16.243439	5.419795
173	11.753011	4.490430	16.243441	5.372248
173.1	12.042708	4.200730	16.243437	5.286021
173.2	12.493017	3.750418	16.243435	5.183473
173.3	12.635213	3.608225	16.243438	5.092615
173.4	12.824483	3.418958	16.243441	5.037359
173.5	13.496644	2.746795	16.243439	5.026557
173.6	14.316711	1.926722	16.243433	5.049389
173.7	14.414210	1.829220	16.243429	5.080098
173.8	13.352054	2.891380	16.243434	5.087420
173.9	11.807966	4.435477	16.243443	5.044265
174	11.133839	5.109609	16.243448	4.935217
174.1	12.070578	4.172864	16.243442	4.760440
174.2	13.874425	2.369006	16.243431	4.535518
174.3	14.851110	1.392314	16.243424	4.287469
174.4	13.964869	2.278560	16.243429	4.047567
174.5	11.908974	4.334467	16.243441	3.842356
174.6	10.385790	5.857658	16.243448	3.685908
174.7	10.442530	5.800915	16.243445	3.578039
174.8	11.712308	4.531129	16.243437	3.510660
174.9	13.021403	3.222027	16.243430	3.476051
175	13.402082	2.841347	16.243429	3.469454
175.1	12.716537	3.526897	16.243434	3.486786
175.2	11.678442	4.564999	16.243441	3.522405
175.3	11.282611	4.960834	16.243444	3.569371
175.4	11.970814	4.272627	16.243441	3.621431
175.5	13.236670	3.006766	16.243435	3.674613
175.6	14.107631	2.135801	16.243432	3.726876
175.7	14.049557	2.193877	16.243434	3.775898
175.8	13.396855	2.846585	16.243439	3.816733
175.9	12.919920	3.323521	16.243441	3.841975
176	12.915494	3.327943	16.243437	3.846564
176.1	12.806609	3.436822	16.243431	3.835798
176.2	11.965731	4.277702	16.243433	3.828912
176.3	10.782832	5.460609	16.243441	3.852537
176.4	10.412840	5.830605	16.243445	3.929215
176.5	11.463366	4.780075	16.243440	4.069577
176.6	13.212829	3.030601	16.243431	4.271242
176.7	14.210182	2.033244	16.243426	4.522264
176.8	13.638132	2.605298	16.243431	4.806099
176.9	12.139301	4.104141	16.243442	5.106843
177	11.198798	5.044649	16.243448	5.414235
177.1	11.590612	4.652831	16.243442	5.726743
177.2	12.615026	3.628407	16.243433	6.050412
177.3	13.029917	3.213513	16.243430	6.393415
177.4	12.510747	3.732689	16.243436	6.759960
177.5	11.926989	4.316453	16.243442	7.147427
177.6	12.202045	4.041396	16.243441	7.547422
177.7	13.139302	3.104131	16.243433	7.948999
177.8	13.620949	2.622480	16.243429	8.342183
177.9	12.974977	3.268458	16.243434	8.720846
178	11.860716	4.382728	16.243444	9.084268
178.1	11.515606	4.727840	16.243446	9.435893
178.2	12.270847	3.972593	16.243439	9.778277
178.3	13.208823	3.034608	16.243431	10.107425
178.4	13.160474	3.082954	16.243428	10.411500
178.5	11.838632	4.404803	16.243434	10.674523
178.6	10.208503	6.034941	16.243444	10.882460
178.7	9.700792	6.542655	16.243447	11.028996
178.8	10.836006	5.407435	16.243441	11.118887
178.9	12.738899	3.504534	16.243432	11.167756
179	14.082024	2.161405	16.243429	11.198561
179.1	14.269270	1.974163	16.243433	11.236283
179.2	13.705170	2.538269	16.243439	11.302656
179.3	13.207682	3.035760	16.243443	11.411822
179.4	13.214045	3.029396	16.243441	11.566331
179.5	13.482911	2.760526	16.243437	11.754090
179.6	13.519915	2.723519	16.243435	11.949943
179.7	13.085881	3.157553	16.243435	12.122959
179.8	12.293201	3.950236	16.243436	12.245407
179.9	11.452883	4.790555	16.243438	12.299624
180	10.869526	5.373913	16.243439	12.281345
180.1	10.671235	5.572204	16.243439	12.199344
180.2	10.789366	5.454072	16.243438	12.071962
180.3	11.107059	5.136379	16.243438	11.921782
180.4	11.598777	4.644662	16.243439	11.770206
180.5	12.274009	3.969429	16.243438	11.633481
180.6	13.000696	3.242741	16.243436	11.520544
180.7	13.452201	2.791232	16.243433	11.431984
180.8	13.240585	3.002847	16.243432	11.360439
180.9	12.251792	3.991642	16.243434	11.293725
181	10.948842	5.294598	16.243439	11.219623
181.1	10.160798	6.082645	16.243443	11.129534
181.2	10.434836	5.808605	16.243442	11.019992
181.3	11.557241	4.686195	16.243436	10.892396
181.4	12.715525	3.527907	16.243432	10.751584
181.5	13.196854	3.046578	16.243432	10.603792
181.6	13.005893	3.237544	16.243437	10.454464
181.7	12.781220	3.462221	16.243441	10.306419
181.8	13.049599	3.193840	16.243440	10.159130
181.9	13.597599	2.645835	16.243434	10.009618
182	13.712025	2.531407	16.243432	9.854519
182.1	13.063591	3.179843	16.243435	9.692133
182.2	12.151450	4.091990	16.243440	9.523413
182.3	11.745759	4.497681	16.243441	9.351374
182.4	12.028466	4.214971	16.243437	9.179169
182.5	12.463743	3.779690	16.243433	9.007931
182.6	12.498046	3.745388	16.243434	8.835818
182.7	12.235524	4.007915	16.243439	8.658769
182.8	12.305266	3.938176	16.243442	8.472464
182.9	13.058486	3.184953	16.243439	8.275089
183	14.035883	2.207550	16.243433	8.070039
183.1	14.373467	1.869963	16.243430	7.866204
183.2	13.695789	2.547644	16.243433	7.674989
183.3	12.538340	3.705099	16.243439	7.506325
183.4	11.824516	4.418925	16.243441	7.365945
183.5	11.904221	4.339216	16.243437	7.254485
183.6	12.231692	4.011740	16.243432	7.167912
183.7	12.144918	4.098516	16.243434	7.098797
183.8	11.769714	4.473725	16.243439	7.038327
183.9	11.691527	4.551912	16.243440	6.978900
184	12.008877	4.234560	16.243438	6.916631
184.1	12.433418	3.810019	16.243437	6.852859
184.2	12.794936	3.448501	16.243436	6.793409
184.3	12.947485	3.295950	16.243435	6.744757
184.4	12.748564	3.494872	16.243436	6.708858
184.5	12.323225	3.920212	16.243437	6.680216
184.6	11.948541	4.294896	16.243437	6.646926
184.7	11.707055	4.536380	16.243435	6.594704
184.8	11.509159	4.734276	16.243435	6.511712
184.9	11.374180	4.869258	16.243437	6.392406
185	11.546486	4.696954	16.243439	6.239555
185.1	12.242211	4.001228	16.243439	6.064400
185.2	13.275846	2.967591	16.243437	5.885187
185.3	14.162977	2.080459	16.243436	5.724073
185.4	14.642169	1.601268	16.243437	5.601698
185.5	14.677187	1.566248	16.243435	5.529001
185.6	14.085742	2.157691	16.243433	5.500346
185.7	12.843352	3.400084	16.243436	5.494626
185.8	11.469933	4.773506	16.243439	5.483226
185.9	10.617278	5.626161	16.243440	5.438965
186	10.441050	5.802387	16.243437	5.342982
186.1	10.661641	5.581795	16.243436	5.188772
186.2	11.129880	5.113558	16.243438	4.983223
186.3	11.961149	4.282290	16.243438	4.745020
186.4	13.057656	3.185780	16.243436	4.500781
186.5	13.924405	2.319029	16.243434	4.278888
186.6	14.217804	2.025633	16.243436	4.101278
186.7	14.099064	2.144373	16.243437	3.976341
186.8	13.768091	2.475344	16.243435	3.898542
186.9	13.043372	3.200060	16.243432	3.854683
187	11.688057	4.555376	16.243433	3.829267
187.1	10.014496	6.228943	16.243439	3.806559
187.2	9.003136	7.240310	16.243445	3.772983
187.3	9.591664	6.651781	16.243445	3.720886
187.4	11.691601	4.551836	16.243437	3.651178
187.5	13.995402	2.248025	16.243427	3.572302
187.6	14.977154	1.266271	16.243425	3.495251
187.7	14.241177	2.002257	16.243434	3.427018
187.8	12.855331	3.388113	16.243444	3.366139
187.9	12.241280	4.002167	16.243447	3.302902
188	12.813518	3.429923	16.243440	3.224582
188.1	13.736960	2.506471	16.243431	3.123678
188.2	13.768474	2.474952	16.243426	3.003585
188.3	12.445885	3.797547	16.243432	2.876834
188.4	10.689459	5.553983	16.243442	2.758153
188.5	10.059538	6.183909	16.243447	2.658164
188.6	11.239088	5.004353	16.243441	2.581503
188.7	13.322503	2.920928	16.243431	2.529046
188.8	14.670040	1.573386	16.243426	2.500909
188.9	14.442720	1.800711	16.243432	2.497251
189	13.289569	2.953872	16.243441	2.516766
189.1	12.510977	3.732468	16.243445	2.555026
189.2	12.713017	3.530423	16.243440	2.604573
189.3	13.340626	2.902806	16.243431	2.656737
189.4	13.277796	2.965631	16.243427	2.703768
189.5	12.059861	4.183571	16.243432	2.740197
189.6	10.511367	5.732074	16.243441	2.763460
189.7	9.918610	6.324833	16.243443	2.774273
189.8	10.636226	5.607211	16.243437	2.776702
189.9	11.763357	4.480073	16.243430	2.777328
190	12.179962	4.063468	16.243430	2.783223
190.1	11.733786	4.509651	16.243437	2.799334
190.2	11.388361	4.855082	16.243444	2.826525
190.3	12.051375	4.192065	16.243440	2.861023
190.4	13.252300	2.991129	16.243429	2.895357
190.5	13.576330	2.667094	16.243424	2.920629
190.6	12.491264	3.752167	16.243431	2.929706
190.7	10.989499	5.253940	16.243439	2.920377
190.8	10.267654	5.975785	16.243439	2.897141
190.9	10.457796	5.785639	16.243434	2.870492
191	10.885552	5.357880	16.243432	2.853655
191.1	11.221491	5.021945	16.243436	2.858235
191.2	11.901042	4.342397	16.243439	2.891238
191.3	13.139556	3.103878	16.243433	2.954762
191.4	14.083419	2.160006	16.243426	3.047393
191.5	13.664717	2.578709	16.243426	3.165532
191.6	11.953537	4.289896	16.243433	3.303874
191.7	10.171232	6.072209	16.243442	3.455372
191.8	9.636238	6.607207	16.243445	3.611368
191.9	10.764957	5.478483	16.243440	3.762593
192	12.678684	3.564744	16.243428	3.901356
192.1	13.698632	2.544789	16.243422	4.024551
192.2	12.902218	3.341210	16.243428	4.136213
192.3	11.249506	4.993935	16.243441	4.247951
192.4	10.498060	5.745386	16.243447	4.376217
192.5	11.359621	4.883820	16.243442	4.537065
192.6	13.034090	3.209342	16.243432	4.740341
192.7	14.049472	2.193953	16.243425	4.985475
192.8	13.454733	2.788694	16.243427	5.260606
192.9	11.535695	4.707740	16.243435	5.545160
193	9.603749	6.639696	16.243444	5.814561
193.1	9.092164	7.151284	16.243448	6.045830
193.2	10.508367	5.735075	16.243441	6.223021
193.3	12.796606	3.446821	16.243427	6.340970
193.4	13.953762	2.289659	16.243420	6.405745
193.5	12.972679	3.270750	16.243429	6.431695
193.6	11.041610	5.201834	16.243444	6.437074
193.7	10.219949	6.023498	16.243447	6.440078
193.8	11.078028	5.165409	16.243437	6.455623
193.9	12.259540	3.983885	16.243426	6.492869
194	12.174869	4.068555	16.243424	6.554080
194.1	10.653837	5.589596	16.243433	6.634855
194.2	8.985849	7.257593	16.243443	6.724826
194.3	8.640779	7.602666	16.243445	6.808961
194.4	9.968395	6.275043	16.243437	6.870630
194.5	11.856024	4.387402	16.243427	6.896265
194.6	12.708723	3.534701	16.243423	6.879832
194.7	12.046069	4.197362	16.243432	6.825067
194.8	11.005516	5.237926	16.243442	6.744414
194.9	11.019036	5.224407	16.243443	6.654996
195	12.151849	4.091585	16.243434	6.573446
195.1	13.143281	3.100145	16.243426	6.512049
195.2	12.893936	3.349492	16.243428	6.477665
195.3	11.600980	4.642457	16.243437	6.472580
195.4	10.508082	5.735362	16.243444	6.495203
195.5	10.702651	5.540792	16.243443	6.539942
195.6	12.065210	4.178223	16.243433	6.597639
195.7	13.239956	3.003467	16.243424	6.657421
195.8	12.921314	3.322111	16.243425	6.709560
195.9	11.272996	4.970440	16.243436	6.748340
196	9.796173	6.447272	16.243445	6.773807
196.1	9.792923	6.450522	16.243445	6.791596
196.2	11.218674	5.024763	16.243437	6.810845
196.3	12.958535	3.284894	16.243429	6.841170
196.4	13.802882	2.440544	16.243426	6.890144
196.5	13.260509	2.982921	16.243430	6.962249
196.6	11.896332	4.347106	16.243438	7.059131
196.7	10.875010	5.368433	16.243443	7.180307
196.8	10.963493	5.279950	16.243442	7.323643
196.9	11.972033	4.271403	16.243437	7.485471
197	13.066646	3.176786	16.243432	7.660382
197.1	13.434574	2.808855	16.243429	7.840983
197.2	12.744004	3.499427	16.243430	8.018261
197.3	11.307721	4.935714	16.243435	8.182958
197.4	9.958585	6.284856	16.243441	8.327731
197.5	9.603034	6.640409	16.243443	8.449457
197.6	10.562838	5.680601	16.243439	8.550867
197.7	12.179141	4.064290	16.243430	8.640793
197.8	13.261023	2.982403	16.243426	8.732600
197.9	13.120518	3.122911	16.243429	8.841011
198	12.150807	4.092629	16.243436	8.978024
198.1	11.331539	4.911901	16.243440	9.148799
198.2	11.223175	5.020263	16.243438	9.348649
198.3	11.554291	4.689142	16.243433	9.562617
198.4	11.640879	4.602550	16.243429	9.768540
198.5	11.015200	5.228230	16.243430	9.942773
198.6	9.874925	6.368511	16.243435	10.066605
198.7	9.123185	7.120257	16.243441	10.131461
198.8	9.664114	6.579327	16.243441	10.141564
198.9	11.370597	4.872835	16.243433	10.113137
199	12.933049	3.310375	16.243425	10.069738
199.1	13.088907	3.154520	16.243427	10.034854
199.2	12.035465	4.207974	16.243439	10.024540
199.3	11.248348	4.995098	16.243446	10.042065
199.4	11.736233	4.507208	16.243441	10.075688
199.5	12.878329	3.365101	16.243430	10.102295
199.6	13.298736	2.944691	16.243427	10.096607
199.7	12.634479	3.608954	16.243434	10.040506
199.8	11.860898	4.382542	16.243439	9.928335
199.9	11.845388	4.398049	16.243436	9.767301
200	12.181715	4.061714	16.243429	9.573844
