#time	ekin		epot		etot		chain_length
0	11.210660	4.050000	15.260660	22.900000
0.1	6.226449	9.048508	15.274957	23.162928
0.2	2.049285	13.225713	15.274998	23.288199
0.3	4.416188	10.858792	15.274980	23.258358
0.4	10.741129	4.533795	15.274924	23.093185
0.5	13.160532	2.114371	15.274904	22.844434
0.6	8.774344	6.500602	15.274946	22.581217
0.7	3.506359	11.768636	15.274995	22.370538
0.8	4.291700	10.983287	15.274986	22.258980
0.9	9.891530	5.383401	15.274931	22.261160
1	12.577816	2.697088	15.274904	22.358321
1.1	8.469945	6.804995	15.274941	22.507086
1.2	2.753255	12.521738	15.274993	22.655156
1.3	2.845488	12.429505	15.274992	22.758594
1.4	8.631777	6.643163	15.274940	22.795011
1.5	12.693295	2.581610	15.274905	22.768591
1.6	10.062697	5.212234	15.274931	22.705771
1.7	4.494101	10.780882	15.274982	22.643585
1.8	3.174104	12.100886	15.274990	22.615086
1.9	7.267546	8.007402	15.274948	22.637048
2	10.879900	4.395015	15.274915	22.704154
2.1	9.354913	5.920022	15.274935	22.791429
2.2	5.397585	9.877392	15.274977	22.863763
2.3	4.934287	10.340696	15.274983	22.888885
2.4	8.757767	6.517178	15.274944	22.849109
2.5	11.490505	3.784410	15.274916	22.747700
2.6	9.108013	6.166924	15.274937	22.607749
2.7	4.568940	10.706039	15.274979	22.464111
2.8	3.876468	11.398518	15.274986	22.351344
2.9	8.020579	7.254370	15.274949	22.291909
3	11.709865	3.565052	15.274917	22.288647
3.1	10.426076	4.848856	15.274931	22.323965
3.2	6.183599	9.091372	15.274970	22.365778
3.3	4.487898	10.787084	15.274982	22.377980
3.4	7.014028	8.260926	15.274954	22.331789
3.5	9.910928	5.364000	15.274928	22.214245
3.6	9.487842	5.787096	15.274938	22.031305
3.7	7.053005	8.221960	15.274966	21.804973
3.8	6.458281	8.816689	15.274970	21.565965
3.9	8.354738	6.920209	15.274946	21.344741
4	9.456007	5.818923	15.274931	21.164046
4.1	7.598226	7.676721	15.274947	21.035193
4.2	5.085463	10.189509	15.274973	20.958756
4.3	5.456169	9.818801	15.274970	20.928612
4.4	8.370752	6.904191	15.274943	20.937130
4.5	10.030320	5.244610	15.274929	20.979097
4.6	8.555280	6.719669	15.274948	21.052711
4.7	6.568481	8.706490	15.274971	21.157403
4.8	7.213383	8.061580	15.274963	21.289673
4.9	9.367961	5.906974	15.274935	21.439095
5	9.161370	6.113560	15.274930	21.586672
5.1	5.862573	9.412385	15.274959	21.706876
5.2	3.585735	11.689249	15.274984	21.773280
5.3	5.837647	9.437320	15.274968	21.766173
5.4	10.253152	5.021775	15.274928	21.679638
5.5	11.223794	4.051124	15.274918	21.525497
5.6	7.378661	7.896293	15.274953	21.332406
5.7	3.733338	11.541650	15.274988	21.139936
5.8	5.158879	10.116096	15.274975	20.989119
5.9	9.758139	5.516792	15.274930	20.912132
6	11.279796	3.995119	15.274915	20.924143
6.1	7.578926	7.696025	15.274950	21.019735
6.2	3.684703	11.590286	15.274990	21.174909
6.3	5.094830	10.180148	15.274979	21.354020
6.4	10.227496	5.047435	15.274931	21.519539
6.5	12.355847	2.919063	15.274910	21.641829
6.6	8.603360	6.671585	15.274945	21.706206
6.7	3.876555	11.398434	15.274989	21.715541
6.8	4.320560	10.954423	15.274983	21.688005
6.9	9.093385	6.181551	15.274936	21.650964
7	11.620334	3.654579	15.274912	21.633024
7.1	8.622059	6.652885	15.274944	21.656522
7.2	4.566169	10.708818	15.274987	21.732407
7.3	5.400493	9.874487	15.274980	21.858610
7.4	10.153268	5.121664	15.274932	22.021906
7.5	12.070493	3.204416	15.274909	22.202367
7.6	7.961561	7.313385	15.274945	22.378932
7.7	2.973732	12.301262	15.274994	22.534515
7.8	3.945463	11.329525	15.274989	22.659385
7.9	10.043428	5.231505	15.274933	22.752156
8	13.435447	1.839453	15.274900	22.818367
8.1	9.473266	5.801668	15.274934	22.867282
8.2	2.961194	12.313798	15.274992	22.907866
8.3	2.060061	13.214938	15.274999	22.945120
8.4	7.762347	7.512599	15.274947	22.977792
8.5	12.771801	2.503104	15.274905	22.998170
8.6	11.121434	4.153491	15.274926	22.994157
8.7	5.705078	9.569900	15.274978	22.953244
8.8	3.938886	11.336106	15.274992	22.867401
8.9	7.711780	7.563169	15.274950	22.737572
9	11.165842	4.109070	15.274912	22.576311
9.1	9.003222	6.271709	15.274930	22.407442
9.2	3.837061	11.437920	15.274980	22.262296
9.3	2.655210	12.619783	15.274994	22.173019
9.4	7.331314	7.943639	15.274952	22.164419
9.5	12.054756	3.220155	15.274911	22.246458
9.6	11.037377	4.237547	15.274924	22.409673
9.7	6.032535	9.242436	15.274971	22.625186
9.8	3.707599	11.567391	15.274990	22.849867
9.9	6.706918	8.568039	15.274957	23.035715
10	10.489532	4.785388	15.274920	23.141216
10.1	9.857378	5.417551	15.274929	23.141610
10.2	5.992851	9.282118	15.274969	23.035165
10.3	4.536509	10.738476	15.274985	22.843504
10.4	7.681337	7.593618	15.274955	22.605742
10.5	11.220745	4.054176	15.274921	22.367983
10.6	10.388226	4.886703	15.274929	22.171189
10.7	6.299007	8.975960	15.274967	22.040891
10.8	4.285873	10.989110	15.274983	21.981719
10.9	6.686089	8.588869	15.274958	21.978163
11	9.990290	5.284637	15.274928	22.001060
11.1	9.916801	5.358132	15.274933	22.017535
11.2	7.119520	8.155443	15.274963	22.001088
11.3	5.812366	9.462609	15.274975	21.938671
11.4	7.679223	7.595731	15.274953	21.832729
11.5	9.738679	5.536251	15.274931	21.698001
11.6	8.869584	6.405356	15.274940	21.554681
11.7	6.285011	8.989955	15.274966	21.420731
11.8	5.629878	9.645093	15.274971	21.306247
11.9	7.661851	7.613097	15.274949	21.211860
12	9.262621	6.012311	15.274932	21.131481
12.1	8.113327	7.161619	15.274946	21.057977
12.2	6.124053	9.150917	15.274969	20.989187
12.3	6.542559	8.732408	15.274967	20.931539
12.4	8.951810	6.323130	15.274940	20.899483
12.5	9.640331	5.634597	15.274929	20.910620
12.6	7.119299	8.155654	15.274953	20.978216
12.7	4.792579	10.482401	15.274980	21.103961
12.8	6.419405	8.855564	15.274969	21.273980
12.9	10.393816	4.881115	15.274930	21.460061
13	11.228730	4.046185	15.274916	21.626195
13.1	6.934518	8.340431	15.274949	21.738533
13.2	2.337604	12.937387	15.274991	21.775476
13.3	3.253115	12.021870	15.274985	21.734361
13.4	8.831684	6.443254	15.274938	21.632293
13.5	12.392424	2.882486	15.274910	21.500632
13.6	9.970039	5.304897	15.274937	21.374962
13.7	5.330172	9.944809	15.274981	21.283963
13.8	4.744180	10.530804	15.274983	21.241128
13.9	8.559024	6.715918	15.274942	21.242244
14	10.962949	4.311966	15.274915	21.269515
14.1	8.218200	7.056741	15.274941	21.300746
14.2	4.027210	11.247775	15.274985	21.320072
14.3	4.532782	10.742203	15.274985	21.326074
14.4	9.682767	5.592172	15.274939	21.333945
14.5	12.892785	2.382122	15.274907	21.370554
14.6	9.775317	5.499617	15.274935	21.463905
14.7	4.211508	11.063477	15.274986	21.630712
14.8	3.370775	11.904217	15.274992	21.866766
14.9	8.187989	7.086957	15.274946	22.144056
15	12.114503	3.160405	15.274908	22.416339
15.1	9.920636	5.354294	15.274931	22.631941
15.2	4.731231	10.543751	15.274982	22.749853
15.3	3.772602	11.502391	15.274993	22.753797
15.4	8.530599	6.744348	15.274947	22.659280
15.5	12.624857	2.650050	15.274907	22.510842
15.6	10.343767	4.931159	15.274926	22.369833
15.7	4.390493	10.884487	15.274980	22.296284
15.8	2.398653	12.876344	15.274998	22.330482
15.9	6.849643	8.425312	15.274956	22.480126
16	11.856997	3.417913	15.274911	22.717257
16.1	11.032108	4.242813	15.274921	22.986031
16.2	5.841183	9.433789	15.274972	23.218966
16.3	3.383062	11.891932	15.274994	23.356586
16.4	6.804946	8.470013	15.274959	23.364369
16.5	11.281521	3.993396	15.274916	23.241857
16.6	10.730616	4.544306	15.274922	23.021402
16.7	5.979168	9.295800	15.274968	22.757382
16.8	3.431505	11.843485	15.274991	22.509662
16.9	6.322081	8.952880	15.274961	22.326746
17	10.498081	4.776839	15.274920	22.233819
17.1	10.234419	5.040505	15.274923	22.229012
17.2	5.958526	9.316439	15.274965	22.288298
17.3	3.473905	11.801083	15.274988	22.376621
17.4	6.037135	9.237827	15.274963	22.460932
17.5	10.173384	5.101542	15.274926	22.520588
17.6	10.655884	4.619043	15.274926	22.551787
17.7	7.523854	7.751107	15.274961	22.565107
17.8	5.588539	9.686441	15.274980	22.577702
17.9	7.488675	7.786283	15.274957	22.603543
18	10.109762	5.165165	15.274927	22.645564
18.1	9.200340	6.074592	15.274932	22.692675
18.2	5.552959	9.722008	15.274967	22.722648
18.3	4.085047	11.189937	15.274984	22.709688
18.4	7.113081	8.161877	15.274959	22.633807
18.5	11.104057	4.170868	15.274925	22.488537
18.6	11.295552	3.979374	15.274926	22.284228
18.7	7.812483	7.462475	15.274958	22.045814
18.8	5.122441	10.152536	15.274977	21.805915
18.9	5.976253	9.298709	15.274962	21.595735
19	8.262810	7.012128	15.274938	21.436862
19.1	8.645962	6.628977	15.274940	21.336594
19.2	7.315317	7.959644	15.274960	21.288045
19.3	7.114084	8.160882	15.274966	21.274548
19.4	8.775921	6.499025	15.274946	21.276450
19.5	9.598699	5.676232	15.274932	21.277692
19.6	7.623190	7.651757	15.274947	21.269936
19.7	5.050046	10.224927	15.274973	21.253092
19.8	5.484493	9.790479	15.274972	21.232558
19.9	8.639440	6.635501	15.274941	21.214737
20	10.278057	4.996867	15.274924	21.202919
20.1	8.009135	7.265811	15.274946	21.195344
20.2	4.931781	10.343198	15.274979	21.186238
20.3	5.605782	9.669194	15.274976	21.169321
20.4	9.542405	5.732533	15.274938	21.142218
20.5	11.405940	3.868976	15.274916	21.109766
20.6	8.188098	7.086845	15.274943	21.084552
20.7	3.693766	11.581219	15.274985	21.084063
20.8	3.805404	11.469581	15.274985	21.125121
20.9	8.529688	6.745253	15.274941	21.217375
21	11.677919	3.596992	15.274911	21.358123
21.1	9.014818	6.260118	15.274936	21.530432
21.2	4.063571	11.211412	15.274983	21.705542
21.3	3.544079	11.730911	15.274990	21.849152
21.4	8.346762	6.928183	15.274945	21.929984
21.5	12.219169	3.055741	15.274910	21.928210
21.6	10.121855	5.153076	15.274931	21.841364
21.7	5.061486	10.213494	15.274981	21.686039
21.8	4.062715	11.212277	15.274991	21.494870
21.9	8.590065	6.684882	15.274947	21.309604
22	12.411842	2.863066	15.274908	21.172046
22.1	9.982285	5.292642	15.274927	21.115165
22.2	4.118174	11.156807	15.274982	21.156453
22.3	2.483917	12.791082	15.274998	21.294965
22.4	7.414077	7.860878	15.274954	21.512460
22.5	12.698370	2.576538	15.274908	21.778111
22.6	11.724881	3.550038	15.274919	22.055477
22.7	6.137070	9.137903	15.274973	22.310075
22.8	3.454001	11.820995	15.274996	22.515893
22.9	6.933173	8.341785	15.274959	22.659570
23	11.343683	3.931230	15.274913	22.741526
23.1	10.268799	5.006123	15.274922	22.774024
23.2	4.970268	10.304706	15.274974	22.776768
23.3	2.771001	12.503997	15.274998	22.771133
23.4	7.107929	8.167032	15.274961	22.774437
23.5	12.677537	2.597373	15.274910	22.795641
23.6	12.269358	3.005554	15.274912	22.833545
23.7	6.217934	9.057031	15.274965	22.877976
23.8	1.957746	13.317253	15.274999	22.913664
23.9	4.405781	10.869192	15.274973	22.925738
24	9.932252	5.342672	15.274924	22.905241
24.1	11.566207	3.708709	15.274916	22.852909
24.2	8.079567	7.195388	15.274955	22.779870
24.3	4.905096	10.369889	15.274985	22.704799
24.4	6.278636	8.996330	15.274966	22.648158
24.5	9.655301	5.619628	15.274928	22.625218
24.6	9.751052	5.523874	15.274925	22.640105
24.7	6.153596	9.121366	15.274961	22.683043
24.8	3.852497	11.422488	15.274985	22.732075
24.9	6.163508	9.111455	15.274963	22.759160
25	10.046332	5.228594	15.274926	22.739070
25.1	10.300845	4.974080	15.274925	22.658377
25.2	6.742219	8.532741	15.274961	22.521537
25.3	4.418432	10.856553	15.274984	22.351791
25.4	6.642584	8.632380	15.274963	22.186082
25.5	10.484436	4.790491	15.274927	22.065133
25.6	10.845022	4.429903	15.274925	22.021460
25.7	7.394692	7.880267	15.274959	22.068952
25.8	4.871358	10.403624	15.274982	22.197355
25.9	6.518048	8.756915	15.274963	22.373584
26	9.787063	5.487867	15.274931	22.549714
26.1	10.064742	5.210187	15.274928	22.675391
26.2	7.040573	8.234385	15.274959	22.710990
26.3	4.931454	10.343524	15.274978	22.637616
26.4	6.522421	8.752540	15.274961	22.461047
26.5	9.472629	5.802304	15.274933	22.208670
26.6	9.853042	5.421892	15.274933	21.920709
26.7	7.643077	7.631882	15.274959	21.638764
26.8	6.397805	8.877167	15.274972	21.395414
26.9	7.825765	7.449188	15.274952	21.207990
27	9.287360	5.987572	15.274931	21.078060
27.1	7.880881	7.394060	15.274942	20.996024
27.2	5.110087	10.164884	15.274971	20.948506
27.3	5.089184	10.185793	15.274977	20.925370
27.4	8.534594	6.740353	15.274947	20.923590
27.5	11.197005	4.077915	15.274921	20.946631
27.6	9.440907	5.834029	15.274936	20.999924
27.7	5.430181	9.844793	15.274974	21.084660
27.8	4.440613	10.834369	15.274982	21.192878
27.9	7.648488	7.626461	15.274949	21.306381
28	10.382294	4.892625	15.274919	21.400485
28.1	8.581985	6.692952	15.274937	21.451614
28.2	4.691370	10.583608	15.274978	21.446080
28.3	4.545559	10.729427	15.274986	21.386610
28.4	9.129558	6.145387	15.274945	21.293774
28.5	12.598109	2.676799	15.274908	21.201177
28.6	9.833620	5.441307	15.274928	21.145553
28.7	3.649237	11.625744	15.274981	21.154870
28.8	1.636839	13.638161	15.275000	21.238534
28.9	6.376662	8.898295	15.274958	21.383273
29	11.942670	3.332240	15.274910	21.556441
29.1	11.558176	3.716742	15.274918	21.715958
29.2	6.373431	8.901539	15.274970	21.823718
29.3	3.701727	11.573268	15.274995	21.857962
29.4	7.113495	8.161466	15.274961	21.820334
29.5	11.723344	3.551570	15.274914	21.735124
29.6	10.989208	4.285712	15.274920	21.640843
29.7	5.753083	9.521887	15.274971	21.577011
29.8	3.182198	12.092799	15.274997	21.570765
29.9	6.969226	8.305736	15.274962	21.628003
30	12.110435	3.164477	15.274911	21.732272
30.1	11.508303	3.766611	15.274914	21.851826
30.2	5.625508	9.649460	15.274969	21.952417
30.3	2.118435	13.156567	15.275003	22.011192
30.4	5.749472	9.525499	15.274970	22.026629
30.5	11.988768	3.286146	15.274914	22.020670
30.6	12.887199	2.387708	15.274907	22.031948
30.7	7.457272	7.817686	15.274958	22.102135
30.8	2.830609	12.444390	15.274999	22.259957
30.9	4.790495	10.484482	15.274977	22.508443
31	10.321825	4.953098	15.274924	22.820024
31.1	11.896442	3.378468	15.274910	23.141605
31.2	7.509314	7.765638	15.274952	23.408392
31.3	3.094667	12.180326	15.274993	23.562305
31.4	4.438524	10.836455	15.274979	23.569216
31.5	9.635689	5.639242	15.274931	23.429515
31.6	11.954469	3.320444	15.274913	23.178638
31.7	8.815097	6.459849	15.274946	22.877375
31.8	4.762910	10.512072	15.274982	22.595006
31.9	4.930941	10.344034	15.274975	22.390507
32	8.294059	6.980879	15.274938	22.297524
32.1	9.704750	5.570175	15.274925	22.317422
32.2	7.339615	7.935338	15.274952	22.422038
32.3	5.039709	10.235270	15.274980	22.564633
32.4	6.558928	8.716038	15.274966	22.695112
32.5	10.052567	5.222364	15.274931	22.774527
32.6	10.570274	4.704649	15.274923	22.784493
32.7	7.003729	8.271225	15.274954	22.729189
32.8	3.773266	11.501717	15.274983	22.630165
32.9	4.927815	10.347156	15.274971	22.516537
33	8.811125	6.463811	15.274936	22.414378
33.1	10.514908	4.760017	15.274926	22.338938
33.2	8.526926	6.748026	15.274951	22.291986
33.3	6.389577	8.885398	15.274975	22.264454
33.4	7.366022	7.908941	15.274963	22.242682
33.5	9.818134	5.456800	15.274934	22.215407
33.6	9.740517	5.534414	15.274931	22.178643
33.7	6.688671	8.586288	15.274959	22.136680
33.8	4.611643	10.663336	15.274979	22.099075
33.9	6.378903	8.896060	15.274963	22.075117
34	9.716477	5.558455	15.274932	22.068188
34.1	10.283668	4.991261	15.274929	22.072401
34.2	7.587674	7.687282	15.274957	22.072976
34.3	5.491135	9.783841	15.274976	22.050326
34.4	6.717148	8.557813	15.274961	21.986412
34.5	9.165536	6.109398	15.274934	21.871080
34.6	9.167944	6.106991	15.274935	21.706115
34.7	6.883150	8.391812	15.274962	21.505596
34.8	5.996081	9.278893	15.274974	21.292475
34.9	8.118534	7.156417	15.274951	21.092612
35	10.086062	5.188864	15.274926	20.928331
35.1	8.394176	6.880760	15.274937	20.813605
35.2	4.651959	10.623014	15.274973	20.752261
35.3	3.962875	11.312110	15.274985	20.739471
35.4	7.895959	7.378993	15.274952	20.765572
35.5	11.755092	3.519824	15.274916	20.820542
35.6	10.481524	4.793402	15.274926	20.897346
35.7	5.566298	9.708674	15.274971	20.992956
35.8	3.388947	11.886044	15.274992	21.106858
35.9	6.780607	8.494352	15.274959	21.237879
36	11.094315	4.180601	15.274916	21.380840
36.1	10.350483	4.924438	15.274922	21.524643
36.2	5.387195	9.887775	15.274970	21.652823
36.3	2.920058	12.354937	15.274995	21.746733
36.4	6.529467	8.745496	15.274963	21.790478
36.5	11.663015	3.611900	15.274915	21.776063
36.6	11.565912	3.709003	15.274915	21.707037
36.7	6.321378	8.953587	15.274964	21.599327
36.8	2.811231	12.463765	15.274996	21.478763
36.9	5.545055	9.729914	15.274969	21.375808
37	10.679917	4.595003	15.274920	21.318770
37.1	11.322406	3.952510	15.274916	21.327244
37.2	6.935934	8.339029	15.274963	21.407418
37.3	4.040575	11.234420	15.274995	21.550404
37.4	7.169478	8.105490	15.274967	21.733999
37.5	12.374437	2.900478	15.274915	21.927440
37.6	12.299203	2.975706	15.274909	22.098101
37.7	6.200960	9.074000	15.274961	22.218653
37.8	1.396511	13.878492	15.275004	22.273168
37.9	3.921508	11.353473	15.274982	22.260873
38	10.648255	4.626668	15.274923	22.196714
38.1	13.294153	1.980751	15.274903	22.108516
38.2	9.040999	6.233947	15.274946	22.031212
38.3	3.843148	11.431844	15.274993	21.999223
38.4	4.339017	10.935966	15.274984	22.038568
38.5	9.292470	5.982463	15.274934	22.160478
38.6	11.726236	3.548675	15.274911	22.358083
38.7	8.447899	6.827046	15.274944	22.607177
38.8	4.080804	11.194182	15.274986	22.871133
38.9	4.527651	10.747330	15.274981	23.108984
39	9.020333	6.254604	15.274937	23.284763
39.1	11.399255	3.875660	15.274915	23.375725
39.2	8.528024	6.746918	15.274943	23.377206
39.3	4.334429	10.940553	15.274982	23.302716
39.4	4.307489	10.967491	15.274980	23.179168
39.5	8.228913	7.046029	15.274942	23.038609
39.6	10.859545	4.415376	15.274921	22.908898
39.7	9.158624	6.116318	15.274942	22.806205
39.8	5.992887	9.282086	15.274973	22.731686
39.9	5.666757	9.608213	15.274971	22.673374
40	7.962490	7.312453	15.274942	22.612651
40.1	8.957167	6.317764	15.274931	22.533046
40.2	7.013803	8.261149	15.274953	22.428283
40.3	5.178458	10.096518	15.274976	22.306614
40.4	6.626033	8.648932	15.274965	22.189672
40.5	9.817887	5.457047	15.274934	22.105948
40.6	10.430678	4.844249	15.274926	22.080879
40.7	7.436960	7.837994	15.274954	22.126879
40.8	4.730057	10.544922	15.274979	22.236848
40.9	5.878432	9.396536	15.274968	22.383661
41	9.260711	6.014225	15.274936	22.526282
41.1	10.359451	4.915476	15.274927	22.620834
41.2	8.006227	7.268726	15.274954	22.633293
41.3	5.865045	9.409931	15.274977	22.549735
41.4	7.138884	8.136080	15.274963	22.380777
41.5	9.991360	5.283572	15.274933	22.158682
41.6	10.144766	5.130162	15.274928	21.927961
41.7	6.988346	8.286611	15.274957	21.732436
41.8	4.553374	10.721605	15.274979	21.602875
41.9	5.931475	9.343489	15.274964	21.549048
42	8.996674	6.278259	15.274933	21.558554
42.1	9.500080	5.774851	15.274931	21.602465
42.2	7.155571	8.119389	15.274960	21.645588
42.3	5.986488	9.288489	15.274977	21.657716
42.4	8.301970	6.972985	15.274955	21.622098
42.5	10.928499	4.346424	15.274923	21.538561
42.6	9.448853	5.826077	15.274929	21.420744
42.7	4.820550	10.454420	15.274970	21.289053
42.8	2.836836	12.438156	15.274992	21.162405
42.9	6.494488	8.780473	15.274962	21.052079
43	11.508684	3.766233	15.274917	20.959966
43.1	11.537343	3.737573	15.274916	20.881603
43.2	6.542877	8.732085	15.274962	20.812384
43.3	3.018979	12.256015	15.274994	20.753939
43.4	5.472008	9.802962	15.274970	20.717576
43.5	10.451035	4.823887	15.274922	20.722750
43.6	11.229200	4.045715	15.274916	20.790595
43.7	6.904932	8.370027	15.274959	20.934631
43.8	3.586697	11.688296	15.274993	21.152186
43.9	5.977040	9.297930	15.274970	21.420196
44	10.801470	4.473450	15.274920	21.697683
44.1	11.179829	4.095084	15.274913	21.934969
44.2	6.149690	9.125271	15.274960	22.087120
44.3	2.316786	12.958213	15.274999	22.127416
44.4	5.105227	10.169749	15.274976	22.056263
44.5	11.284250	3.990670	15.274920	21.902262
44.6	13.002454	2.272452	15.274905	21.714660
44.7	8.141298	7.133654	15.274951	21.549283
44.8	3.153265	12.121732	15.274997	21.452356
44.9	4.506307	10.768675	15.274982	21.447413
45	10.144870	5.130058	15.274928	21.529581
45.1	12.387052	2.887855	15.274907	21.669068
45.2	8.317342	6.957606	15.274948	21.822628
45.3	3.668930	11.606064	15.274995	21.949038
45.4	4.986438	10.288545	15.274983	22.023288
45.5	10.663324	4.611604	15.274928	22.044650
45.6	12.969002	2.305902	15.274903	22.035902
45.7	8.396445	6.878498	15.274942	22.034086
45.8	2.481154	12.793841	15.274995	22.076109
45.9	2.643093	12.631899	15.274993	22.184313
46	8.563328	6.711612	15.274940	22.357124
46.1	12.762547	2.512359	15.274905	22.568176
46.2	10.392866	4.882067	15.274932	22.774313
46.3	5.211886	10.063096	15.274982	22.929816
46.4	4.157394	11.117594	15.274988	23.001996
46.5	8.154286	7.120660	15.274946	22.982796
46.6	11.345989	3.928925	15.274914	22.892359
46.7	9.263743	6.011191	15.274934	22.773232
46.8	4.672058	10.602918	15.274977	22.676998
46.9	3.535229	11.739756	15.274985	22.647700
47	7.039786	8.235164	15.274951	22.707433
47.1	10.443395	4.831527	15.274923	22.848758
47.2	9.750866	5.524070	15.274936	23.036346
47.3	6.750064	8.524903	15.274968	23.217205
47.4	5.861378	9.413594	15.274972	23.336193
47.5	7.804648	7.470298	15.274947	23.351901
47.6	9.048932	6.225999	15.274931	23.248079
47.7	7.379706	7.895242	15.274949	23.037418
47.8	5.277144	9.997830	15.274974	22.756983
47.9	6.228656	9.046312	15.274968	22.457257
48	9.394416	5.880521	15.274937	22.188510
48.1	10.460560	4.814364	15.274925	21.988720
48.2	7.671076	7.603874	15.274949	21.876352
48.3	4.530128	10.744851	15.274979	21.849421
48.4	5.198407	10.076567	15.274973	21.890152
48.5	8.853873	6.421066	15.274940	21.972859
48.6	10.828639	4.446286	15.274924	22.072010
48.7	8.941648	6.333298	15.274947	22.167899
48.8	6.251484	9.023489	15.274974	22.248604
48.9	6.528406	8.746561	15.274967	22.308490
49	8.951040	6.323899	15.274939	22.344804
49.1	9.521517	5.753413	15.274930	22.354375
49.2	7.082309	8.192647	15.274956	22.332125
49.3	5.204192	10.070787	15.274979	22.272066
49.4	7.053562	8.221401	15.274964	22.170249
49.5	10.492726	4.782203	15.274929	22.028235
49.6	10.658110	4.616813	15.274923	21.855337
49.7	6.775607	8.499350	15.274957	21.668369
49.8	3.655993	11.618993	15.274986	21.488601
49.9	5.383152	9.891819	15.274970	21.336736
50	9.670312	5.604617	15.274930	21.227537
50.1	10.826021	4.448899	15.274920	21.165934
50.2	7.518381	7.756574	15.274955	21.145966
50.3	4.660566	10.614421	15.274986	21.152947
50.4	6.590244	8.684725	15.274969	21.168145
50.5	10.814945	4.459979	15.274925	21.174439
50.6	11.160384	4.114531	15.274915	21.161141
50.7	6.341919	8.933038	15.274957	21.126521
50.8	2.212542	13.062453	15.274995	21.077415
50.9	4.219842	11.055137	15.274979	21.026276
51	10.012854	5.262073	15.274927	20.986837
51.1	12.314472	2.960437	15.274908	20.969918
51.2	8.468463	6.806484	15.274947	20.980705
51.3	3.908399	11.366592	15.274991	21.018216
51.4	4.809415	10.465566	15.274981	21.076856
51.5	9.769148	5.505783	15.274931	21.149280
51.6	11.763281	3.511628	15.274909	21.229384
51.7	7.764967	7.509979	15.274946	21.314348
51.8	2.988360	12.286633	15.274993	21.405047
51.9	3.926130	11.348855	15.274985	21.504771
52	9.540369	5.734565	15.274934	21.616770
52.1	12.550153	2.724754	15.274906	21.741514
52.2	9.148106	6.126834	15.274940	21.874608
52.3	4.061123	11.213866	15.274989	22.006091
52.4	4.137491	11.137496	15.274987	22.121451
52.5	9.142569	6.132369	15.274938	22.204241
52.6	12.193085	3.081824	15.274909	22.239755
52.7	9.182717	6.092222	15.274939	22.218990
52.8	4.375211	10.899776	15.274988	22.142010
52.9	4.561238	10.713750	15.274987	22.019858
53	9.706443	5.568495	15.274938	21.874374
53.1	12.817647	2.457259	15.274905	21.735621
53.2	9.320517	5.954418	15.274934	21.637050
53.3	3.371587	11.903402	15.274988	21.609097
53.4	2.570824	12.704173	15.274996	21.672395
53.5	8.030923	7.244024	15.274948	21.832127
53.6	12.913934	2.360972	15.274906	22.075091
53.7	11.261517	4.013406	15.274923	22.370620
53.8	5.449372	9.825602	15.274974	22.675732
53.9	2.742862	12.532132	15.274994	22.943754
54	5.922981	9.351979	15.274960	23.134625
54.1	10.319440	4.955482	15.274922	23.224343
54.2	10.516602	4.758326	15.274928	23.210959
54.3	7.252839	8.022125	15.274964	23.115209
54.4	5.568022	9.706956	15.274978	22.975247
54.5	7.510747	7.764206	15.274953	22.836608
54.6	9.658541	5.616387	15.274927	22.740019
54.7	8.409035	6.865903	15.274938	22.710473
54.8	5.206398	10.068571	15.274969	22.750753
54.9	4.433510	10.841467	15.274977	22.841408
55	7.224518	8.050434	15.274951	22.947240
55.1	9.970030	5.304898	15.274928	23.028349
55.2	9.407045	5.867894	15.274939	23.052351
55.3	6.959781	8.315184	15.274966	23.003932
55.4	6.348852	8.926118	15.274970	22.888775
55.5	8.153692	7.121254	15.274946	22.730683
55.6	9.171626	6.103305	15.274931	22.562988
55.7	7.349329	7.925619	15.274948	22.417202
55.8	5.024473	10.250500	15.274973	22.312812
55.9	5.684387	9.590583	15.274970	22.251678
56	8.840191	6.434750	15.274941	22.218919
56.1	10.458731	4.816196	15.274927	22.189876
56.2	8.530796	6.744151	15.274947	22.140612
56.3	5.925798	9.349176	15.274974	22.058118
56.4	6.372248	8.902721	15.274969	21.946487
56.5	9.157134	6.117805	15.274939	21.826681
56.6	10.114144	5.160783	15.274927	21.729805
56.7	7.639627	7.635325	15.274952	21.686091
56.8	5.193742	10.081237	15.274979	21.713406
56.9	6.501896	8.773072	15.274968	21.809348
57	10.059249	5.215684	15.274933	21.949804
57.1	10.877346	4.397575	15.274921	22.094689
57.2	7.406353	7.868599	15.274952	22.199084
57.3	4.024227	11.250757	15.274985	22.226173
57.4	5.273442	10.001531	15.274974	22.157727
57.5	9.534579	5.740354	15.274932	21.998793
57.6	11.013530	4.261388	15.274917	21.775219
57.7	7.644670	7.630280	15.274951	21.525119
57.8	4.102135	11.172852	15.274987	21.287388
57.9	5.494632	9.780343	15.274976	21.091240
58	10.167933	5.106996	15.274930	20.950187
58.1	11.656264	3.618648	15.274912	20.862089
58.2	7.500429	7.774520	15.274949	20.814637
58.3	2.979505	12.295489	15.274993	20.793609
58.4	4.308626	10.966359	15.274984	20.790378
58.5	10.156131	5.118800	15.274931	20.805564
58.6	13.012499	2.262404	15.274903	20.847427
58.7	8.945758	6.329180	15.274938	20.925783
58.8	2.889280	12.385711	15.274991	21.044170
58.9	2.331531	12.943463	15.274994	21.193807
59	7.675860	7.599084	15.274944	21.352370
59.1	11.977577	3.297332	15.274909	21.488772
59.2	10.227800	5.047133	15.274932	21.572792
59.3	5.682142	9.592837	15.274980	21.586266
59.4	4.940051	10.334934	15.274985	21.531684
59.5	8.756813	6.518129	15.274942	21.434547
59.6	11.188917	4.085995	15.274913	21.337915
59.7	8.115751	7.159188	15.274939	21.290250
59.8	3.289423	11.985564	15.274987	21.330185
59.9	3.439838	11.835153	15.274990	21.473190
60	8.995395	6.279547	15.274942	21.704764
60.1	13.137110	2.137795	15.274905	21.982822
60.2	10.702053	4.572876	15.274929	22.248934
60.3	5.047852	10.227130	15.274982	22.445137
60.4	3.609475	11.665519	15.274994	22.531073
60.5	8.054363	7.220586	15.274950	22.495988
60.6	12.191873	3.083036	15.274909	22.361737
60.7	10.356644	4.918283	15.274927	22.175859
60.8	4.969493	10.305485	15.274978	21.997000
60.9	3.211139	12.063855	15.274994	21.877450
61	7.403681	7.871274	15.274955	21.848418
61.1	11.992186	3.282727	15.274912	21.912649
61.2	10.990746	4.284177	15.274922	22.046472
61.3	5.799565	9.475405	15.274970	22.210171
61.4	3.106811	12.168180	15.274992	22.362836
61.5	6.018334	9.256628	15.274962	22.476500
61.6	10.329958	4.944964	15.274922	22.544755
61.7	10.512993	4.761932	15.274926	22.583115
61.8	6.956185	8.318778	15.274963	22.621291
61.9	4.868092	10.406889	15.274982	22.690346
62	6.910955	8.364003	15.274958	22.809388
62.1	9.850452	5.424476	15.274928	22.976519
62.2	9.436438	5.838494	15.274933	23.167237
62.3	6.334248	8.940716	15.274964	23.340840
62.4	4.928980	10.345997	15.274977	23.452691
62.5	7.050070	8.224885	15.274955	23.468246
62.6	9.557852	5.717078	15.274930	23.374226
62.7	8.957275	6.317663	15.274937	23.183361
62.8	6.286255	8.988710	15.274965	22.931296
62.9	5.420890	9.854082	15.274973	22.666795
63	7.454070	7.820881	15.274950	22.438471
63.1	9.275610	5.999321	15.274931	22.282162
63.2	8.273372	7.001572	15.274944	22.212663
63.3	6.223796	9.051174	15.274970	22.221895
63.4	6.641500	8.633469	15.274969	22.283488
63.5	9.382655	5.892285	15.274940	22.361797
63.6	10.458014	4.816910	15.274924	22.422256
63.7	7.668823	7.606124	15.274946	22.439915
63.8	4.149853	11.125126	15.274979	22.404017
63.9	4.488569	10.786409	15.274978	22.317960
64	8.489386	6.785557	15.274943	22.195567
64.1	11.260642	4.014279	15.274921	22.055527
64.2	9.721603	5.553338	15.274941	21.916122
64.3	6.625229	8.649745	15.274974	21.791757
64.4	6.495491	8.779481	15.274972	21.691834
64.5	9.155664	6.119275	15.274939	21.621473
64.6	10.031531	5.243392	15.274923	21.582972
64.7	6.953743	8.321208	15.274951	21.576821
64.8	3.797205	11.477781	15.274986	21.601606
64.9	5.381870	9.893107	15.274977	21.652851
65	10.385956	4.888975	15.274931	21.721570
65.1	12.401094	2.873815	15.274909	21.793596
65.2	8.374839	6.900104	15.274943	21.850555
65.3	3.144524	12.130467	15.274991	21.872757
65.4	3.445392	11.829597	15.274989	21.843461
65.5	8.970347	6.304591	15.274938	21.753369
65.6	12.524879	2.750026	15.274905	21.603907
65.7	9.441707	5.833227	15.274934	21.408169
65.8	3.848123	11.426864	15.274988	21.189040
65.9	3.270340	12.004654	15.274994	20.974869
66	8.595441	6.679503	15.274944	20.793817
66.1	12.793591	2.481313	15.274904	20.668341
66.2	10.219209	5.055719	15.274927	20.611208
66.3	4.132322	11.142660	15.274983	20.623928
66.4	2.389965	12.885033	15.274997	20.697755
66.5	7.061426	8.213527	15.274952	20.816733
66.6	11.822859	3.452049	15.274909	20.961789
66.7	10.505338	4.769586	15.274924	21.114764
66.8	5.239795	10.035181	15.274976	21.261458
66.9	3.340081	11.934913	15.274994	21.393181
67	7.326144	7.948810	15.274954	21.506759
67.1	11.638256	3.636656	15.274912	21.603319
67.2	10.363569	4.911356	15.274925	21.686370
67.3	5.339279	9.935696	15.274975	21.759770
67.4	3.597264	11.677730	15.274994	21.826060
67.5	7.689862	7.585092	15.274954	21.885544
67.6	12.113334	3.161577	15.274911	21.936280
67.7	10.725562	4.549360	15.274922	21.975008
67.8	5.113949	10.161025	15.274974	21.998789
67.9	2.584142	12.690856	15.274997	22.006969
68	6.473999	8.800963	15.274962	22.002846
68.1	11.797439	3.477476	15.274915	21.994398
68.2	11.948235	3.326683	15.274918	21.993521
68.3	7.337433	7.937532	15.274965	22.013590
68.4	4.458853	10.816137	15.274990	22.065706
68.5	6.939592	8.335370	15.274962	22.154529
68.6	10.799617	4.475303	15.274920	22.275045
68.7	10.158057	5.116865	15.274923	22.411624
68.8	5.412957	9.862010	15.274967	22.540262
68.9	2.775875	12.499118	15.274993	22.634037
69	5.918581	9.356385	15.274966	22.670685
69.1	11.060359	4.214563	15.274922	22.640270
69.2	11.955138	3.319780	15.274917	22.550483
69.3	7.908328	7.366628	15.274955	22.427472
69.4	4.241743	11.033242	15.274984	22.311198
69.5	5.081160	10.193809	15.274969	22.245943
69.6	8.393925	6.881010	15.274936	22.268248
69.7	9.500595	5.774335	15.274930	22.395642
69.8	7.577865	7.697091	15.274956	22.619654
69.9	6.160573	9.114400	15.274973	22.905611
70	7.556525	7.718431	15.274956	23.199816
70.1	9.494212	5.780720	15.274932	23.442478
70.2	8.669249	6.605688	15.274937	23.582894
70.3	5.810802	9.464164	15.274965	23.592515
70.4	4.825566	10.449410	15.274976	23.472032
70.5	7.209900	8.065054	15.274953	23.250333
70.6	9.781442	5.493486	15.274929	22.975672
70.7	9.080803	6.194133	15.274937	22.701777
70.8	6.252172	9.022794	15.274966	22.473204
70.9	5.439714	9.835261	15.274976	22.314407
71	7.903550	7.371400	15.274951	22.225728
71.1	10.190693	5.084234	15.274927	22.187176
71.2	9.021646	6.253293	15.274939	22.168315
71.3	6.006549	9.268420	15.274969	22.140591
71.4	5.434952	9.840023	15.274976	22.087759
71.5	8.165778	7.109170	15.274948	22.010873
71.6	10.301440	4.973486	15.274925	21.926329
71.7	8.688753	6.586188	15.274941	21.857987
71.8	5.536555	9.738419	15.274974	21.826470
71.9	5.446107	9.828870	15.274977	21.839755
72	8.822691	6.452253	15.274944	21.888621
72.1	11.030835	4.244086	15.274920	21.948716
72.2	8.827593	6.447349	15.274941	21.988577
72.3	5.191707	10.083272	15.274980	21.980709
72.4	5.451691	9.823290	15.274981	21.911705
72.5	9.680435	5.594505	15.274939	21.787670
72.6	12.022755	3.252156	15.274910	21.632896
72.7	8.492358	6.782579	15.274937	21.482134
72.8	2.876890	12.398097	15.274987	21.369137
72.9	2.310723	12.964273	15.274995	21.315459
73	7.895310	7.379638	15.274948	21.323442
73.1	12.883422	2.391483	15.274905	21.375803
73.2	11.236853	4.038070	15.274923	21.441881
73.3	5.441642	9.833335	15.274977	21.488241
73.4	3.162723	12.112273	15.274996	21.489821
73.5	7.092144	8.182812	15.274955	21.437682
73.6	11.502650	3.772261	15.274911	21.340761
73.7	10.106946	5.167977	15.274923	21.221264
73.8	4.650093	10.624883	15.274976	21.105677
73.9	2.633834	12.641164	15.274999	21.014993
74	7.172112	8.102847	15.274959	20.957926
74.1	12.610300	2.664609	15.274908	20.929693
74.2	11.868188	3.406726	15.274914	20.916713
74.3	5.767155	9.507813	15.274968	20.905228
74.4	1.952297	13.322703	15.275000	20.890219
74.5	4.921998	10.352971	15.274970	20.880754
74.6	10.424249	4.850671	15.274920	20.899161
74.7	11.426103	3.848813	15.274916	20.973763
74.8	7.378125	7.896835	15.274960	21.127445
74.9	4.421474	10.853515	15.274990	21.366157
75	6.686529	8.588436	15.274965	21.671828
75.1	10.745711	4.529211	15.274922	22.002891
75.2	10.623299	4.651622	15.274921	22.303109
75.3	6.228132	9.046832	15.274964	22.516451
75.4	3.554402	11.720590	15.274992	22.603518
75.5	6.430845	8.844121	15.274965	22.554186
75.6	11.178818	4.096102	15.274921	22.392136
75.7	11.504827	3.770090	15.274918	22.169427
75.8	6.976476	8.298484	15.274960	21.952485
75.9	3.605047	11.669945	15.274992	21.803686
76	5.809789	9.465182	15.274970	21.764165
76.1	10.622649	4.652277	15.274926	21.843145
76.2	11.788646	3.486271	15.274917	22.016973
76.3	8.040690	7.234264	15.274954	22.237918
76.4	4.467799	10.807186	15.274985	22.449734
76.5	5.487578	9.787392	15.274971	22.604882
76.6	9.135747	6.139186	15.274933	22.677989
76.7	10.151903	5.123021	15.274924	22.671533
76.8	7.228658	8.046296	15.274954	22.612409
76.9	4.493359	10.781620	15.274980	22.541038
77	5.606323	9.668645	15.274967	22.497018
77.1	8.895895	6.379041	15.274936	22.506206
77.2	10.028897	5.246033	15.274930	22.573358
77.3	8.058312	7.216642	15.274954	22.682384
77.4	6.320194	8.954777	15.274972	22.803590
77.5	7.289575	7.985383	15.274958	22.904984
77.6	9.023236	6.251698	15.274934	22.963550
77.7	8.256475	7.018462	15.274937	22.972603
77.8	5.513452	9.761513	15.274965	22.942955
77.9	4.674715	10.600262	15.274978	22.897799
78	7.439013	7.835942	15.274955	22.863415
78.1	10.578221	4.696706	15.274926	22.859073
78.2	10.104486	5.170445	15.274931	22.889629
78.3	6.692501	8.582462	15.274963	22.943234
78.4	4.773914	10.501064	15.274978	22.994719
78.5	6.505832	8.769125	15.274957	23.013363
78.6	9.010468	6.264464	15.274931	22.972375
78.7	8.690141	6.584797	15.274938	22.857056
78.8	6.425162	8.849805	15.274967	22.669232
78.9	6.193093	9.081882	15.274974	22.426906
79	9.037048	6.237899	15.274947	22.159629
79.1	11.125942	4.148980	15.274922	21.901303
79.2	9.027332	6.247606	15.274937	21.682690
79.3	4.923511	10.351464	15.274975	21.525637
79.4	4.120085	11.154899	15.274984	21.440209
79.5	7.841909	7.433041	15.274950	21.424829
79.6	11.268490	4.006428	15.274918	21.468668
79.7	9.907174	5.367758	15.274932	21.555043
79.8	5.786682	9.488292	15.274974	21.664671
79.9	4.788024	10.486962	15.274986	21.778109
80	8.483029	6.791920	15.274949	21.877286
80.1	11.713444	3.561470	15.274914	21.946502
80.2	9.586494	5.688437	15.274931	21.973399
80.3	4.502289	10.772690	15.274979	21.950218
80.4	3.306996	11.967997	15.274994	21.875234
80.5	7.978954	7.295997	15.274951	21.753898
80.6	12.475175	2.799731	15.274906	21.599012
80.7	10.496570	4.778351	15.274920	21.429434
80.8	4.102970	11.172008	15.274978	21.267209
80.9	1.449903	13.825102	15.275004	21.133580
81	6.213622	9.061342	15.274963	21.044749
81.1	12.592502	2.682406	15.274908	21.008500
81.2	12.687956	2.586953	15.274909	21.022558
81.3	6.697768	8.577197	15.274965	21.075181
81.4	2.519516	12.755486	15.275002	21.147853
81.5	5.332959	9.942013	15.274972	21.219409
81.6	10.958779	4.316138	15.274917	21.270619
81.7	11.659814	3.615097	15.274910	21.288204
81.8	6.482421	8.792539	15.274960	21.267485
81.9	2.371461	12.903537	15.274998	21.213216
82	4.794022	10.480953	15.274975	21.138595
82.1	10.548019	4.726904	15.274923	21.062726
82.2	12.223280	3.051630	15.274911	21.007061
82.3	8.055932	7.219021	15.274953	20.991407
82.4	3.936160	11.338830	15.274991	21.030166
82.5	5.204868	10.070106	15.274974	21.129396
82.6	9.590748	5.684180	15.274929	21.285286
82.7	10.722569	4.552349	15.274918	21.484428
82.8	7.088734	8.186223	15.274956	21.706038
82.9	4.068330	11.206660	15.274990	21.925851
83	6.364439	8.910532	15.274971	22.120968
83.1	11.330062	3.944862	15.274924	22.274560
83.2	12.364945	2.909967	15.274912	22.379186
83.3	7.782358	7.492594	15.274952	22.437709
83.4	3.157655	12.117336	15.274991	22.461393
83.5	4.060421	11.214559	15.274980	22.465612
83.6	8.962899	6.312037	15.274936	22.464405
83.7	11.612311	3.662606	15.274917	22.465663
83.8	9.307718	5.967227	15.274945	22.468677
83.9	5.920105	9.354872	15.274978	22.465099
84	6.083965	9.191006	15.274971	22.443272
84.1	8.937877	6.337061	15.274938	22.394602
84.2	9.848335	5.426591	15.274926	22.319729
84.3	7.217413	8.057540	15.274953	22.232041
84.4	4.680577	10.594401	15.274978	22.156732
84.5	5.826933	9.448034	15.274967	22.125015
84.6	9.085858	6.189076	15.274935	22.164801
84.7	9.963108	5.311819	15.274927	22.290628
84.8	7.350311	7.924643	15.274954	22.496244
84.9	4.997108	10.277870	15.274977	22.752739
85	6.178889	9.096076	15.274965	23.013586
85.1	9.158969	6.115966	15.274935	23.225740
85.2	9.786623	5.488307	15.274930	23.343860
85.3	7.419788	7.855169	15.274957	23.343460
85.4	5.717691	9.557284	15.274975	23.228769
85.5	7.228495	8.046464	15.274958	23.032572
85.6	9.587895	5.687035	15.274930	22.807652
85.7	8.891103	6.383830	15.274933	22.612125
85.8	5.523318	9.751647	15.274965	22.492990
85.9	4.018269	11.256713	15.274983	22.472854
86	6.825475	8.449485	15.274959	22.543911
86.1	10.634364	4.640561	15.274925	22.670994
86.2	10.628124	4.646803	15.274926	22.802665
86.3	7.010079	8.264883	15.274962	22.886786
86.4	4.755035	10.519948	15.274983	22.885631
86.5	6.789201	8.485759	15.274960	22.785913
86.6	9.996110	5.278816	15.274927	22.600818
86.7	9.655927	5.619002	15.274929	22.363889
86.8	6.184587	9.090379	15.274966	22.117226
86.9	4.677460	10.597524	15.274985	21.898253
87	7.710738	7.564219	15.274957	21.729525
87.1	11.433275	3.841645	15.274920	21.614755
87.2	10.665785	4.609141	15.274925	21.541876
87.3	6.169057	9.105910	15.274968	21.491413
87.4	3.885133	11.389857	15.274990	21.446596
87.5	6.858958	8.416002	15.274960	21.401175
87.6	10.893788	4.381130	15.274918	21.361949
87.7	10.212644	5.062279	15.274924	21.345114
87.8	5.601324	9.673647	15.274971	21.367997
87.9	3.668667	11.606328	15.274995	21.439519
88	7.772963	7.501996	15.274960	21.553306
88.1	12.881114	2.393794	15.274909	21.686369
88.2	11.827675	3.447236	15.274911	21.804255
88.3	5.044758	10.230211	15.274968	21.871083
88.4	0.624120	14.650888	15.275008	21.861024
88.5	4.105167	11.169810	15.274978	21.767115
88.6	11.216787	4.058129	15.274916	21.604180
88.7	13.247840	2.027062	15.274902	21.404681
88.8	8.159306	7.115645	15.274951	21.208848
88.9	2.941643	12.333356	15.274999	21.052478
89	4.275543	10.999440	15.274983	20.956653
89.1	9.934280	5.340647	15.274927	20.922884
89.2	12.144606	3.130301	15.274907	20.935267
89.3	8.102147	7.172801	15.274948	20.968621
89.4	3.505254	11.769739	15.274993	20.999463
89.5	4.618566	10.656415	15.274981	21.015621
89.6	9.787401	5.487529	15.274930	21.020841
89.7	11.808802	3.466107	15.274909	21.032646
89.8	7.769102	7.505845	15.274947	21.074253
89.9	2.993728	12.281264	15.274992	21.163665
90	3.884831	11.390154	15.274985	21.304211
90.1	9.399103	5.875832	15.274935	21.480384
90.2	12.542778	2.732131	15.274909	21.660957
90.3	9.654162	5.620778	15.274940	21.808698
90.4	4.965139	10.309845	15.274983	21.893453
90.5	4.617219	10.657763	15.274982	21.903987
90.6	8.516725	6.758216	15.274941	21.854121
90.7	10.924270	4.350647	15.274918	21.780551
90.8	8.545089	6.729854	15.274943	21.732523
90.9	4.902683	10.372298	15.274981	21.756396
91	5.256359	10.018620	15.274978	21.880031
91.1	9.311855	5.963085	15.274940	22.102171
91.2	11.687703	3.587215	15.274918	22.390535
91.3	9.256334	6.018606	15.274941	22.689537
91.4	5.230419	10.044557	15.274977	22.935465
91.5	4.649727	10.625250	15.274978	23.074530
91.6	7.717198	7.557748	15.274946	23.078246
91.7	9.991060	5.283867	15.274926	22.951482
91.8	8.709889	6.565055	15.274944	22.730864
91.9	6.290791	8.984179	15.274971	22.474231
92	6.448971	8.825997	15.274968	22.244570
92.1	8.799729	6.475212	15.274941	22.093425
92.2	9.596140	5.678790	15.274930	22.048650
92.3	7.298771	7.976180	15.274951	22.109793
92.4	4.872807	10.402167	15.274974	22.251814
92.5	5.564193	9.710773	15.274966	22.435245
92.6	8.286477	6.988462	15.274939	22.619079
92.7	9.251442	6.023490	15.274932	22.772161
92.8	7.464124	7.810832	15.274955	22.879773
92.9	6.110144	9.164830	15.274974	22.943965
93	7.750619	7.524340	15.274959	22.978377
93.1	10.259779	5.015150	15.274930	23.000027
93.2	9.608506	5.666424	15.274929	23.021260
93.3	5.825147	9.449815	15.274962	23.044671
93.4	3.569601	11.705385	15.274985	23.062465
93.5	6.016972	9.257993	15.274965	23.060064
93.6	10.290460	4.984467	15.274927	23.022282
93.7	10.987165	4.287756	15.274921	22.939660
93.8	7.317449	7.957507	15.274956	22.812682
93.9	4.183091	11.091894	15.274985	22.652531
94	5.614140	9.660829	15.274969	22.478302
94.1	9.449059	5.825873	15.274932	22.311804
94.2	10.493712	4.781213	15.274925	22.171749
94.3	7.731755	7.543202	15.274956	22.069175
94.4	5.559297	9.715684	15.274981	22.005334
94.5	7.352094	7.922868	15.274962	21.972402
94.6	10.467564	4.807361	15.274926	21.956422
94.7	9.909653	5.365273	15.274926	21.941379
94.8	5.698297	9.576669	15.274965	21.913126
94.9	3.435997	11.838995	15.274992	21.862221
95	6.759973	8.514993	15.274965	21.785257
95.1	11.896144	3.378774	15.274918	21.684772
95.2	12.205232	3.069681	15.274913	21.568209
95.3	7.048273	8.226687	15.274959	21.446420
95.4	2.959000	12.315997	15.274997	21.332076
95.5	5.141721	10.133254	15.274975	21.238112
95.6	10.502121	4.772801	15.274922	21.176150
95.7	11.713262	3.561649	15.274910	21.154842
95.8	7.072303	8.202653	15.274955	21.178201
95.9	2.903821	12.371176	15.274997	21.244200
96	5.091973	10.183005	15.274979	21.344074
96.1	11.003551	4.271371	15.274923	21.462731
96.2	12.760882	2.514021	15.274904	21.580490
96.3	7.689489	7.585459	15.274948	21.675990
96.4	2.036201	13.238797	15.274998	21.729789
96.5	2.903963	12.371026	15.274989	21.727907
96.6	9.034546	6.240387	15.274934	21.664563
96.7	12.599861	2.675044	15.274905	21.543519
96.8	9.503759	5.771180	15.274939	21.377810
96.9	4.486950	10.788038	15.274988	21.187967
97	4.462837	10.812149	15.274986	20.999129
97.1	9.239504	6.035434	15.274938	20.837552
97.2	12.017142	3.257767	15.274909	20.726998
97.3	8.726786	6.548153	15.274938	20.685413
97.4	3.513628	11.761358	15.274986	20.722217
97.5	3.127304	12.147685	15.274989	20.836520
97.6	7.960412	7.314532	15.274944	21.016621
97.7	11.730113	3.544800	15.274912	21.241119
97.8	9.938581	5.336353	15.274934	21.481841
97.9	5.586591	9.688387	15.274977	21.708441
98	4.717795	10.557188	15.274983	21.894069
98.1	8.214425	7.060522	15.274947	22.020973
98.2	10.970625	4.304295	15.274919	22.084643
98.3	9.174149	6.100790	15.274938	22.095138
98.4	5.480679	9.794297	15.274976	22.074843
98.5	5.140391	10.134588	15.274980	22.052807
98.6	8.679533	6.595412	15.274945	22.056913
98.7	11.232807	4.042113	15.274920	22.105970
98.8	9.253369	6.021569	15.274938	22.204089
98.9	5.287324	9.987650	15.274974	22.339236
99	4.434082	10.840898	15.274980	22.486697
99.1	7.566522	7.708428	15.274950	22.616616
99.2	10.499459	4.775467	15.274926	22.703411
99.3	9.819058	5.455880	15.274938	22.734054
99.4	7.118972	8.155993	15.274965	22.712409
99.5	6.149708	9.125260	15.274968	22.658006
99.6	7.455901	7.819046	15.274947	22.599420
99.7	8.171162	7.103774	15.274937	22.564327
99.8	6.812227	8.462726	15.274953	22.569577
99.9	5.696036	9.578936	15.274972	22.614784
100	7.310689	7.964272	15.274961	22.681943
100.1	10.066302	5.208631	15.274932	22.741523
100.2	10.027667	5.247261	15.274928	22.763278
100.3	6.575254	8.699703	15.274957	22.728183
100.4	3.856452	11.418531	15.274983	22.637299
100.5	5.449205	9.825764	15.274969	22.514162
100.6	9.366071	5.908861	15.274932	22.399347
100.7	10.532033	4.742890	15.274923	22.338476
100.8	7.651284	7.623670	15.274954	22.367283
100.9	5.025679	10.249303	15.274982	22.498561
101	6.597384	8.677584	15.274968	22.715432
101.1	10.316539	4.958390	15.274929	22.973510
101.2	10.777190	4.497730	15.274920	23.211707
101.3	6.741296	8.533659	15.274955	23.368583
101.4	3.182279	12.092709	15.274988	23.399331
101.5	4.760401	10.514573	15.274974	23.288137
101.6	9.475458	5.799473	15.274931	23.052159
101.7	11.265221	4.009696	15.274917	22.735988
101.8	8.167977	7.106974	15.274951	22.398509
101.9	4.911539	10.363446	15.274985	22.096423
102	6.298097	8.976875	15.274972	21.869606
102.1	10.446044	4.828885	15.274929	21.732697
102.2	11.316776	3.958141	15.274916	21.675044
102.3	7.209212	8.065742	15.274954	21.668309
102.4	3.464103	11.810889	15.274992	21.678551
102.5	5.344561	9.930416	15.274977	21.678312
102.6	10.649679	4.625247	15.274927	21.654586
102.7	12.352022	2.922887	15.274909	21.610297
102.8	8.020076	7.254873	15.274949	21.559440
102.9	3.295247	11.979746	15.274994	21.518361
103	4.461667	10.813316	15.274983	21.496973
103.1	9.956202	5.318728	15.274930	21.493505
103.2	12.362428	2.912479	15.274907	21.494892
103.3	8.386298	6.888646	15.274945	21.482554
103.4	3.387717	11.887277	15.274993	21.441157
103.5	4.207030	11.067957	15.274986	21.366703
103.6	9.839181	5.435751	15.274932	21.270484
103.7	12.601203	2.673700	15.274903	21.176961
103.8	8.417858	6.857081	15.274939	21.115988
103.9	2.482898	12.792097	15.274995	21.112011
104	2.579734	12.695261	15.274995	21.174184
104.1	8.817699	6.457241	15.274940	21.291187
104.2	13.393849	1.881052	15.274901	21.432967
104.3	10.699768	4.575159	15.274927	21.559158
104.4	4.433083	10.841900	15.274983	21.631537
104.5	2.512580	12.762415	15.274996	21.626296
104.6	6.798666	8.476287	15.274952	21.541909
104.7	11.192037	4.082876	15.274913	21.399801
104.8	10.160577	5.114353	15.274929	21.237530
104.9	5.926294	9.348681	15.274975	21.096813
105	4.861415	10.413571	15.274986	21.010532
105.1	8.468070	6.806877	15.274947	20.993200
105.2	11.395852	3.879062	15.274914	21.038145
105.3	9.015072	6.259861	15.274933	21.122239
105.4	3.992989	11.281990	15.274979	21.216332
105.5	2.859214	12.415777	15.274991	21.297459
105.6	7.276241	7.998712	15.274953	21.358289
105.7	11.827625	3.447290	15.274915	21.410248
105.8	11.173946	4.100981	15.274926	21.479036
105.9	6.856670	8.418299	15.274969	21.594029
106	4.820093	10.454892	15.274985	21.775329
106.1	7.379887	7.895069	15.274956	22.023163
106.2	10.526916	4.748008	15.274924	22.313691
106.3	9.778470	5.496462	15.274932	22.603086
106.4	6.231490	9.043477	15.274967	22.838976
106.5	4.718885	10.556095	15.274980	22.975752
106.6	7.074475	8.200480	15.274955	22.988841
106.7	9.908792	5.366137	15.274929	22.883269
106.8	9.578261	5.696676	15.274937	22.693620
106.9	7.066912	8.208051	15.274964	22.475227
107	6.114109	9.160861	15.274970	22.289212
107.1	7.706102	7.568848	15.274949	22.185902
107.2	8.946161	6.328772	15.274934	22.191587
107.3	7.669933	7.605014	15.274948	22.302422
107.4	5.815662	9.459308	15.274970	22.487012
107.5	6.508339	8.766628	15.274966	22.696524
107.6	9.139239	6.135699	15.274939	22.878974
107.7	9.853530	5.421397	15.274927	22.993317
107.8	7.098992	8.175959	15.274951	23.019340
107.9	4.294517	10.980462	15.274980	22.960903
108	5.391587	9.883385	15.274972	22.842290
108.1	9.238534	6.036402	15.274936	22.699450
108.2	10.811108	4.463813	15.274921	22.569238
108.3	8.011051	7.263898	15.274948	22.479950
108.4	4.707556	10.567426	15.274982	22.445648
108.5	5.537584	9.737390	15.274974	22.465254
108.6	9.418076	5.856859	15.274935	22.525829
108.7	10.856020	4.418898	15.274918	22.608285
108.8	7.555713	7.719236	15.274949	22.693339
108.9	3.889600	11.385387	15.274987	22.765880
109	5.136545	10.138433	15.274979	22.816793
109.1	10.096364	5.178568	15.274933	22.842330
109.2	12.303887	2.971023	15.274910	22.841944
109.3	8.573034	6.701908	15.274942	22.815828
109.4	3.445070	11.829918	15.274988	22.763269
109.5	3.361664	11.913323	15.274987	22.682352
109.6	8.229528	7.045414	15.274942	22.570960
109.7	11.694069	3.580844	15.274913	22.428462
109.8	9.724993	5.549945	15.274939	22.257347
109.9	5.849268	9.425713	15.274981	22.064116
110	5.960064	9.314916	15.274980	21.859155
110.1	9.927895	5.347042	15.274937	21.655640
110.2	11.687735	3.587177	15.274912	21.467834
110.3	7.831256	7.443687	15.274943	21.309199
110.4	2.843948	12.431043	15.274991	21.190700
110.5	3.441586	11.833404	15.274990	21.119484
110.6	9.380598	5.894340	15.274938	21.097985
110.7	13.302433	1.972470	15.274903	21.123465
110.8	10.226640	5.048291	15.274931	21.188023
110.9	4.171899	11.103087	15.274986	21.279171
111	2.950461	12.324535	15.274996	21.381098
111.1	7.920190	7.354757	15.274948	21.476646
111.2	12.288907	2.985999	15.274906	21.549815
111.3	10.198432	5.076495	15.274926	21.588395
111.4	4.458389	10.816591	15.274980	21.586138
111.5	2.686448	12.588549	15.274996	21.543907
111.6	7.141660	8.133293	15.274954	21.469449
111.7	11.845597	3.429313	15.274910	21.375773
111.8	10.664145	4.610778	15.274923	21.278542
111.9	5.384573	9.890401	15.274973	21.193129
112	3.086047	12.188946	15.274993	21.132045
112.1	6.612951	8.662007	15.274958	21.103282
112.2	11.020447	4.254470	15.274917	21.109716
112.3	10.499627	4.775298	15.274925	21.149396
112.4	6.152745	9.122224	15.274969	21.216310
112.5	4.177628	11.097360	15.274988	21.301236
112.6	7.248399	8.026558	15.274957	21.392508
112.7	10.962396	4.312523	15.274919	21.476855
112.8	10.034915	5.240012	15.274927	21.540687
112.9	5.596408	9.678562	15.274970	21.572144
113	3.644507	11.630482	15.274989	21.563942
113.1	6.890895	8.384064	15.274959	21.516494
113.2	11.124823	4.150098	15.274920	21.440290
113.3	10.888335	4.386589	15.274924	21.356353
113.4	6.655978	8.618985	15.274963	21.293795
113.5	3.961195	11.313790	15.274986	21.284324
113.6	5.989718	9.285246	15.274964	21.354569
113.7	9.729926	5.545004	15.274930	21.518108
113.8	10.472662	4.802268	15.274930	21.769612
113.9	8.068069	7.206889	15.274958	22.083298
114	6.487637	8.787337	15.274974	22.416859
114.1	7.876969	7.397986	15.274955	22.720422
114.2	9.690590	5.584342	15.274932	22.948436
114.3	8.682471	6.592467	15.274938	23.071210
114.4	5.755904	9.519062	15.274966	23.082638
114.5	4.737186	10.537789	15.274975	23.001560
114.6	6.973949	8.301005	15.274954	22.866070
114.7	9.515370	5.759563	15.274932	22.722303
114.8	9.338369	5.936571	15.274940	22.611032
114.9	7.433794	7.841169	15.274963	22.556274
115	6.951417	8.323549	15.274966	22.559515
115.1	8.322855	6.952090	15.274945	22.601426
115.2	8.669159	6.605774	15.274933	22.650458
115.3	6.451389	8.823564	15.274953	22.675387
115.4	4.399654	10.875323	15.274977	22.657466
115.5	5.940927	9.334042	15.274969	22.597951
115.6	9.878119	5.396815	15.274934	22.518240
115.7	11.239893	4.035026	15.274918	22.452451
115.8	7.871487	7.403461	15.274947	22.434883
115.9	3.839668	11.435316	15.274985	22.486689
116	4.434727	10.840253	15.274981	22.606505
116.1	9.056673	6.218266	15.274938	22.768532
116.2	11.721587	3.553327	15.274913	22.929081
116.3	8.929511	6.345429	15.274940	23.039684
116.4	4.446235	10.828748	15.274983	23.062552
116.5	4.351307	10.923678	15.274985	22.983226
116.6	8.824102	6.450839	15.274941	22.816098
116.7	11.801316	3.473596	15.274912	22.600778
116.8	9.147840	6.127097	15.274937	22.390321
116.9	4.343086	10.931896	15.274983	22.235048
117	3.860998	11.413990	15.274988	22.167155
117.1	8.386552	6.888392	15.274944	22.191048
117.2	11.819814	3.455097	15.274911	22.282445
117.3	9.544774	5.730160	15.274934	22.396333
117.4	4.763616	10.511366	15.274982	22.481036
117.5	4.176105	11.098884	15.274989	22.493711
117.6	8.774364	6.500581	15.274945	22.412305
117.7	12.338764	2.936145	15.274909	22.240420
117.8	9.869660	5.405272	15.274932	22.004020
117.9	4.567886	10.707097	15.274983	21.741732
118	3.707729	11.567265	15.274994	21.492472
118.1	8.752635	6.522313	15.274947	21.284789
118.2	13.078209	2.196695	15.274904	21.131336
118.3	10.626949	4.647973	15.274923	21.029770
118.4	4.072317	11.202663	15.274980	20.968901
118.5	1.529362	13.745640	15.275002	20.937035
118.6	6.058198	9.216762	15.274960	20.928811
118.7	11.810417	3.464494	15.274911	20.947638
118.8	11.796581	3.478336	15.274917	21.002787
118.9	6.842255	8.432712	15.274967	21.102467
119	3.966921	11.308072	15.274992	21.245952
119.1	6.732486	8.542475	15.274960	21.418365
119.2	10.685683	4.589234	15.274917	21.590811
119.3	9.807557	5.467367	15.274923	21.726543
119.4	4.933395	10.341575	15.274970	21.791476
119.5	2.660620	12.614374	15.274994	21.765520
119.6	6.350030	8.924932	15.274962	21.650621
119.7	11.502392	3.772525	15.274917	21.472329
119.8	11.709524	3.565393	15.274918	21.273851
119.9	7.057878	8.217084	15.274962	21.104151
120	3.750667	11.524323	15.274990	21.003812
120.1	5.738307	9.536659	15.274966	20.993275
120.2	9.764965	5.509961	15.274926	21.067374
120.3	10.233229	5.041695	15.274925	21.198016
120.4	6.881297	8.393664	15.274961	21.344104
120.5	4.793311	10.481672	15.274983	21.465376
120.6	7.077886	8.197075	15.274960	21.535494
120.7	10.525806	4.749118	15.274925	21.550020
120.8	10.158677	5.116250	15.274926	21.526702
120.9	6.217265	9.057698	15.274964	21.498154
121	3.909636	11.365350	15.274986	21.499610
121.1	6.339729	8.935234	15.274963	21.556102
121.2	10.352725	4.922202	15.274927	21.673524
121.3	10.863771	4.411154	15.274925	21.836642
121.4	7.604193	7.670765	15.274958	22.014660
121.5	5.163214	10.111765	15.274980	22.172298
121.6	6.604391	8.670572	15.274963	22.282463
121.7	9.570386	5.704547	15.274933	22.336063
121.8	9.939453	5.335479	15.274932	22.345504
121.9	7.550231	7.724728	15.274958	22.340634
122	6.020453	9.254519	15.274973	22.358437
122.1	7.324352	7.950603	15.274955	22.429936
122.2	9.087325	6.187609	15.274934	22.568653
122.3	8.334410	6.940531	15.274941	22.764482
122.4	6.023072	9.251894	15.274966	22.985029
122.5	5.650421	9.624550	15.274971	23.184040
122.6	7.960737	7.314210	15.274947	23.314329
122.7	9.613192	5.661737	15.274929	23.341247
122.8	8.023622	7.251323	15.274945	23.252677
122.9	5.442572	9.832403	15.274974	23.062723
123	6.016850	9.258124	15.274974	22.808247
123.1	9.601973	5.672966	15.274939	22.539553
123.2	11.276112	3.998804	15.274916	22.308060
123.3	7.932205	7.342736	15.274941	22.154500
123.4	3.106682	12.168302	15.274984	22.100653
123.5	2.911039	12.363950	15.274989	22.146393
123.6	7.967245	7.307701	15.274946	22.272151
123.7	12.221370	3.053541	15.274911	22.445473
123.8	10.655509	4.619420	15.274929	22.629435
123.9	5.806587	9.468388	15.274976	22.790609
124	4.275504	10.999485	15.274988	22.904779
124.1	7.815999	7.458951	15.274950	22.959570
124.2	11.061959	4.212955	15.274914	22.954100
124.3	9.055517	6.219415	15.274932	22.896487
124.4	4.313295	10.961685	15.274980	22.800307
124.5	3.590099	11.684894	15.274992	22.681049
124.6	8.518460	6.756489	15.274949	22.553237
124.7	12.930253	2.344654	15.274906	22.428522
124.8	10.868419	4.406504	15.274923	22.314704
124.9	4.709213	10.565766	15.274979	22.215532
125	2.309934	12.965067	15.275000	22.131073
125.1	6.719117	8.555842	15.274959	22.058515
125.2	12.135808	3.139102	15.274910	21.993249
125.3	11.603138	3.671780	15.274917	21.930109
125.4	6.204625	9.070346	15.274971	21.864518
125.5	3.464472	11.810526	15.274998	21.793335
125.6	7.134711	8.140251	15.274962	21.715193
125.7	12.132400	3.142511	15.274912	21.630305
125.8	11.443745	3.831171	15.274916	21.539888
125.9	5.675343	9.599626	15.274969	21.445532
126	2.354639	12.920362	15.275001	21.348860
126.1	5.880874	9.394094	15.274968	21.251707
126.2	11.605714	3.669200	15.274914	21.156792
126.3	11.972460	3.302451	15.274911	21.068542
126.4	6.494745	8.780216	15.274961	20.993587
126.5	2.308728	12.966270	15.274999	20.940427
126.6	4.714474	10.560500	15.274975	20.918060
126.7	10.373219	4.901705	15.274923	20.933764
126.8	12.002943	3.271969	15.274912	20.990628
126.9	7.985455	7.289498	15.274953	21.085686
127	4.071072	11.203918	15.274989	21.209388
127.1	5.332708	9.942265	15.274973	21.346809
127.2	9.511126	5.763803	15.274929	21.480373
127.3	10.524546	4.750373	15.274919	21.593360
127.4	6.933847	8.341108	15.274955	21.673132
127.5	3.737582	11.537405	15.274986	21.713107
127.6	5.352593	9.922378	15.274971	21.712973
127.7	9.637843	5.637088	15.274931	21.677284
127.8	11.024838	4.250084	15.274922	21.613218
127.9	8.148844	7.126110	15.274953	21.528571
128	5.420535	9.854445	15.274980	21.430894
128.1	6.633489	8.641476	15.274965	21.328108
128.2	9.692852	5.582079	15.274930	21.230131
128.3	9.746974	5.527952	15.274926	21.150426
128.4	6.203246	9.071714	15.274960	21.106137
128.5	3.773804	11.501181	15.274985	21.115901
128.6	6.062206	9.212761	15.274967	21.195319
128.7	10.529482	4.745447	15.274929	21.351181
128.8	11.740585	3.534336	15.274920	21.576423
128.9	8.445709	6.829242	15.274951	21.848018
129	4.971154	10.303825	15.274979	22.129394
129.1	5.332752	9.942218	15.274970	22.377612
129.2	8.257668	7.017272	15.274940	22.553862
129.3	9.586797	5.688136	15.274932	22.634404
129.4	8.170855	7.104098	15.274954	22.618492
129.5	6.931822	8.343148	15.274969	22.530356
129.6	8.056983	7.217972	15.274956	22.413947
129.7	9.634679	5.640254	15.274934	22.321389
129.8	8.644235	6.630703	15.274938	22.298232
129.9	5.787671	9.487295	15.274966	22.369863
130	4.871216	10.403761	15.274976	22.533370
130.1	7.361142	7.913811	15.274953	22.757637
130.2	9.965179	5.309748	15.274927	22.991941
130.3	9.042936	6.231999	15.274935	23.180609
130.4	5.828253	9.446715	15.274968	23.279277
130.5	4.912064	10.362915	15.274979	23.267679
130.6	7.789886	7.485065	15.274951	23.154949
130.7	10.513884	4.761039	15.274922	22.975805
130.8	9.074964	6.199971	15.274935	22.778947
130.9	5.223575	10.051398	15.274973	22.611563
131	4.378650	10.896334	15.274985	22.505075
131.1	8.097370	7.177580	15.274950	22.466779
131.2	11.496655	3.778260	15.274915	22.480013
131.3	9.639756	5.635173	15.274928	22.512511
131.4	4.488165	10.786811	15.274976	22.529832
131.5	2.723575	12.551420	15.274994	22.509003
131.6	6.926806	8.348152	15.274958	22.447517
131.7	11.911203	3.363711	15.274913	22.364471
131.8	11.421290	3.853630	15.274920	22.293440
131.9	6.417997	8.856972	15.274969	22.269598
132	3.769187	11.505807	15.274994	22.315657
132.1	6.971203	8.303758	15.274961	22.431643
132.2	11.396402	3.878513	15.274915	22.592226
132.3	10.599203	4.675716	15.274919	22.752717
132.4	5.233597	10.041373	15.274970	22.861875
132.5	2.421797	12.853202	15.274999	22.877309
132.6	6.225084	9.049882	15.274966	22.778405
132.7	12.010454	3.264460	15.274914	22.572547
132.8	12.439688	2.835224	15.274912	22.292738
132.9	7.178251	8.096711	15.274962	21.987568
133	3.305328	11.969670	15.274998	21.707049
133.1	5.834796	9.440176	15.274971	21.488990
133.2	11.059782	4.215137	15.274919	21.350251
133.3	11.654840	3.620072	15.274912	21.285295
133.4	6.649058	8.625902	15.274960	21.271866
133.5	2.819390	12.455609	15.274999	21.281177
133.6	5.588629	9.686346	15.274975	21.288652
133.7	11.622861	3.652058	15.274920	21.281360
133.8	13.064176	2.210729	15.274905	21.259794
133.9	7.802945	7.472005	15.274950	21.233980
134	2.219399	13.055597	15.274996	21.216026
134.1	2.920466	12.354520	15.274986	21.212572
134.2	8.472356	6.802579	15.274935	21.220436
134.3	11.762978	3.511934	15.274912	21.227384
134.4	9.361393	5.913549	15.274941	21.217771
134.5	5.372851	9.902129	15.274980	21.180739
134.6	5.254136	10.020840	15.274976	21.117462
134.7	8.511550	6.763389	15.274939	21.044174
134.8	10.031866	5.243057	15.274923	20.989150
134.9	7.577842	7.697108	15.274950	20.984164
135	4.802845	10.472134	15.274979	21.053099
135.1	5.849472	9.425498	15.274970	21.201739
135.2	9.385490	5.889444	15.274934	21.412583
135.3	10.456531	4.818392	15.274923	21.647051
135.4	7.452976	7.821975	15.274952	21.854901
135.5	4.412003	10.862978	15.274981	21.988224
135.6	5.485936	9.789035	15.274971	22.015659
135.7	9.288130	5.986806	15.274936	21.932242
135.8	10.875333	4.399591	15.274924	21.761622
135.9	8.487666	6.787284	15.274950	21.549810
136	5.718409	9.556567	15.274976	21.352374
136.1	6.314786	8.960181	15.274967	21.219075
136.2	9.020851	6.254085	15.274937	21.180750
136.3	9.587587	5.687342	15.274929	21.242405
136.4	6.933993	8.340962	15.274955	21.384397
136.5	4.727544	10.547434	15.274978	21.570919
136.6	6.221466	9.053500	15.274966	21.762675
136.7	9.664907	5.610028	15.274935	21.929426
136.8	10.708838	4.566090	15.274928	22.058319
136.9	8.361847	6.913106	15.274953	22.155535
137	6.143332	9.131642	15.274974	22.241136
137.1	6.957934	8.317028	15.274961	22.339255
137.2	9.069662	6.205273	15.274935	22.467291
137.3	8.868611	6.406324	15.274935	22.627913
137.4	6.346441	8.928521	15.274962	22.806586
137.5	5.272560	10.002417	15.274977	22.975392
137.6	7.663575	7.611380	15.274956	23.101720
137.7	10.498937	4.775989	15.274926	23.158898
137.8	9.691110	5.583821	15.274931	23.135190
137.9	5.959035	9.315931	15.274966	23.038296
138	4.172051	11.102932	15.274983	22.893963
138.1	6.695964	8.578994	15.274957	22.739219
138.2	9.941996	5.332928	15.274924	22.612392
138.3	9.236019	6.038911	15.274930	22.542905
138.4	5.499728	9.775242	15.274970	22.543795
138.5	4.277754	10.997233	15.274987	22.608889
138.6	8.011992	7.262963	15.274955	22.715147
138.7	12.140774	3.134140	15.274914	22.829209
138.8	10.860745	4.414176	15.274920	22.916134
138.9	5.146914	10.128056	15.274970	22.947938
139	2.006416	13.268583	15.274999	22.909874
139.1	5.463390	9.811578	15.274968	22.803171
139.2	11.148764	4.126153	15.274917	22.643992
139.3	11.915224	3.359689	15.274913	22.459255
139.4	7.182886	8.092074	15.274960	22.280551
139.5	3.553749	11.721246	15.274994	22.137609
139.6	5.860875	9.414095	15.274970	22.052604
139.7	10.718268	4.556654	15.274921	22.036267
139.8	11.287220	3.987695	15.274915	22.086311
139.9	6.750011	8.524950	15.274961	22.188241
140	3.510286	11.764709	15.274995	22.318278
140.1	6.358966	8.916004	15.274970	22.447787
140.2	11.635074	3.639843	15.274917	22.548416
140.3	11.925400	3.349509	15.274909	22.596997
140.4	6.205930	9.069030	15.274960	22.579309
140.5	1.675936	13.599067	15.275004	22.492005
140.6	4.470734	10.804248	15.274982	22.342356
140.7	11.443846	3.831075	15.274921	22.145982
140.8	14.037979	1.236921	15.274900	21.923205
140.9	9.285142	5.989803	15.274945	21.694992
141	3.494819	11.780177	15.274996	21.479498
141.1	3.880071	11.394917	15.274987	21.290002
141.2	9.279308	5.995625	15.274933	21.134487
141.3	12.097685	3.177221	15.274907	21.016604
141.4	8.558955	6.715986	15.274942	20.937284
141.5	3.528130	11.746860	15.274989	20.896141
141.6	3.760254	11.514733	15.274987	20.892013
141.7	8.898068	6.376870	15.274939	20.922462
141.8	12.170303	3.104607	15.274910	20.982618
141.9	9.480330	5.794606	15.274937	21.064154
142	4.568066	10.706915	15.274981	21.155230
142.1	3.679280	11.595705	15.274984	21.241914
142.2	7.346116	7.928831	15.274946	21.310960
142.3	10.260647	5.014274	15.274921	21.353196
142.4	8.828555	6.446386	15.274941	21.366304
142.5	5.783622	9.491352	15.274975	21.355867
142.6	5.860432	9.414542	15.274974	21.334015
142.7	8.995811	6.279130	15.274941	21.315877
142.8	10.567591	4.707332	15.274923	21.314889
142.9	8.058136	7.216809	15.274946	21.338545
143	4.651575	10.623402	15.274977	21.386142
143.1	4.813266	10.461709	15.274975	21.449416
143.2	8.163877	7.111065	15.274942	21.515939
143.3	10.170654	5.104272	15.274926	21.574055
143.4	8.506957	6.767990	15.274947	21.617474
143.5	6.092796	9.182178	15.274974	21.647664
143.6	6.688287	8.586681	15.274968	21.672943
143.7	9.436903	5.838034	15.274937	21.704455
143.8	10.124396	5.150531	15.274927	21.750507
143.9	7.328300	7.946653	15.274953	21.811567
144	4.671767	10.603213	15.274979	21.878220
144.1	5.873465	9.401505	15.274969	21.933384
144.2	9.482199	5.792736	15.274935	21.958565
144.3	10.733971	4.540953	15.274924	21.942200
144.4	8.042592	7.232359	15.274951	21.887057
144.5	5.129258	10.145720	15.274978	21.813579
144.6	5.855412	9.419557	15.274969	21.757178
144.7	8.987079	6.287859	15.274938	21.759437
144.8	10.146656	5.128272	15.274929	21.855449
144.9	8.065380	7.209573	15.274954	22.061126
145	6.217481	9.057494	15.274975	22.364824
145.1	7.540662	7.734298	15.274960	22.726555
145.2	9.903056	5.371873	15.274929	23.085857
145.3	9.065230	6.209699	15.274930	23.376580
145.4	5.145684	10.129281	15.274965	23.544466
145.5	3.189678	12.085310	15.274989	23.562245
145.6	6.418801	8.856163	15.274964	23.437489
145.7	11.296958	3.977962	15.274920	23.210594
145.8	11.676964	3.597952	15.274916	22.943318
145.9	6.939435	8.335523	15.274958	22.701281
146	3.097306	12.177687	15.274993	22.535806
146.1	4.989199	10.285774	15.274973	22.470648
146.2	9.862361	5.412565	15.274926	22.497606
146.3	11.088513	4.186402	15.274915	22.582069
146.4	7.141550	8.133405	15.274955	22.676369
146.5	3.680158	11.594833	15.274992	22.736293
146.6	5.791498	9.483475	15.274973	22.735251
146.7	10.884669	4.390256	15.274924	22.671540
146.8	12.025786	3.249125	15.274911	22.566632
146.9	7.361059	7.913894	15.274953	22.455526
147	2.831612	12.443383	15.274995	22.372899
147.1	4.321053	10.953927	15.274980	22.340089
147.2	9.752547	5.522382	15.274928	22.357506
147.3	11.883800	3.391110	15.274910	22.405012
147.4	8.106492	7.168458	15.274949	22.449897
147.5	3.965426	11.309567	15.274993	22.459393
147.6	5.533489	9.741490	15.274980	22.413113
147.7	10.948356	4.326570	15.274926	22.310873
147.8	12.720045	2.554861	15.274905	22.173123
147.9	7.891141	7.383806	15.274947	22.033849
148	2.349024	12.925974	15.274998	21.928522
148.1	3.265661	12.009330	15.274990	21.881396
148.2	9.597708	5.677226	15.274934	21.896642
148.3	13.335415	1.939487	15.274901	21.956380
148.4	9.929085	5.345850	15.274935	22.026248
148.5	4.113559	11.161430	15.274989	22.066461
148.6	3.516087	11.758906	15.274993	22.044499
148.7	8.653528	6.621415	15.274943	21.945087
148.8	12.527866	2.747041	15.274907	21.774240
148.9	10.077065	5.197867	15.274932	21.556311
149	4.742488	10.532494	15.274982	21.325482
149.1	3.600883	11.674108	15.274991	21.114989
149.2	7.883184	7.391763	15.274948	20.947990
149.3	11.565789	3.709123	15.274912	20.833119
149.4	9.598957	5.675973	15.274930	20.765882
149.5	4.547347	10.727630	15.274977	20.734753
149.6	2.966780	12.308210	15.274990	20.729074
149.7	6.740584	8.534371	15.274955	20.745322
149.8	10.953617	4.321303	15.274920	20.789003
149.9	10.647058	4.627871	15.274929	20.871355
150	7.021501	8.253464	15.274965	21.002136
150.1	5.092432	10.182546	15.274977	21.181525
150.2	6.715895	8.559059	15.274954	21.394668
150.3	8.695448	6.579484	15.274932	21.611595
150.4	7.977079	7.297865	15.274943	21.793287
150.5	6.076900	9.198069	15.274969	21.902382
150.6	6.517414	8.757556	15.274969	21.915101
150.7	9.299759	5.975182	15.274942	21.830288
150.8	10.589039	4.685887	15.274926	21.672183
150.9	8.164405	7.110541	15.274945	21.485496
151	4.831573	10.443403	15.274975	21.323901
151.1	4.802409	10.472565	15.274975	21.235298
151.2	7.995242	7.279703	15.274945	21.248354
151.3	10.203350	5.071577	15.274927	21.364501
151.4	8.882221	6.392723	15.274944	21.557919
151.5	6.467874	8.807097	15.274971	21.783452
151.6	6.678037	8.596931	15.274968	21.989998
151.7	9.143149	6.131791	15.274941	22.135176
151.8	10.003816	5.271113	15.274928	22.196866
151.9	7.583754	7.691197	15.274951	22.178262
152	4.985337	10.289640	15.274976	22.105272
152.1	5.792993	9.481975	15.274969	22.017474
152.2	8.929921	6.345017	15.274938	21.955764
152.3	10.074745	5.200182	15.274927	21.950636
152.4	7.788312	7.486640	15.274953	22.014574
152.5	5.645879	9.629099	15.274978	22.140484
152.6	7.130943	8.144022	15.274965	22.306082
152.7	10.394794	4.880136	15.274930	22.482293
152.8	10.536540	4.738383	15.274923	22.642650
152.9	6.593533	8.681424	15.274957	22.770641
153	3.436490	11.838498	15.274988	22.862900
153.1	5.423489	9.851484	15.274972	22.927653
153.2	10.217584	5.057343	15.274927	22.979416
153.3	11.497563	3.777350	15.274913	23.032040
153.4	7.350933	7.924018	15.274951	23.092543
153.5	3.067197	12.207794	15.274991	23.157715
153.6	4.264380	11.010600	15.274980	23.214449
153.7	9.388361	5.886571	15.274932	23.243523
153.8	11.742664	3.532248	15.274912	23.225547
153.9	8.449447	6.825499	15.274946	23.147213
154	4.266925	11.008063	15.274987	23.006084
154.1	5.040739	10.234241	15.274980	22.812624
154.2	9.658575	5.616358	15.274933	22.589027
154.3	11.529548	3.745364	15.274911	22.365200
154.4	7.688676	7.586271	15.274946	22.172913
154.5	3.109948	12.165044	15.274992	22.039439
154.6	4.155663	11.119322	15.274985	21.982040
154.7	9.877154	5.397780	15.274934	22.004406
154.8	13.011222	2.263683	15.274905	22.095720
154.9	9.532289	5.742649	15.274938	22.232537
155	3.997727	11.277261	15.274988	22.383145
155.1	3.482100	11.792890	15.274989	22.513609
155.2	8.237257	7.037685	15.274942	22.594339
155.3	11.607274	3.667636	15.274911	22.605858
155.4	9.195783	6.079154	15.274938	22.542531
155.5	4.785583	10.489402	15.274985	22.413377
155.6	4.983394	10.291593	15.274986	22.239693
155.7	9.935231	5.339707	15.274938	22.049989
155.8	12.858173	2.416733	15.274905	21.873406
155.9	9.194799	6.080136	15.274934	21.733209
156	3.064913	12.210076	15.274989	21.641990
156.1	2.169103	13.105895	15.274998	21.599742
156.2	7.761362	7.513587	15.274949	21.595166
156.3	12.962079	2.312826	15.274906	21.609679
156.4	11.622073	3.652849	15.274922	21.622821
156.5	6.037651	9.237323	15.274974	21.617417
156.6	3.558705	11.716288	15.274993	21.583095
156.7	6.916553	8.358404	15.274957	21.517352
156.8	11.080633	4.194284	15.274917	21.424302
156.9	10.346377	4.928548	15.274925	21.311982
157	5.815232	9.459735	15.274968	21.189506
157.1	3.483706	11.791281	15.274987	21.065244
157.2	6.075206	9.199754	15.274959	20.946572
157.3	9.775748	5.499178	15.274926	20.840957
157.4	9.802014	5.472916	15.274930	20.757435
157.5	6.744686	8.530277	15.274963	20.707263
157.6	5.188389	10.086588	15.274977	20.702821
157.7	7.106331	8.168624	15.274955	20.754622
157.8	9.419296	5.855635	15.274930	20.867199
157.9	8.760213	6.514726	15.274939	21.035407
158	6.324032	8.950935	15.274967	21.242818
158.1	5.935778	9.339194	15.274972	21.463394
158.2	8.340432	6.934515	15.274947	21.666520
158.3	10.030567	5.244360	15.274928	21.824234
158.4	8.306009	6.968934	15.274943	21.918488
158.5	5.296342	9.978630	15.274972	21.946005
158.6	5.126008	10.148967	15.274975	21.918923
158.7	8.155359	7.119588	15.274947	21.860750
158.8	10.427084	4.847843	15.274926	21.798764
158.9	9.125811	6.149131	15.274942	21.755371
159	6.374863	8.900106	15.274970	21.741389
159.1	6.064891	9.210079	15.274970	21.753714
159.2	8.295749	6.979195	15.274944	21.778293
159.3	9.391143	5.883787	15.274930	21.797428
159.4	7.454367	7.820584	15.274951	21.798747
159.5	5.389355	9.885622	15.274977	21.782380
159.6	6.792787	8.482181	15.274968	21.763373
159.7	10.415877	4.859057	15.274933	21.767944
159.8	11.340715	3.934205	15.274920	21.824474
159.9	7.729299	7.545650	15.274950	21.952142
160	3.815614	11.459370	15.274985	22.151321
160.1	4.555531	10.719446	15.274978	22.399530
160.2	8.926032	6.348905	15.274937	22.655051
160.3	11.162279	4.112638	15.274917	22.867753
160.4	8.539454	6.735492	15.274946	22.994065
160.5	5.106616	10.168367	15.274983	23.011309
160.6	6.043677	9.231298	15.274976	22.926520
160.7	10.243307	5.031625	15.274932	22.776377
160.8	11.514296	3.760616	15.274912	22.617692
160.9	7.148481	8.126466	15.274947	22.510996
161	2.186773	13.088221	15.274994	22.502186
161.1	3.123700	12.151288	15.274988	22.607984
161.2	9.147227	6.127709	15.274935	22.809933
161.3	12.806734	2.468170	15.274904	23.059007
161.4	9.612971	5.661963	15.274935	23.289514
161.5	3.938723	11.336264	15.274988	23.438034
161.6	3.263699	12.011294	15.274993	23.461514
161.7	8.323902	6.951042	15.274944	23.348956
161.8	12.269225	3.005682	15.274907	23.123286
161.9	9.903849	5.371082	15.274931	22.833173
162	4.581092	10.693890	15.274983	22.537785
162.1	3.543304	11.731688	15.274992	22.289604
162.2	8.100169	7.174778	15.274947	22.120801
162.3	11.944446	3.330463	15.274909	22.037212
162.4	9.807020	5.467910	15.274930	22.021216
162.5	4.634292	10.640689	15.274981	22.041758
162.6	3.539085	11.735907	15.274992	22.067465
162.7	8.075872	7.199076	15.274948	22.078012
162.8	12.105844	3.169065	15.274909	22.069817
162.9	10.168509	5.106420	15.274929	22.054460
163	4.954907	10.320073	15.274980	22.050931
163.1	3.673016	11.601978	15.274993	22.075066
163.2	8.200880	7.074070	15.274950	22.130443
163.3	12.417762	2.857146	15.274908	22.204339
163.4	10.426769	4.848155	15.274925	22.270353
163.5	4.618047	10.656932	15.274979	22.296781
163.6	2.653097	12.621901	15.274999	22.257641
163.7	7.315880	7.959078	15.274957	22.142305
163.8	12.749297	2.525612	15.274909	21.960163
163.9	12.061838	3.213077	15.274916	21.738589
164	6.199740	9.075228	15.274968	21.514881
164.1	2.495797	12.779200	15.274997	21.325005
164.2	5.121747	10.153222	15.274968	21.193072
164.3	10.126829	5.148095	15.274923	21.125113
164.4	11.168167	4.106754	15.274921	21.109165
164.5	7.779036	7.495923	15.274959	21.121319
164.6	5.238647	10.036335	15.274982	21.135328
164.7	6.903708	8.371253	15.274961	21.132159
164.8	9.802848	5.472079	15.274927	21.106050
164.9	9.214487	6.060442	15.274929	21.065037
165	5.458647	9.816317	15.274964	21.026089
165.1	3.460495	11.814489	15.274984	21.006951
165.2	5.943527	9.331435	15.274961	21.018065
165.3	9.789719	5.485209	15.274929	21.057798
165.4	10.396105	4.878824	15.274929	21.112911
165.5	7.755956	7.519003	15.274959	21.164149
165.6	5.958268	9.316706	15.274974	21.194823
165.7	7.233779	8.041177	15.274956	21.198999
165.8	9.099258	6.175675	15.274933	21.185969
165.9	8.375847	6.899093	15.274940	21.178933
166	6.006206	9.268760	15.274966	21.207914
166.1	5.665910	9.609063	15.274973	21.299081
166.2	8.248459	7.026489	15.274948	21.464087
166.3	10.302842	4.972085	15.274927	21.693215
166.4	8.844068	6.430872	15.274940	21.955016
166.5	5.730678	9.544292	15.274971	22.203003
166.6	5.237974	10.037002	15.274976	22.387685
166.7	8.083174	7.191774	15.274948	22.470379
166.8	10.344958	4.929968	15.274926	22.434612
166.9	8.940053	6.334888	15.274941	22.291619
167	5.995362	9.279611	15.274972	22.078235
167.1	5.847872	9.427102	15.274974	21.847797
167.2	8.796870	6.478073	15.274943	21.656749
167.3	10.517025	4.757898	15.274923	21.550818
167.4	8.201791	7.073153	15.274944	21.554611
167.5	4.837016	10.437963	15.274979	21.667278
167.6	5.286150	9.988828	15.274978	21.865010
167.7	9.340562	5.934377	15.274939	22.109117
167.8	11.563957	3.710958	15.274915	22.356998
167.9	8.629654	6.645287	15.274941	22.572720
168	4.204902	11.070082	15.274984	22.734420
168.1	4.297750	10.977235	15.274985	22.836936
168.2	9.010570	6.264370	15.274940	22.889620
168.3	12.032480	3.242429	15.274909	22.910647
168.4	9.022601	6.252335	15.274936	22.919927
168.5	3.738723	11.536263	15.274986	22.932827
168.6	3.328728	11.946265	15.274993	22.956337
168.7	8.717625	6.557319	15.274944	22.988371
168.8	12.993386	2.281517	15.274903	23.019939
168.9	10.308031	4.966893	15.274924	23.039119
169	3.679772	11.595210	15.274982	23.035473
169.1	1.269147	14.005855	15.275002	23.003582
169.2	5.906668	9.368291	15.274959	22.944823
169.3	11.623206	3.651705	15.274911	22.867045
169.4	11.618496	3.656423	15.274919	22.782367
169.5	6.952974	8.321995	15.274969	22.703771
169.6	4.534037	10.740954	15.274991	22.641387
169.7	7.488200	7.786757	15.274957	22.599427
169.8	11.100760	4.174156	15.274916	22.574581
169.9	9.665255	5.609671	15.274926	22.556386
170	4.650501	10.624474	15.274975	22.529631
170.1	2.885182	12.389814	15.274995	22.478392
170.2	7.190412	8.084545	15.274958	22.390802
170.3	12.280075	2.994837	15.274911	22.263348
170.4	11.643400	3.631518	15.274918	22.103449
170.5	6.204316	9.070652	15.274969	21.929350
170.6	3.093229	12.181768	15.274996	21.766980
170.7	6.186395	9.088569	15.274965	21.644274
170.8	11.107657	4.167261	15.274918	21.584224
170.9	11.277309	3.997609	15.274918	21.598456
171	6.720779	8.554185	15.274964	21.683180
171.1	3.814773	11.460219	15.274992	21.818815
171.2	6.526719	8.748246	15.274965	21.973640
171.3	11.096705	4.178215	15.274920	22.110667
171.4	11.236208	4.038711	15.274918	22.195961
171.5	6.648232	8.626729	15.274961	22.206179
171.6	3.369987	11.905004	15.274991	22.133289
171.7	5.651402	9.623567	15.274969	21.985311
171.8	10.397273	4.877653	15.274926	21.783095
171.9	11.464244	3.810675	15.274918	21.554364
172	7.767806	7.507149	15.274954	21.326976
172.1	4.356887	10.918097	15.274984	21.123449
172.2	5.431394	9.843576	15.274969	20.958151
172.3	8.989122	6.285811	15.274934	20.837492
172.4	10.044906	5.230020	15.274926	20.762351
172.5	7.511915	7.763040	15.274954	20.731199
172.6	5.266350	10.008627	15.274976	20.742311
172.7	6.398737	8.876225	15.274962	20.794052
172.8	8.983577	6.291357	15.274934	20.883217
172.9	9.108075	6.166857	15.274933	21.002463
173	6.540670	8.734289	15.274959	21.138459
173.1	4.958651	10.316324	15.274975	21.272257
173.2	6.618602	8.656356	15.274958	21.382579
173.3	9.199750	6.075183	15.274934	21.451427
173.4	9.252171	6.022765	15.274937	21.470290
173.5	7.167849	8.107113	15.274962	21.444567
173.6	6.482104	8.792868	15.274972	21.394145
173.7	8.538750	6.736200	15.274950	21.349188
173.8	10.299028	4.975900	15.274928	21.341890
173.9	8.636647	6.638292	15.274938	21.396517
174	5.089216	10.185754	15.274970	21.520964
174.1	4.135455	11.139524	15.274980	21.702863
174.2	7.134556	8.140397	15.274953	21.911951
174.3	10.356673	4.918254	15.274926	22.108357
174.4	9.987183	5.287752	15.274935	22.254423
174.5	7.210593	8.064372	15.274966	22.326263
174.6	6.276699	8.998275	15.274974	22.321182
174.7	8.313046	6.961902	15.274948	22.258329
174.8	9.743790	5.531137	15.274927	22.172159
174.9	7.698865	7.576080	15.274944	22.100806
175	4.672585	10.602393	15.274978	22.073288
175.1	5.385482	9.889497	15.274979	22.099987
175.2	9.825994	5.448945	15.274939	22.169832
175.3	12.421746	2.853166	15.274911	22.255330
175.4	9.259101	6.015835	15.274936	22.323793
175.5	3.823872	11.451112	15.274984	22.350854
175.6	2.984398	12.290596	15.274993	22.331375
175.7	7.980578	7.294370	15.274948	22.283589
175.8	12.457585	2.817322	15.274907	22.244579
175.9	10.617228	4.657696	15.274925	22.258186
176	4.908029	10.366950	15.274978	22.359211
176.1	2.885852	12.389145	15.274997	22.559244
176.2	7.192757	8.082199	15.274955	22.839179
176.3	11.981743	3.293166	15.274909	23.151389
176.4	10.693138	4.581782	15.274920	23.431387
176.5	4.880430	10.394544	15.274974	23.615620
176.6	2.231650	13.043350	15.275000	23.659905
176.7	6.332335	8.942627	15.274962	23.552649
176.8	11.833423	3.441488	15.274911	23.318627
176.9	11.521297	3.753618	15.274914	23.012063
177	5.872108	9.402859	15.274967	22.701182
177.1	2.361868	12.913132	15.274999	22.449097
177.2	5.531335	9.743634	15.274969	22.296955
177.3	11.108293	4.166625	15.274918	22.254402
177.4	11.902498	3.372416	15.274914	22.299909
177.5	7.372451	7.902510	15.274961	22.390300
177.6	4.033703	11.241290	15.274993	22.475864
177.7	6.414190	8.860778	15.274967	22.515926
177.8	10.956986	4.317934	15.274920	22.489880
177.9	11.047879	4.227038	15.274917	22.400590
178	6.167186	9.107775	15.274962	22.269803
178.1	2.682434	12.592561	15.274995	22.127964
178.2	5.272293	10.002679	15.274972	22.002525
178.3	10.655606	4.619318	15.274923	21.909022
178.4	12.040061	3.234853	15.274915	21.847836
178.5	8.144979	7.129976	15.274955	21.807248
178.6	4.623085	10.651904	15.274988	21.770995
178.7	6.187855	9.087116	15.274970	21.726947
178.8	10.293184	4.981743	15.274927	21.673269
178.9	10.852391	4.422528	15.274918	21.619590
179	6.721237	8.553721	15.274957	21.582742
179.1	3.331203	11.943787	15.274990	21.578824
179.2	5.345802	9.929171	15.274973	21.614809
179.3	10.372053	4.902875	15.274929	21.683138
179.4	12.138195	3.136721	15.274915	21.761651
179.5	8.683216	6.591732	15.274948	21.819197
179.6	4.596294	10.678688	15.274982	21.825144
179.7	4.693224	10.581750	15.274974	21.759500
179.8	7.954372	7.320568	15.274940	21.620062
179.9	9.623649	5.651279	15.274928	21.424026
180	7.950156	7.324795	15.274951	21.203430
180.1	6.101386	9.173586	15.274973	20.995963
180.2	7.066471	8.208490	15.274961	20.834286
180.3	9.217938	6.056996	15.274934	20.737463
180.4	8.867280	6.407653	15.274933	20.707315
180.5	5.931229	9.343733	15.274962	20.730672
180.6	4.377050	10.897929	15.274979	20.786422
180.7	6.651502	8.623458	15.274960	20.854554
180.8	10.004592	5.270336	15.274929	20.923797
180.9	10.080652	5.194277	15.274929	20.995030
181	6.897200	8.377761	15.274960	21.079317
181.1	4.849717	10.425263	15.274980	21.191404
181.2	6.669281	8.605680	15.274961	21.341252
181.3	9.731600	5.543330	15.274931	21.526917
181.4	9.839678	5.435254	15.274932	21.731660
181.5	7.121063	8.153898	15.274962	21.926662
181.6	5.720857	9.554120	15.274977	22.078721
181.7	7.752498	7.522457	15.274955	22.160518
181.8	10.152192	5.122735	15.274927	22.160021
181.9	9.039605	6.235329	15.274934	22.085809
182	5.478632	9.796337	15.274969	21.966345
182.1	4.310607	10.964375	15.274982	21.843166
182.2	7.408239	7.866715	15.274954	21.759904
182.3	10.802046	4.472876	15.274922	21.750365
182.4	10.008384	5.266547	15.274931	21.829183
182.5	6.340914	8.934056	15.274970	21.987761
182.6	5.231350	10.043634	15.274984	22.196599
182.7	8.556225	6.718726	15.274951	22.413240
182.8	11.637227	3.637688	15.274915	22.593458
182.9	9.520319	5.754610	15.274929	22.702579
183	4.195878	11.079099	15.274978	22.723895
183.1	2.541356	12.733640	15.274997	22.662166
183.2	7.184666	8.090292	15.274957	22.541623
183.3	12.539926	2.734984	15.274909	22.399372
183.4	11.813866	3.461050	15.274916	22.276193
183.5	5.985396	9.289574	15.274970	22.207145
183.6	2.668731	12.606269	15.275000	22.214218
183.7	6.079168	9.195798	15.274966	22.302477
183.8	11.399631	3.875282	15.274913	22.460208
183.9	11.213936	4.060977	15.274913	22.662585
184	5.536225	9.738742	15.274967	22.877683
184.1	1.962332	13.312671	15.275003	23.073313
184.2	5.565382	9.709590	15.274972	23.223162
184.3	11.959344	3.315570	15.274913	23.311054
184.4	12.884100	2.390804	15.274904	23.332623
184.5	7.019925	8.255031	15.274956	23.294312
184.6	1.741111	13.533891	15.275002	23.210157
184.7	3.531907	11.743076	15.274983	23.097273
184.8	9.752548	5.522379	15.274927	22.971247
184.9	12.449640	2.825267	15.274907	22.842613
185	8.832750	6.442197	15.274947	22.715325
185.1	4.463185	10.811804	15.274990	22.587599
185.2	5.323245	9.951733	15.274978	22.454795
185.3	9.805444	5.469487	15.274931	22.313393
185.4	11.327029	3.947886	15.274915	22.164670
185.5	7.620227	7.654724	15.274951	22.016719
185.6	3.847602	11.427388	15.274990	21.883860
185.7	5.396303	9.878674	15.274976	21.783344
185.8	10.354320	4.920609	15.274929	21.730154
185.9	11.994090	3.280822	15.274911	21.731504
186	7.875612	7.399336	15.274948	21.782912
186.1	3.218291	12.056700	15.274991	21.867387
186.2	4.025456	11.249527	15.274983	21.958415
186.3	9.242455	6.032481	15.274937	22.026180
186.4	12.333458	2.941455	15.274913	22.045368
186.5	9.891374	5.383566	15.274940	22.002217
186.6	5.705098	9.569881	15.274979	21.898617
186.7	5.233661	10.041317	15.274978	21.751823
186.8	8.365097	6.909845	15.274942	21.589769
186.9	10.139905	5.135018	15.274923	21.443304
187	7.907872	7.367074	15.274946	21.337736
187.1	4.846781	10.428196	15.274977	21.286246
187.2	5.281164	9.993809	15.274973	21.287134
187.3	8.647988	6.626953	15.274941	21.325580
187.4	10.457806	4.817120	15.274926	21.379081
187.5	8.591208	6.683739	15.274947	21.424584
187.6	5.994829	9.280144	15.274973	21.444849
187.7	6.229242	9.045724	15.274966	21.432046
187.8	8.430831	6.844108	15.274939	21.387711
187.9	8.828808	6.446124	15.274932	21.319610
188	6.457631	8.817326	15.274956	21.237211
188.1	4.735354	10.539624	15.274977	21.147892
188.2	6.556232	8.718731	15.274963	21.055574
188.3	9.901583	5.373349	15.274932	20.962307
188.4	10.372008	4.902918	15.274927	20.871930
188.5	7.261743	8.013213	15.274956	20.793867
188.6	4.653294	10.621685	15.274979	20.744802
188.7	5.879302	9.395664	15.274966	20.746704
188.8	9.015771	6.259163	15.274934	20.821073
188.9	9.697004	5.577926	15.274930	20.980950
189	7.289733	7.985224	15.274958	21.223505
189.1	5.708200	9.566778	15.274978	21.526239
189.2	7.683216	7.591744	15.274959	21.848975
189.3	10.621425	4.653502	15.274927	22.141944
189.4	10.099186	5.175742	15.274928	22.358110
189.5	6.254088	9.020875	15.274963	22.466142
189.6	3.988788	11.286197	15.274985	22.459864
189.7	6.369673	8.905290	15.274963	22.360816
189.8	10.268482	5.006444	15.274926	22.212653
189.9	10.489273	4.785652	15.274925	22.068746
190	6.890834	8.384127	15.274961	21.976681
190.1	4.620290	10.654695	15.274985	21.964548
190.2	6.951379	8.323582	15.274962	22.033457
190.3	10.610384	4.664540	15.274923	22.158760
190.4	10.276762	4.998163	15.274925	22.299603
190.5	6.199923	9.075043	15.274966	22.413598
190.6	4.194264	11.080726	15.274991	22.471662
190.7	7.584126	7.690834	15.274961	22.467954
190.8	12.091479	3.183435	15.274914	22.421497
190.9	11.171399	4.103516	15.274915	22.368922
191	5.063218	10.211749	15.274967	22.350843
191.1	1.186619	14.088385	15.275004	22.396626
191.2	4.725860	10.549116	15.274976	22.512917
191.3	11.620347	3.654570	15.274917	22.680072
191.4	13.482733	1.792169	15.274902	22.857881
191.5	8.294456	6.980495	15.274951	22.998807
191.6	2.896298	12.378700	15.274998	23.064256
191.7	3.989546	11.285438	15.274983	23.038304
191.8	9.519661	5.755267	15.274928	22.934083
191.9	11.731717	3.543190	15.274907	22.790456
192	7.636978	7.637970	15.274947	22.659903
192.1	2.886954	12.388040	15.274994	22.591530
192.2	4.041519	11.233465	15.274984	22.614753
192.3	9.747640	5.527292	15.274932	22.729046
192.4	12.612630	2.662276	15.274907	22.903112
192.5	9.083825	6.191116	15.274941	23.083738
192.6	4.026389	11.248599	15.274988	23.211458
192.7	4.044275	11.230710	15.274985	23.237958
192.8	8.731480	6.543459	15.274938	23.139786
192.9	11.552910	3.722003	15.274913	22.924260
193	8.860383	6.414559	15.274942	22.626130
193.1	4.701114	10.573870	15.274984	22.296591
193.2	5.070939	10.204043	15.274982	21.988555
193.3	9.639641	5.635297	15.274938	21.743016
193.4	12.198879	3.076032	15.274912	21.580583
193.5	9.084214	6.190725	15.274939	21.500221
193.6	4.107306	11.167677	15.274983	21.484617
193.7	3.469811	11.805175	15.274986	21.509448
193.8	7.672717	7.602230	15.274947	21.552765
193.9	11.189272	4.085646	15.274918	21.601109
194	9.950752	5.324184	15.274936	21.650590
194.1	6.377465	8.897507	15.274972	21.703252
194.2	5.531622	9.743355	15.274977	21.760940
194.3	8.156721	7.118226	15.274947	21.819727
194.4	10.131093	5.143833	15.274927	21.867591
194.5	8.580269	6.694674	15.274943	21.886601
194.6	5.825129	9.449843	15.274972	21.858917
194.7	5.833442	9.441529	15.274971	21.774279
194.8	8.499364	6.775578	15.274943	21.635911
194.9	9.878612	5.396315	15.274928	21.462246
195	7.870244	7.404703	15.274947	21.283359
195.1	5.187175	10.087798	15.274973	21.132952
195.2	5.476914	9.798056	15.274969	21.038452
195.3	8.209925	7.065017	15.274942	21.012572
195.4	9.580120	5.694811	15.274931	21.049295
195.5	7.997735	7.277215	15.274951	21.125756
195.6	6.228406	9.046565	15.274972	21.209518
195.7	7.133074	8.141887	15.274961	21.268848
195.8	9.256376	6.018558	15.274934	21.282624
195.9	8.838413	6.436518	15.274931	21.246605
196	5.556653	9.718308	15.274961	21.174111
196.1	3.630440	11.644544	15.274984	21.091034
196.2	6.213713	9.061253	15.274966	21.027033
196.3	10.673792	4.601135	15.274927	21.005977
196.4	11.625611	3.649309	15.274920	21.038855
196.5	7.997866	7.277088	15.274953	21.121395
196.6	4.546648	10.728336	15.274984	21.236974
196.7	5.562837	9.712134	15.274971	21.363539
196.8	9.226852	6.048081	15.274933	21.481946
196.9	10.306104	4.968820	15.274924	21.582724
197	7.462906	7.812049	15.274955	21.668913
197.1	5.042483	10.232499	15.274982	21.754056
197.2	6.834840	8.440126	15.274966	21.856121
197.3	10.533892	4.741035	15.274928	21.989523
197.4	10.792831	4.482091	15.274922	22.158029
197.5	6.799515	8.475443	15.274958	22.351024
197.6	3.744496	11.530493	15.274989	22.544502
197.7	5.814939	9.460030	15.274969	22.706592
197.8	10.254940	5.019985	15.274925	22.806048
197.9	10.938958	4.335959	15.274918	22.821201
198	6.861935	8.413024	15.274959	22.746782
198.1	3.815330	11.459663	15.274993	22.596679
198.2	6.538877	8.736094	15.274971	22.401857
198.3	11.864498	3.410421	15.274919	22.204007
198.4	12.522586	2.752321	15.274908	22.046556
198.5	6.942631	8.332325	15.274955	21.965278
198.6	1.850008	13.424994	15.275001	21.980712
198.7	3.729140	11.545845	15.274985	22.094037
198.8	10.228776	5.046150	15.274926	22.287198
198.9	13.041621	2.233280	15.274901	22.527075
199	8.680240	6.594702	15.274943	22.772645
199.1	2.968028	12.306967	15.274995	22.983530
199.2	3.304234	11.970756	15.274990	23.128119
199.3	8.979946	6.294989	15.274935	23.189572
199.4	12.349198	2.925708	15.274905	23.168523
199.5	9.122755	6.152184	15.274938	23.081954
199.6	3.948812	11.326177	15.274989	22.958533
199.7	3.935898	11.339090	15.274988	22.831469
199.8	9.001843	6.273094	15.274938	22.730533
199.9	12.061441	3.213466	15.274906	22.675121
200	8.693664	6.581272	15.274937	22.670050
