1.000000
5.000000
2166.700000
2892.500000
3324.500000
3801.400000
4785.700000
6804.700000
6957.200000
7050.900000
7144.700000
10240.700000
11084.100000
11141.800000
11442.900000
11444.100000
12108.300000
13361.800000
13572.200000
13890.000000
14317.600000
16098.000000
16108.900000
16138.900000
16348.700000
17532.700000
18071.700000
18148.600000
22205.100000
23589.300000
24060.400000
25011.300000
25692.500000
26991.700000
27269.700000
29084.900000
29780.000000
35414.400000
38251.900000
38329.100000
41500.600000
41856.300000
42499.600000
44379.100000
44410.500000
44423.700000
44678.900000
46310.100000
47805.800000
49301.000000
51069.700000
52774.700000
53125.200000
54074.600000
54696.700000
56201.900000
58960.200000
59102.400000
60975.400000
61676.300000
66647.100000
68487.500000
71004.400000
72317.100000
72334.400000
72443.500000
75354.700000
78541.500000
78763.400000
78807.900000
82281.300000
83523.300000
84068.200000
84076.500000
84164.900000
84694.600000
84937.700000
85355.300000
86747.500000
88723.800000
89303.900000
91628.100000
93138.600000
93863.700000
95851.800000
96115.200000
96194.500000
96729.000000
99961.500000
100547.100000
101182.400000
101484.400000
104486.100000
105907.200000
106198.800000
106912.200000
108515.600000
110616.600000
112000.700000
113965.200000
114337.700000
114759.200000
115297.000000
115432.600000
115449.800000
116329.500000
116723.700000
117112.500000
117941.200000
118128.300000
