0.974000
4.985000
2166.675000
2892.487000
3324.459000
3800.106000
3801.378000
4785.691000
6804.619000
6957.116000
7050.885000
7144.686000
7607.842000
10240.606000
11084.012000
11141.757000
11442.895000
11444.073000
12108.262000
13361.721000
13481.747000
13572.146000
13889.946000
14317.598000
14997.305000
16097.994000
16108.874000
16138.807000
16348.665000
17532.695000
18071.668000
18148.580000
18417.919000
18698.481000
22205.064000
23062.154000
23362.143000
23589.262000
24060.389000
25011.214000
25692.435000
26991.673000
27269.642000
29084.892000
29779.958000
35414.373000
38251.884000
38329.048000
40021.712000
40235.713000
41018.729000
41500.564000
41856.205000
42379.514000
42499.582000
44379.040000
44410.490000
44423.673000
44678.845000
46310.095000
46521.619000
47417.828000
47805.721000
49300.958000
51069.615000
52774.679000
53125.111000
53913.956000
54074.570000
54696.647000
56201.882000
58960.158000
59102.338000
60975.365000
61676.266000
62224.950000
63731.810000
66647.047000
68487.485000
69873.892000
71004.357000
71004.479000
72317.081000
72334.318000
72443.481000
72469.814000
75354.676000
78541.409000
78763.381000
78807.879000
80574.475000
81679.679000
82281.276000
83523.298000
83615.466000
84068.170000
84076.416000
84164.868000
84694.559000
84937.689000
85355.204000
86747.458000
88723.559000
88723.796000
89303.894000
89310.244000
91628.099000
93138.569000
93775.156000
93863.638000
95851.744000
96115.168000
96194.402000
96728.923000
96857.972000
99961.486000
100547.005000
101182.235000
101182.367000
101484.398000
103336.133000
104486.018000
105907.178000
106198.725000
106912.190000
107585.632000
108515.504000
110266.913000
110616.555000
112000.613000
113965.117000
114337.623000
114759.197000
115296.933000
115432.508000
115449.740000
116329.478000
116723.649000
117112.442000
117941.153000
118128.288000
118856.533000
119991.792000
