0.976000
4.991000
35.732000
355.931000
1588.429000
1730.735000
1920.328000
2577.223000
3263.973000
3264.087000
3322.294000
4231.967000
5092.767000
5262.583000
6564.969000
7027.556000
10833.919000
10924.157000
10936.012000
11378.438000
11782.071000
12556.316000
16909.573000
17133.571000
17678.466000
18778.652000
18779.861000
19142.332000
19672.828000
21419.009000
27615.884000
29639.498000
29744.907000
32764.207000
33592.897000
34169.289000
34857.474000
36257.220000
37239.104000
37896.523000
38468.922000
38736.446000
39285.438000
39539.429000
41896.401000
42703.676000
43914.410000
46869.101000
47443.334000
49545.454000
51409.917000
52675.411000
53547.475000
53584.133000
54468.189000
54475.014000
54515.103000
56035.405000
57503.325000
57646.600000
57919.323000
58850.070000
61160.519000
65133.576000
65648.501000
66238.256000
66635.256000
67389.358000
67432.731000
68605.772000
68725.427000
70140.146000
70638.638000
72288.099000
73889.824000
76002.734000
76457.609000
76984.713000
76998.099000
78021.062000
78022.207000
78312.768000
78821.052000
78941.954000
83266.197000
87616.173000
88716.616000
90453.586000
93373.592000
93696.550000
93841.942000
95465.646000
96898.273000
97480.695000
100028.920000
100192.458000
100488.887000
101171.068000
101308.709000
101496.660000
101647.914000
101729.454000
102063.746000
103476.930000
103937.181000
106233.196000
107431.660000
108673.186000
109255.084000
109918.273000
110039.222000
110991.376000
112980.072000
113097.445000
114541.004000
114621.960000
116318.067000
117285.958000
119040.422000
