1.000000
5.000000
35.800000
356.000000
1588.500000
1730.800000
1920.400000
2577.300000
3264.000000
3322.300000
4232.000000
5262.600000
6565.000000
7027.600000
10834.000000
10924.200000
10936.100000
11378.500000
16909.600000
17133.600000
17678.500000
18778.700000
18779.900000
19142.400000
19672.900000
29639.500000
29745.000000
33592.900000
34169.300000
34857.500000
37239.200000
37896.600000
38469.000000
38736.500000
39285.500000
39539.500000
41896.500000
47443.400000
51410.000000
52675.500000
53547.500000
53584.200000
54468.200000
56035.500000
57503.400000
57646.600000
57919.400000
65133.600000
65648.600000
66635.300000
68605.800000
68725.500000
70638.700000
72288.100000
76002.800000
76457.700000
76984.800000
76998.100000
78021.100000
78312.800000
78821.100000
78942.000000
83266.200000
87616.200000
88716.700000
93373.600000
93696.600000
96898.300000
97480.700000
100029.000000
100192.500000
100488.900000
101171.100000
101308.800000
101496.700000
101648.000000
101729.500000
102063.800000
103477.000000
106233.200000
108673.200000
109255.100000
109918.300000
110039.300000
110991.400000
112980.100000
113097.500000
114622.000000
116318.100000
117286.000000
119040.500000
